respondent_id,h1n1_vaccine,seasonal_vaccine,xyz_vaccine
26707,0.13036544316784301,0.5183549674801503,0.13036544316784301
26708,0.0472759224457511,0.13003666986059706,0.0472759224457511
26709,0.2962493613059631,0.4493914297531286,0.2962493613059631
26710,0.6493489314943225,0.8775708478512155,0.6493489314943225
26711,0.20021717412726414,0.7718188935428475,0.20021717412726414
26712,0.24727952999714722,0.916834301194636,0.24727952999714722
26713,0.3189418290109998,0.27316368737504493,0.3189418290109998
26714,0.09363579033156431,0.2895786356320839,0.09363579033156431
26715,0.04680980708315762,0.28177764151185847,0.04680980708315762
26716,0.09693367424515531,0.7578088626042087,0.09693367424515531
26717,0.016011550996281227,0.4406873880866209,0.016011550996281227
26718,0.34362087087296234,0.7987172562529713,0.34362087087296234
26719,0.082520212291014,0.8358346976664057,0.082520212291014
26720,0.08296832265126576,0.14369062679563413,0.08296832265126576
26721,0.28461254306167033,0.19576035290025667,0.28461254306167033
26722,0.027212179718941312,0.03911767459432111,0.027212179718941312
26723,0.5446634603743208,0.6719171470343861,0.5446634603743208
26724,0.06933474898684501,0.5450605612811603,0.06933474898684501
26725,0.021387121328858425,0.029786399995055227,0.021387121328858425
26726,0.024489949210354914,0.04876523170006866,0.024489949210354914
26727,0.17279852728000403,0.5940082307453691,0.17279852728000403
26728,0.23685866974111025,0.5881158463712194,0.23685866974111025
26729,0.1954836810774262,0.6093526390247708,0.1954836810774262
26730,0.03421708357944636,0.3413005044106108,0.03421708357944636
26731,0.025132943377075823,0.3833764030760926,0.025132943377075823
26732,0.3113985860341489,0.24783728216164758,0.3113985860341489
26733,0.6008780698445367,0.7825139260208562,0.6008780698445367
26734,0.780625551141576,0.18756915949648645,0.780625551141576
26735,0.07861032275988639,0.4481170859044538,0.07861032275988639
26736,0.11382524679662712,0.29639309897008986,0.11382524679662712
26737,0.12224507885915897,0.22531973763482588,0.12224507885915897
26738,0.6043132849993617,0.6212447498276412,0.6043132849993617
26739,0.18537827411887445,0.4094059768136148,0.18537827411887445
26740,0.0990528892415288,0.1258962907331436,0.0990528892415288
26741,0.15845639082548685,0.8159033565818807,0.15845639082548685
26742,0.13923856890364233,0.43675623166172556,0.13923856890364233
26743,0.08002713494887402,0.5925680203472259,0.08002713494887402
26744,0.12062497222745705,0.7069379129444134,0.12062497222745705
26745,0.2140032706207688,0.8272425752860953,0.2140032706207688
26746,0.0902134703224123,0.3749253044980401,0.0902134703224123
26747,0.02824751277508755,0.21751039462706412,0.02824751277508755
26748,0.07088618541775726,0.044848538872807896,0.07088618541775726
26749,0.07765212655266494,0.32011248782605767,0.07765212655266494
26750,0.5963747980060332,0.7797912429520345,0.5963747980060332
26751,0.2359337245837637,0.7233708346301752,0.2359337245837637
26752,0.03232197318916225,0.13318670812755143,0.03232197318916225
26753,0.15130301145227829,0.5469900308367894,0.15130301145227829
26754,0.23632085926683707,0.4221825533866339,0.23632085926683707
26755,0.18426671274692955,0.6747492595366349,0.18426671274692955
26756,0.068118435963996,0.22664890812453872,0.068118435963996
26757,0.554371191325571,0.3877368573810024,0.554371191325571
26758,0.5461577945223175,0.7023711629605278,0.5461577945223175
26759,0.0972845728183715,0.39297424681938187,0.0972845728183715
26760,0.027640549211935695,0.04063129336497298,0.027640549211935695
26761,0.21093313950721237,0.26105036798412246,0.21093313950721237
26762,0.08078909826638593,0.750121994556624,0.08078909826638593
26763,0.7676290704379908,0.9390630882962525,0.7676290704379908
26764,0.8989579001792883,0.9527837443967714,0.8989579001792883
26765,0.14565181779460795,0.7733806973357984,0.14565181779460795
26766,0.28410624504029336,0.3730205932832766,0.28410624504029336
26767,0.848586215625666,0.7866790221582552,0.848586215625666
26768,0.031306723244493496,0.35135599025442094,0.031306723244493496
26769,0.07249506300825426,0.10310667550941326,0.07249506300825426
26770,0.12421789851269724,0.3020647533748258,0.12421789851269724
26771,0.09833020615562549,0.0979724983135944,0.09833020615562549
26772,0.14366373084072895,0.646791604987346,0.14366373084072895
26773,0.05165492193231044,0.29613030060371287,0.05165492193231044
26774,0.027338809576661346,0.35464313217205645,0.027338809576661346
26775,0.05672011179535892,0.5600612152774284,0.05672011179535892
26776,0.5094408445126354,0.28175074441372994,0.5094408445126354
26777,0.07117839897977433,0.6048511922950311,0.07117839897977433
26778,0.12243784761440865,0.19580000413945692,0.12243784761440865
26779,0.21839024662176987,0.70541573230788,0.21839024662176987
26780,0.18083003374034645,0.8142964896651924,0.18083003374034645
26781,0.05004168028300129,0.47521997619140327,0.05004168028300129
26782,0.051550350791105884,0.599620824158658,0.051550350791105884
26783,0.030151363010395768,0.21817128761849364,0.030151363010395768
26784,0.2938573803454211,0.8922970289960039,0.2938573803454211
26785,0.5062776803901883,0.4946387375283996,0.5062776803901883
26786,0.1288738159683006,0.3836095040504582,0.1288738159683006
26787,0.08310959410488906,0.2663250352262463,0.08310959410488906
26788,0.08654885891640081,0.701120792886096,0.08654885891640081
26789,0.0341397764772619,0.15024428598439357,0.0341397764772619
26790,0.04347626364676958,0.271873964484818,0.04347626364676958
26791,0.08760991531911938,0.21435419964532373,0.08760991531911938
26792,0.15635785888871812,0.8768417259083789,0.15635785888871812
26793,0.10390800069066312,0.787837429700275,0.10390800069066312
26794,0.6487308232256059,0.7346134056117541,0.6487308232256059
26795,0.04648211087532466,0.9511448102359853,0.04648211087532466
26796,0.06602573976739214,0.15262077850927905,0.06602573976739214
26797,0.26762401693513754,0.5637479005133539,0.26762401693513754
26798,0.18692522209160564,0.08331883476517926,0.18692522209160564
26799,0.20888864971040227,0.23838578755467152,0.20888864971040227
26800,0.0555043038775312,0.7719478985534329,0.0555043038775312
26801,0.24678695714343726,0.1615400904298111,0.24678695714343726
26802,0.06450205788133627,0.16812226985150655,0.06450205788133627
26803,0.05721227795271931,0.1378184579075348,0.05721227795271931
26804,0.20589704705581666,0.19949885038142529,0.20589704705581666
26805,0.053445448610174015,0.49758727015733784,0.053445448610174015
26806,0.05594495457462812,0.6464439475052562,0.05594495457462812
26807,0.3038801446830841,0.8959735599235363,0.3038801446830841
26808,0.1176431241958002,0.4829175893076571,0.1176431241958002
26809,0.6651499893881937,0.19407264499521903,0.6651499893881937
26810,0.09969281912386412,0.2406318719953708,0.09969281912386412
26811,0.06383744233343319,0.05686302989904085,0.06383744233343319
26812,0.07639723810896736,0.34519538831122437,0.07639723810896736
26813,0.48937842234740825,0.0881205849448943,0.48937842234740825
26814,0.02758222093150955,0.4090699481170268,0.02758222093150955
26815,0.045804488083340006,0.14786928128926702,0.045804488083340006
26816,0.019965200713503235,0.14701299379209545,0.019965200713503235
26817,0.08418163385354849,0.6646650328070867,0.08418163385354849
26818,0.07887689512466048,0.6398456006440356,0.07887689512466048
26819,0.40541030300251785,0.4422741944779453,0.40541030300251785
26820,0.06672522265043322,0.22457523551451652,0.06672522265043322
26821,0.05167761732598848,0.3455231005372793,0.05167761732598848
26822,0.16573761746225726,0.4882755926816382,0.16573761746225726
26823,0.48261249373129,0.2694548511438109,0.48261249373129
26824,0.0600889953082148,0.4121947112725491,0.0600889953082148
26825,0.39686867660441283,0.5631810045716195,0.39686867660441283
26826,0.08974869546218747,0.7696312066996471,0.08974869546218747
26827,0.06524748787486602,0.15527914563684977,0.06524748787486602
26828,0.15823003066624036,0.536681071148178,0.15823003066624036
26829,0.6433094224287171,0.7259000924425025,0.6433094224287171
26830,0.03943439138138322,0.5371102755261848,0.03943439138138322
26831,0.14186932337552519,0.7615736348789519,0.14186932337552519
26832,0.1682038997028564,0.6044543794245252,0.1682038997028564
26833,0.008513709317008285,0.20767186533686535,0.008513709317008285
26834,0.2278589555114939,0.659391577955458,0.2278589555114939
26835,0.3306896518524541,0.8152381243908026,0.3306896518524541
26836,0.14010874599277637,0.5076103703275126,0.14010874599277637
26837,0.1817930199031415,0.12482031954620115,0.1817930199031415
26838,0.12035308592496696,0.481219713274922,0.12035308592496696
26839,0.34526298121306587,0.6482125386851452,0.34526298121306587
26840,0.19839542267272134,0.3030299394229083,0.19839542267272134
26841,0.3323682752230248,0.7038448796205623,0.3323682752230248
26842,0.08788743789973599,0.3530296870727073,0.08788743789973599
26843,0.022900514665003112,0.036210646908194664,0.022900514665003112
26844,0.01560047486924636,0.4364058037001051,0.01560047486924636
26845,0.1870946289537377,0.4380905300094598,0.1870946289537377
26846,0.021568632812799436,0.598122408016151,0.021568632812799436
26847,0.28682112564977935,0.06768181094581965,0.28682112564977935
26848,0.05461969644790483,0.5523964539411581,0.05461969644790483
26849,0.11607963839437782,0.662152396053078,0.11607963839437782
26850,0.657680778399089,0.6966726814383236,0.657680778399089
26851,0.1720792537144114,0.2685899456889547,0.1720792537144114
26852,0.038806778325429225,0.07568783452144318,0.038806778325429225
26853,0.4352227665047348,0.6189981788484505,0.4352227665047348
26854,0.035753763322725195,0.05830507261741137,0.035753763322725195
26855,0.47785178418868735,0.7934769407108193,0.47785178418868735
26856,0.13803387638212428,0.042437174807991314,0.13803387638212428
26857,0.38822254842917436,0.17611157186739174,0.38822254842917436
26858,0.11626681610173131,0.5884681802344465,0.11626681610173131
26859,0.05007516667459784,0.1046565304677732,0.05007516667459784
26860,0.2536153848402615,0.10732161781724778,0.2536153848402615
26861,0.045889582967580375,0.20575380160035156,0.045889582967580375
26862,0.03726896985939058,0.2028721725771752,0.03726896985939058
26863,0.155893036054082,0.2835158133689731,0.155893036054082
26864,0.5178278413488925,0.596169537618561,0.5178278413488925
26865,0.06264808692830819,0.14554447870978948,0.06264808692830819
26866,0.30057303056565426,0.7940410845733668,0.30057303056565426
26867,0.22518213932216732,0.3392332221355285,0.22518213932216732
26868,0.46643659566473694,0.740121605333315,0.46643659566473694
26869,0.07615184659145348,0.5779393877870117,0.07615184659145348
26870,0.4701265605984737,0.7072288477337512,0.4701265605984737
26871,0.05846828991740638,0.04159863495366714,0.05846828991740638
26872,0.04506899326216951,0.16319251584405678,0.04506899326216951
26873,0.19493165396482787,0.8445416075420277,0.19493165396482787
26874,0.0785188005825451,0.1837204416597608,0.0785188005825451
26875,0.5942928724009268,0.9057170944162374,0.5942928724009268
26876,0.05458007931998505,0.0419932299751259,0.05458007931998505
26877,0.029964335290617563,0.01796672984645664,0.029964335290617563
26878,0.306821995210917,0.4065722928101197,0.306821995210917
26879,0.024728034730502887,0.10183056141609098,0.024728034730502887
26880,0.11917837056109817,0.5571391577337227,0.11917837056109817
26881,0.02635465932139457,0.1767235864036289,0.02635465932139457
26882,0.017618630103441228,0.10601757026195835,0.017618630103441228
26883,0.06350531640617295,0.4478380079194183,0.06350531640617295
26884,0.053189569223139194,0.23320551811145981,0.053189569223139194
26885,0.044234314582577386,0.7473485215089113,0.044234314582577386
26886,0.057503447128379535,0.7484191614503999,0.057503447128379535
26887,0.6920533131874255,0.8481144488731868,0.6920533131874255
26888,0.6467886088689015,0.7042440086916579,0.6467886088689015
26889,0.1396621386290547,0.38944030884194836,0.1396621386290547
26890,0.03403870004435223,0.14093392116709402,0.03403870004435223
26891,0.23918418159915122,0.3497004639983128,0.23918418159915122
26892,0.05145752115945761,0.5464770717062439,0.05145752115945761
26893,0.042427870927835606,0.13906125649620404,0.042427870927835606
26894,0.08535787811642773,0.26710979739323476,0.08535787811642773
26895,0.046701248809596356,0.724365036587604,0.046701248809596356
26896,0.055950688445788536,0.11915738752640105,0.055950688445788536
26897,0.061058680444224855,0.7335291108762875,0.061058680444224855
26898,0.19269130044914728,0.6382993436537758,0.19269130044914728
26899,0.09855618747272522,0.06051904093102116,0.09855618747272522
26900,0.0811044275412287,0.17061571450343413,0.0811044275412287
26901,0.01067285532855638,0.21136859915863596,0.01067285532855638
26902,0.1113180919424748,0.8882805762325039,0.1113180919424748
26903,0.20130943956034966,0.11054901425397112,0.20130943956034966
26904,0.06652038974805066,0.4594712393477136,0.06652038974805066
26905,0.29046640773350535,0.518308727913312,0.29046640773350535
26906,0.07669437910628091,0.24086698927940553,0.07669437910628091
26907,0.012316374593553935,0.1786947790618627,0.012316374593553935
26908,0.1622038146474934,0.7616365609947436,0.1622038146474934
26909,0.258188445221893,0.5284121698994954,0.258188445221893
26910,0.0592029881314145,0.20393626919745717,0.0592029881314145
26911,0.03343330109991754,0.11098419353254876,0.03343330109991754
26912,0.3219125330426715,0.7686969840449714,0.3219125330426715
26913,0.7291953962846935,0.7057988230789763,0.7291953962846935
26914,0.14159648832747007,0.21281193226392492,0.14159648832747007
26915,0.12969103065065446,0.5547631150296658,0.12969103065065446
26916,0.05713939854310572,0.38619527182946567,0.05713939854310572
26917,0.048795382400075075,0.023432714802849183,0.048795382400075075
26918,0.5887607416739401,0.9105119523308496,0.5887607416739401
26919,0.16045336884526168,0.4512121167283793,0.16045336884526168
26920,0.031383270095262324,0.1690179613501918,0.031383270095262324
26921,0.12222259827273865,0.6992106488518914,0.12222259827273865
26922,0.13480396830360294,0.3889624455591843,0.13480396830360294
26923,0.1158257348921136,0.4458592494252168,0.1158257348921136
26924,0.5453955635407397,0.8851539374871762,0.5453955635407397
26925,0.02450974424702532,0.1757428076366647,0.02450974424702532
26926,0.7466081488621685,0.3376417165691252,0.7466081488621685
26927,0.44382197429453807,0.7500986640363776,0.44382197429453807
26928,0.12882558005223838,0.4622932870574221,0.12882558005223838
26929,0.05843673538206458,0.1768127654093537,0.05843673538206458
26930,0.7046215177647542,0.9038923526710657,0.7046215177647542
26931,0.04420997031441931,0.23147157436400836,0.04420997031441931
26932,0.08122828417146101,0.6780679666222628,0.08122828417146101
26933,0.09041506946574408,0.5886465764535834,0.09041506946574408
26934,0.2579222817506292,0.4403567668443062,0.2579222817506292
26935,0.0931114677938286,0.3029453322322941,0.0931114677938286
26936,0.576709005498546,0.47578015300186993,0.576709005498546
26937,0.14950521400601843,0.5441268679191947,0.14950521400601843
26938,0.11670124865238558,0.052367461417045444,0.11670124865238558
26939,0.08546951812387996,0.11453472063996288,0.08546951812387996
26940,0.26048348329713555,0.3190026132927818,0.26048348329713555
26941,0.03599454157622742,0.36542208317671143,0.03599454157622742
26942,0.7058254321688292,0.7391760508050425,0.7058254321688292
26943,0.28973692666555734,0.32287968153481633,0.28973692666555734
26944,0.10904877504674038,0.20515710932577064,0.10904877504674038
26945,0.16670846597812825,0.6512549064190438,0.16670846597812825
26946,0.24996853291791257,0.656110852373742,0.24996853291791257
26947,0.08815313719836378,0.4136071509794297,0.08815313719836378
26948,0.02586829253819096,0.14408341827859514,0.02586829253819096
26949,0.029548634478311925,0.14697068335380548,0.029548634478311925
26950,0.06814919640245104,0.34285534441094206,0.06814919640245104
26951,0.07424402563295408,0.3738754712722535,0.07424402563295408
26952,0.6791910173695394,0.6439720675362409,0.6791910173695394
26953,0.41722770189252245,0.9080599066078525,0.41722770189252245
26954,0.02823551177313341,0.09881806283791666,0.02823551177313341
26955,0.08736691825787432,0.5263067665030374,0.08736691825787432
26956,0.06320213922399744,0.24080754185476638,0.06320213922399744
26957,0.08032135728274786,0.7700706191820247,0.08032135728274786
26958,0.2991822582100017,0.8429445068345294,0.2991822582100017
26959,0.07603801691504028,0.4368602571388185,0.07603801691504028
26960,0.02083559527413731,0.07086026122322396,0.02083559527413731
26961,0.1453202309369496,0.5400220413606933,0.1453202309369496
26962,0.14594221400360374,0.7754079431225908,0.14594221400360374
26963,0.09396494675439516,0.21254293314239467,0.09396494675439516
26964,0.09482594950487863,0.25266978466846374,0.09482594950487863
26965,0.8148819855221208,0.9415378428799182,0.8148819855221208
26966,0.03366690548958954,0.052647534310571044,0.03366690548958954
26967,0.1499987453543044,0.42287251924092123,0.1499987453543044
26968,0.0359121967206614,0.6260373564293978,0.0359121967206614
26969,0.033928621839220574,0.21983461618115874,0.033928621839220574
26970,0.6198601705634262,0.513791933221705,0.6198601705634262
26971,0.06919938623711544,0.2388188636628833,0.06919938623711544
26972,0.026037002436841747,0.027472800691831594,0.026037002436841747
26973,0.08182714557151778,0.219073445653648,0.08182714557151778
26974,0.09742079880473893,0.4501011530643,0.09742079880473893
26975,0.05281533233525471,0.4685836083765595,0.05281533233525471
26976,0.9099344702656623,0.4384919799902356,0.9099344702656623
26977,0.06986465008515329,0.4126509129931804,0.06986465008515329
26978,0.04787522443901179,0.4976931954774655,0.04787522443901179
26979,0.2278739325183884,0.38106084793314815,0.2278739325183884
26980,0.06946240907861939,0.25347025571845605,0.06946240907861939
26981,0.05102050382276392,0.0910813350186652,0.05102050382276392
26982,0.4664716421149883,0.729167925521221,0.4664716421149883
26983,0.15298886240066223,0.5505882975303036,0.15298886240066223
26984,0.09757508634011833,0.2201758221233641,0.09757508634011833
26985,0.03883659957924799,0.17241647304565352,0.03883659957924799
26986,0.14048262129018946,0.5410251801615522,0.14048262129018946
26987,0.13887449194457807,0.4116290865835427,0.13887449194457807
26988,0.01590903769653647,0.08498929064358403,0.01590903769653647
26989,0.2266431394905905,0.8001426904271557,0.2266431394905905
26990,0.020630043947976864,0.14077423136129585,0.020630043947976864
26991,0.280523955243998,0.2582071665307366,0.280523955243998
26992,0.3235831368919354,0.41757036674649023,0.3235831368919354
26993,0.0959034134402301,0.8195997818374503,0.0959034134402301
26994,0.11925219472530761,0.3829720521973011,0.11925219472530761
26995,0.29904454503555844,0.635986411751339,0.29904454503555844
26996,0.39285206420723295,0.2272434784791353,0.39285206420723295
26997,0.07258632219506889,0.25715965916852007,0.07258632219506889
26998,0.07751689667657857,0.1559868620903922,0.07751689667657857
26999,0.4013148122389694,0.3418868295128128,0.4013148122389694
27000,0.09075304261380288,0.346551958066913,0.09075304261380288
27001,0.06586506424267484,0.5704969214944323,0.06586506424267484
27002,0.010896296560819776,0.06453462105413736,0.010896296560819776
27003,0.05888137246022837,0.1274251625408681,0.05888137246022837
27004,0.08951231641077406,0.2676308653584007,0.08951231641077406
27005,0.3142940540454746,0.8595833816169115,0.3142940540454746
27006,0.7853747793184215,0.9152941058319491,0.7853747793184215
27007,0.05917741074497214,0.08506057347641864,0.05917741074497214
27008,0.13830728803330142,0.10503216941318462,0.13830728803330142
27009,0.04835162086383867,0.20437192573289942,0.04835162086383867
27010,0.08602283572350262,0.09588213075336632,0.08602283572350262
27011,0.03664065445069704,0.06493607359644359,0.03664065445069704
27012,0.41745039557062075,0.5344875521765766,0.41745039557062075
27013,0.1105586801516647,0.4696833699395588,0.1105586801516647
27014,0.008189175118413928,0.13924809853690395,0.008189175118413928
27015,0.06638922611421738,0.23934728506173555,0.06638922611421738
27016,0.0771616824352287,0.36068056384983277,0.0771616824352287
27017,0.210431411938568,0.6052021803687971,0.210431411938568
27018,0.143596996835862,0.1606080420954297,0.143596996835862
27019,0.844001479755566,0.9363035620333978,0.844001479755566
27020,0.33588057654555636,0.2573920973122562,0.33588057654555636
27021,0.24713146058381968,0.7427189326033425,0.24713146058381968
27022,0.06683855116263251,0.20556942746206902,0.06683855116263251
27023,0.3461075619945901,0.3034442429105711,0.3461075619945901
27024,0.05035246638042365,0.17272841469359473,0.05035246638042365
27025,0.06933726254635289,0.0589677941332844,0.06933726254635289
27026,0.06321044523398457,0.39330173523843814,0.06321044523398457
27027,0.06461175361092718,0.6564680602187837,0.06461175361092718
27028,0.2738094761763135,0.8785124788345049,0.2738094761763135
27029,0.1854870108779957,0.4687977704452903,0.1854870108779957
27030,0.2692851259061611,0.3490485884845878,0.2692851259061611
27031,0.1677742847445771,0.601806379940227,0.1677742847445771
27032,0.09967040815770374,0.3021709434755677,0.09967040815770374
27033,0.11876157101562346,0.7379727443800863,0.11876157101562346
27034,0.011311135061357868,0.3413869196026098,0.011311135061357868
27035,0.30702633792846085,0.606078556396713,0.30702633792846085
27036,0.13491775898230787,0.5199160522818257,0.13491775898230787
27037,0.5654624268376929,0.6472708126432514,0.5654624268376929
27038,0.13013290568306862,0.09797685952607466,0.13013290568306862
27039,0.6143202700668922,0.6783753567778928,0.6143202700668922
27040,0.22661448260518427,0.13969803541929562,0.22661448260518427
27041,0.11721401452048806,0.5996497481623032,0.11721401452048806
27042,0.20218185115421,0.5205591692538775,0.20218185115421
27043,0.35052336172705656,0.5102167613455549,0.35052336172705656
27044,0.03504994706255624,0.1418877069074967,0.03504994706255624
27045,0.08918575544370835,0.6063353776064543,0.08918575544370835
27046,0.029418068582376423,0.10945845015616758,0.029418068582376423
27047,0.6895683970960486,0.37680437353833984,0.6895683970960486
27048,0.18767976160282296,0.24349244593913436,0.18767976160282296
27049,0.11414118582900189,0.874369006734907,0.11414118582900189
27050,0.05764380099278062,0.6097538694116139,0.05764380099278062
27051,0.13944652677877703,0.36113406975565204,0.13944652677877703
27052,0.05406014741872663,0.41365598690480776,0.05406014741872663
27053,0.8817332736469488,0.9506123993536588,0.8817332736469488
27054,0.03623126004049554,0.17448296727960355,0.03623126004049554
27055,0.0727368713613151,0.5206558147435034,0.0727368713613151
27056,0.024110563457688625,0.12860967294723485,0.024110563457688625
27057,0.030345002845771664,0.04799265475395865,0.030345002845771664
27058,0.587035618964888,0.716122654627692,0.587035618964888
27059,0.056130531732225465,0.32583603637793346,0.056130531732225465
27060,0.03305160696808185,0.42378371630369954,0.03305160696808185
27061,0.15063548390629328,0.6956701986484111,0.15063548390629328
27062,0.17431603559911818,0.4605617878261819,0.17431603559911818
27063,0.16586773093875706,0.5045830059581738,0.16586773093875706
27064,0.04763081539176508,0.4946708205588567,0.04763081539176508
27065,0.03149066671724361,0.19178849695674063,0.03149066671724361
27066,0.09901493466570412,0.49496544984163204,0.09901493466570412
27067,0.22376811253220383,0.5025358180471623,0.22376811253220383
27068,0.8744827632996558,0.8936030802196658,0.8744827632996558
27069,0.33264325247723825,0.8666470815780956,0.33264325247723825
27070,0.04099307250400945,0.07965770001680096,0.04099307250400945
27071,0.11261420761318985,0.16881421413352687,0.11261420761318985
27072,0.1262256112719913,0.7179937647997513,0.1262256112719913
27073,0.029925001446342775,0.6482760971175352,0.029925001446342775
27074,0.032328912815030406,0.21446276991275454,0.032328912815030406
27075,0.7569996283139525,0.702425587124357,0.7569996283139525
27076,0.6392547354010413,0.829317799714996,0.6392547354010413
27077,0.02534117724318594,0.16746577414395084,0.02534117724318594
27078,0.07421306557482044,0.7216258370987445,0.07421306557482044
27079,0.1659718244917315,0.7633719980473815,0.1659718244917315
27080,0.07122357086975029,0.2506640202036166,0.07122357086975029
27081,0.027906006583026936,0.5866406502115026,0.027906006583026936
27082,0.20700891031385119,0.4595709828898175,0.20700891031385119
27083,0.06744780968476094,0.25074285154227954,0.06744780968476094
27084,0.8363630184583879,0.6916015295270167,0.8363630184583879
27085,0.030890485872053418,0.01602227831157852,0.030890485872053418
27086,0.12791589276513968,0.15280060390151853,0.12791589276513968
27087,0.1440747274297585,0.36497472411425386,0.1440747274297585
27088,0.35406275878764354,0.7816232061755436,0.35406275878764354
27089,0.44779230229763234,0.7314984996449394,0.44779230229763234
27090,0.16472138481297938,0.44731732857541195,0.16472138481297938
27091,0.7432912132864021,0.24119302672828746,0.7432912132864021
27092,0.13215089235296787,0.41430602386785126,0.13215089235296787
27093,0.18531976463246685,0.2479270900086822,0.18531976463246685
27094,0.035477646875284256,0.16591789624164627,0.035477646875284256
27095,0.055834141614724504,0.532242703732124,0.055834141614724504
27096,0.0058218178565984085,0.190682341081058,0.0058218178565984085
27097,0.622910524331071,0.3502907072450977,0.622910524331071
27098,0.7105305067131695,0.8676213945722275,0.7105305067131695
27099,0.0888780346699509,0.4438457781014457,0.0888780346699509
27100,0.03714559987719208,0.31389775752192745,0.03714559987719208
27101,0.05473810407345761,0.5963119608976587,0.05473810407345761
27102,0.10665044793427922,0.5927963589726437,0.10665044793427922
27103,0.015958596157919912,0.08843017745992379,0.015958596157919912
27104,0.3428533520748483,0.5514353984350618,0.3428533520748483
27105,0.053199674659214484,0.5616375776910969,0.053199674659214484
27106,0.2526730871542309,0.7633859105467106,0.2526730871542309
27107,0.3049700103135725,0.551468519991674,0.3049700103135725
27108,0.12124147051165429,0.4147986494677057,0.12124147051165429
27109,0.06738226819846066,0.20713821003591448,0.06738226819846066
27110,0.04656336827350831,0.4041070338512879,0.04656336827350831
27111,0.05123242112702702,0.2201006271134756,0.05123242112702702
27112,0.20570487306964108,0.619106295984815,0.20570487306964108
27113,0.05060886639734851,0.15050080298474902,0.05060886639734851
27114,0.11351163155286939,0.2613442193816042,0.11351163155286939
27115,0.7565595326016099,0.8629548307742263,0.7565595326016099
27116,0.09050688220554506,0.796413363060044,0.09050688220554506
27117,0.20428562966658745,0.33949120983833153,0.20428562966658745
27118,0.1103786580106174,0.4703130882567478,0.1103786580106174
27119,0.05401672562049171,0.3570601419837357,0.05401672562049171
27120,0.2813089131077429,0.9495117913374316,0.2813089131077429
27121,0.023582838024965014,0.6079846812702902,0.023582838024965014
27122,0.06443538177727978,0.20549650605400546,0.06443538177727978
27123,0.07026517180245971,0.08949381591551868,0.07026517180245971
27124,0.03518040519102456,0.05209382950996356,0.03518040519102456
27125,0.042033443007848906,0.1817375401302285,0.042033443007848906
27126,0.49441784984480097,0.3009401352551209,0.49441784984480097
27127,0.0347990176330214,0.1463391114081924,0.0347990176330214
27128,0.12604116327528922,0.6443789717492848,0.12604116327528922
27129,0.3545978081854671,0.5591054109846755,0.3545978081854671
27130,0.19985339221936727,0.3948949958498701,0.19985339221936727
27131,0.11593783086899333,0.13201867460763042,0.11593783086899333
27132,0.552967069717886,0.771277640189157,0.552967069717886
27133,0.07682117049707275,0.5164931658597695,0.07682117049707275
27134,0.5345876764156307,0.921055843760776,0.5345876764156307
27135,0.18385914450018165,0.4534665747457199,0.18385914450018165
27136,0.0541770997825872,0.5076865275519328,0.0541770997825872
27137,0.04250078414764341,0.15906452879629066,0.04250078414764341
27138,0.24520420282099914,0.7721736955989836,0.24520420282099914
27139,0.04013981672276781,0.0376532237530555,0.04013981672276781
27140,0.42063065705195907,0.6230715306075316,0.42063065705195907
27141,0.533276611445552,0.6303838870963677,0.533276611445552
27142,0.04168421871766092,0.22018099768824456,0.04168421871766092
27143,0.1637012680601418,0.4883776781678171,0.1637012680601418
27144,0.11892353401496958,0.1151827572412566,0.11892353401496958
27145,0.5150797780646098,0.5367171009351484,0.5150797780646098
27146,0.1955600312346162,0.904298831171286,0.1955600312346162
27147,0.06638271441988577,0.36544812575548774,0.06638271441988577
27148,0.2003052526689499,0.3186725071371512,0.2003052526689499
27149,0.18198249907079347,0.23166947173884586,0.18198249907079347
27150,0.2866119495381769,0.8680403827335668,0.2866119495381769
27151,0.1261400809160469,0.7704253862119667,0.1261400809160469
27152,0.10594598334476818,0.41355439590800236,0.10594598334476818
27153,0.21258229642720086,0.6201806355537193,0.21258229642720086
27154,0.8515379457639743,0.9321407720047602,0.8515379457639743
27155,0.15675675823915539,0.6346934702230231,0.15675675823915539
27156,0.019735438480881013,0.38670400882533457,0.019735438480881013
27157,0.035096982831142404,0.321929492639745,0.035096982831142404
27158,0.06321131818927735,0.35389605703645044,0.06321131818927735
27159,0.06621816831732534,0.11644560465177452,0.06621816831732534
27160,0.2811986403985526,0.23220742932676883,0.2811986403985526
27161,0.3045606892029579,0.8812940577165583,0.3045606892029579
27162,0.3287901272272254,0.9274306660573213,0.3287901272272254
27163,0.5492348438076421,0.35568723284952697,0.5492348438076421
27164,0.11991550204077726,0.18116785373912594,0.11991550204077726
27165,0.6837201890744865,0.498966674010882,0.6837201890744865
27166,0.1552199581638853,0.06820858530564052,0.1552199581638853
27167,0.28965750691105185,0.7925675879933708,0.28965750691105185
27168,0.11288264577842862,0.3865804975441525,0.11288264577842862
27169,0.47240200540520016,0.554392880710057,0.47240200540520016
27170,0.16871793567488438,0.842331718482135,0.16871793567488438
27171,0.03186922946879855,0.2027649802998068,0.03186922946879855
27172,0.07406689904734742,0.7764824043999068,0.07406689904734742
27173,0.24185047287972272,0.4989262314527797,0.24185047287972272
27174,0.01598501553935588,0.08215007797436137,0.01598501553935588
27175,0.04449080126074509,0.07005401544005516,0.04449080126074509
27176,0.29502029306145516,0.8297175774519571,0.29502029306145516
27177,0.5070225606784626,0.8505796228866753,0.5070225606784626
27178,0.13214197836729188,0.5122523388796835,0.13214197836729188
27179,0.3426118036504382,0.6047425012838685,0.3426118036504382
27180,0.3246486331684997,0.498326337458038,0.3246486331684997
27181,0.0563006369368112,0.6321009671784698,0.0563006369368112
27182,0.3955865885797609,0.8021628059611116,0.3955865885797609
27183,0.044311317485131806,0.5487210694910665,0.044311317485131806
27184,0.025049867312679313,0.40676626895421975,0.025049867312679313
27185,0.5264184152252327,0.5476646651422813,0.5264184152252327
27186,0.1479264497873206,0.6763983134263872,0.1479264497873206
27187,0.20952009064393584,0.14889387441195395,0.20952009064393584
27188,0.0461718513708636,0.4293556530583551,0.0461718513708636
27189,0.15117917171472728,0.6693507866308,0.15117917171472728
27190,0.5676324991224694,0.7201890583711849,0.5676324991224694
27191,0.1317306795118268,0.908599158520174,0.1317306795118268
27192,0.6119474110004214,0.7452249014523892,0.6119474110004214
27193,0.014260756095371576,0.10767121520144726,0.014260756095371576
27194,0.06330291905562199,0.16540702243113553,0.06330291905562199
27195,0.05833877949522298,0.21207433989720384,0.05833877949522298
27196,0.34647017284223486,0.3207562177023608,0.34647017284223486
27197,0.1844993980704982,0.714681338184713,0.1844993980704982
27198,0.838687135683715,0.9425778610929175,0.838687135683715
27199,0.037757687469594306,0.2657389375177255,0.037757687469594306
27200,0.08538371399806001,0.5012574888738071,0.08538371399806001
27201,0.7860151359345235,0.8810367440874403,0.7860151359345235
27202,0.05106817118347568,0.02771928405736321,0.05106817118347568
27203,0.0638644061178205,0.22977364454086877,0.0638644061178205
27204,0.030224329562421205,0.09023226976596097,0.030224329562421205
27205,0.14822870236819813,0.42688189321096914,0.14822870236819813
27206,0.2161101876515799,0.19531252350623762,0.2161101876515799
27207,0.0631998525623475,0.17844239046273572,0.0631998525623475
27208,0.7195839396706558,0.8121063542130426,0.7195839396706558
27209,0.19533227668144146,0.2957821207073666,0.19533227668144146
27210,0.20833468014547496,0.34866712683032325,0.20833468014547496
27211,0.033670260331529395,0.12014685626566494,0.033670260331529395
27212,0.33782002849475146,0.8652919930862489,0.33782002849475146
27213,0.484460076845347,0.44853977683420565,0.484460076845347
27214,0.05734364446049696,0.21990770331906204,0.05734364446049696
27215,0.11121605514214537,0.4204343005770802,0.11121605514214537
27216,0.01588188673527256,0.5573766853470552,0.01588188673527256
27217,0.054381435400458755,0.2465853132413179,0.054381435400458755
27218,0.5384653145265137,0.8852366430003878,0.5384653145265137
27219,0.42175614519511834,0.6572301301031184,0.42175614519511834
27220,0.07399858715820742,0.3827581846529289,0.07399858715820742
27221,0.07325310835878354,0.43820822035986984,0.07325310835878354
27222,0.2562064695431236,0.733760873135668,0.2562064695431236
27223,0.10599946941279116,0.4822150786456358,0.10599946941279116
27224,0.10111845815824376,0.6100209811064835,0.10111845815824376
27225,0.17935925712382952,0.271052555446716,0.17935925712382952
27226,0.029925819715148336,0.20019822535387577,0.029925819715148336
27227,0.13257149557197376,0.4095121953422765,0.13257149557197376
27228,0.390612114455782,0.897023990347506,0.390612114455782
27229,0.7157109157604967,0.8316927295314447,0.7157109157604967
27230,0.1446707495563968,0.9003457857426672,0.1446707495563968
27231,0.2677232817226337,0.6183780520513147,0.2677232817226337
27232,0.04558251104973941,0.46691901459801505,0.04558251104973941
27233,0.33397553689420684,0.09953988492166377,0.33397553689420684
27234,0.0399149199874464,0.06925952197534768,0.0399149199874464
27235,0.752550957778469,0.8108132198064776,0.752550957778469
27236,0.05040914161658794,0.7178661378884655,0.05040914161658794
27237,0.3754163424319401,0.595523775507908,0.3754163424319401
27238,0.1327620332934602,0.574494733402325,0.1327620332934602
27239,0.315221938457685,0.14511128774272097,0.315221938457685
27240,0.058761420990753294,0.51915910683595,0.058761420990753294
27241,0.12504376209072743,0.33006048171875424,0.12504376209072743
27242,0.2748501514229861,0.742157899469692,0.2748501514229861
27243,0.04283590810622252,0.08034952364852202,0.04283590810622252
27244,0.044372542320573666,0.10287475313218113,0.044372542320573666
27245,0.11953173680991207,0.5044859541416455,0.11953173680991207
27246,0.7879175007380816,0.888854020497573,0.7879175007380816
27247,0.21411674267220826,0.9060529039237025,0.21411674267220826
27248,0.05865440269646166,0.5782509021130232,0.05865440269646166
27249,0.04381510568347153,0.41241123924016687,0.04381510568347153
27250,0.1300601376394962,0.30042265556723596,0.1300601376394962
27251,0.07198916681396443,0.3057110823979986,0.07198916681396443
27252,0.6836322588455694,0.7502488592883975,0.6836322588455694
27253,0.06462365272244636,0.8563584399256581,0.06462365272244636
27254,0.8548610014773255,0.9337204198511454,0.8548610014773255
27255,0.19507699272138282,0.4418150256153022,0.19507699272138282
27256,0.567001889716339,0.9170564100351136,0.567001889716339
27257,0.41564066189306664,0.4507249511039052,0.41564066189306664
27258,0.32003826174820943,0.42943134433048336,0.32003826174820943
27259,0.3657045581889684,0.8215486611711865,0.3657045581889684
27260,0.09146875925379135,0.7024700422197567,0.09146875925379135
27261,0.08245237426202778,0.6513233600527906,0.08245237426202778
27262,0.2000033158449772,0.6682217749182588,0.2000033158449772
27263,0.05283472659414592,0.12711359706165434,0.05283472659414592
27264,0.09328277798020172,0.19821715360484027,0.09328277798020172
27265,0.06034589300528627,0.12383983556717387,0.06034589300528627
27266,0.11281661451974741,0.41474198225115266,0.11281661451974741
27267,0.10018155881033855,0.6345981389746416,0.10018155881033855
27268,0.04367933652123792,0.20042924572029555,0.04367933652123792
27269,0.6364454907812108,0.4667809107165958,0.6364454907812108
27270,0.019038618342938955,0.10450411597920971,0.019038618342938955
27271,0.02017202181320301,0.13289685270127008,0.02017202181320301
27272,0.025274703835373006,0.19938419614675995,0.025274703835373006
27273,0.028781118472973512,0.10378364953616265,0.028781118472973512
27274,0.27120670240798034,0.7277691461597575,0.27120670240798034
27275,0.24234624594566445,0.5341661049500663,0.24234624594566445
27276,0.023827839137698432,0.36281710726460514,0.023827839137698432
27277,0.07126070508704956,0.717431438896828,0.07126070508704956
27278,0.12779407108193297,0.39111598292352884,0.12779407108193297
27279,0.06440640121377313,0.2603019634883781,0.06440640121377313
27280,0.38687754532698787,0.33065747108206955,0.38687754532698787
27281,0.10005384192624146,0.2572516571239474,0.10005384192624146
27282,0.0745005728976155,0.6249839408093177,0.0745005728976155
27283,0.01781339682584467,0.07658490393477471,0.01781339682584467
27284,0.1703618845305427,0.16944245842625874,0.1703618845305427
27285,0.06895579495576315,0.37417512680063836,0.06895579495576315
27286,0.09962017466778667,0.3521136993412482,0.09962017466778667
27287,0.10550108240554502,0.49130772271560835,0.10550108240554502
27288,0.3616239679997725,0.28943451085867844,0.3616239679997725
27289,0.21695881322328694,0.6257232590305891,0.21695881322328694
27290,0.03434385386819425,0.08972368118106254,0.03434385386819425
27291,0.7005297682292279,0.7154605018525406,0.7005297682292279
27292,0.07376690425702308,0.4406984036313252,0.07376690425702308
27293,0.04913147498755167,0.8360138231728286,0.04913147498755167
27294,0.016970027790113484,0.054561402095771115,0.016970027790113484
27295,0.2364121613878278,0.9122888914962772,0.2364121613878278
27296,0.11413679049283237,0.3549792101995131,0.11413679049283237
27297,0.09758554195933539,0.4701127252073563,0.09758554195933539
27298,0.08696100452126998,0.22676675894022466,0.08696100452126998
27299,0.20238431866531806,0.7420233267487475,0.20238431866531806
27300,0.13967644538163204,0.9234057850455993,0.13967644538163204
27301,0.014556160937815154,0.0628751047629403,0.014556160937815154
27302,0.03864646366567889,0.3376687839229542,0.03864646366567889
27303,0.023316833203625962,0.33239619607808685,0.023316833203625962
27304,0.04854928152493084,0.7734056747829103,0.04854928152493084
27305,0.05507112797211246,0.05793091967769162,0.05507112797211246
27306,0.22472253537879033,0.7145577189521093,0.22472253537879033
27307,0.6788882099931342,0.5175475125085223,0.6788882099931342
27308,0.0329521939955494,0.08022022209557808,0.0329521939955494
27309,0.49474407164700696,0.8856594063323961,0.49474407164700696
27310,0.056717734820216394,0.18646709175133314,0.056717734820216394
27311,0.08357420382246361,0.06601792286508391,0.08357420382246361
27312,0.04846954334128365,0.48351516275698064,0.04846954334128365
27313,0.03734804570871877,0.06409459219616398,0.03734804570871877
27314,0.04487381649674424,0.11160588272923808,0.04487381649674424
27315,0.06399467041026011,0.28016008738713455,0.06399467041026011
27316,0.23468148067779696,0.6277953647766369,0.23468148067779696
27317,0.14174001370277398,0.15023480229858072,0.14174001370277398
27318,0.23085856778773808,0.23759882601293483,0.23085856778773808
27319,0.1656404561383986,0.8178569924666496,0.1656404561383986
27320,0.29563469499720496,0.6484951837803633,0.29563469499720496
27321,0.10099994304572837,0.7752245578313978,0.10099994304572837
27322,0.35845114800873684,0.23855453511741845,0.35845114800873684
27323,0.1673001492363245,0.45446959632611245,0.1673001492363245
27324,0.1427620664667815,0.36024847464251875,0.1427620664667815
27325,0.7197517511463852,0.8883642556467617,0.7197517511463852
27326,0.038143622957328524,0.5724871805375544,0.038143622957328524
27327,0.11281095206150799,0.3031851330116409,0.11281095206150799
27328,0.16265866561978284,0.29650506469113425,0.16265866561978284
27329,0.0642353080201736,0.1910795120273335,0.0642353080201736
27330,0.040166411514662735,0.4467950088113098,0.040166411514662735
27331,0.08470699465506154,0.22044266704448676,0.08470699465506154
27332,0.12247530141109447,0.8005830900269262,0.12247530141109447
27333,0.6927845541601122,0.712888426090118,0.6927845541601122
27334,0.04861382913797835,0.05181525020095008,0.04861382913797835
27335,0.2908065455335887,0.07618296122229376,0.2908065455335887
27336,0.07462950733922352,0.15391827439789105,0.07462950733922352
27337,0.043918838371342,0.45376175208436176,0.043918838371342
27338,0.21115383299244583,0.5966592021766881,0.21115383299244583
27339,0.4078997810207678,0.5291413745734924,0.4078997810207678
27340,0.026370870431314048,0.22381936649222073,0.026370870431314048
27341,0.2435054694565088,0.7813120469467895,0.2435054694565088
27342,0.04607486062241081,0.3623026077091929,0.04607486062241081
27343,0.009850674429804395,0.06553631677614191,0.009850674429804395
27344,0.2512803888630994,0.49158899071627704,0.2512803888630994
27345,0.12673686329789965,0.577437973220315,0.12673686329789965
27346,0.6747142081863534,0.889892785135809,0.6747142081863534
27347,0.43510047324772816,0.6579267171043949,0.43510047324772816
27348,0.1636035094995748,0.5184633426816028,0.1636035094995748
27349,0.08877488522783786,0.3103365360127315,0.08877488522783786
27350,0.13699811105905896,0.8599640884467403,0.13699811105905896
27351,0.887104746169076,0.8115663801999459,0.887104746169076
27352,0.13013318586654987,0.43270377168822843,0.13013318586654987
27353,0.06721059185729716,0.2903232336960381,0.06721059185729716
27354,0.12252612779510384,0.4965897083594198,0.12252612779510384
27355,0.2986449874849702,0.11194225499852548,0.2986449874849702
27356,0.08666104736504024,0.5363454193744017,0.08666104736504024
27357,0.16713204211189187,0.44487264211736866,0.16713204211189187
27358,0.133468814753327,0.7804337536376671,0.133468814753327
27359,0.18885261588272279,0.4577509661680374,0.18885261588272279
27360,0.03544344641761272,0.3342025166386175,0.03544344641761272
27361,0.05004661086135738,0.8856920620460593,0.05004661086135738
27362,0.18760823921818173,0.4946457905721557,0.18760823921818173
27363,0.08034236088380788,0.14228307944858137,0.08034236088380788
27364,0.12545261363710644,0.6318916786862478,0.12545261363710644
27365,0.20263863191319162,0.7161784171195476,0.20263863191319162
27366,0.38219751105571764,0.4998528088681943,0.38219751105571764
27367,0.24492668474087056,0.6544722078404316,0.24492668474087056
27368,0.1045876917146218,0.5303769761739717,0.1045876917146218
27369,0.026885144294556813,0.03567397999110136,0.026885144294556813
27370,0.06366535091818103,0.7651547687598578,0.06366535091818103
27371,0.3557244212054206,0.41399921513501065,0.3557244212054206
27372,0.0644036105189897,0.18095911291215652,0.0644036105189897
27373,0.6201217406866767,0.4121685983255373,0.6201217406866767
27374,0.046046811123307586,0.287047406708837,0.046046811123307586
27375,0.05340317188478416,0.7084169035263157,0.05340317188478416
27376,0.7155321240119555,0.4225406873911828,0.7155321240119555
27377,0.05650928591303596,0.5879093819866538,0.05650928591303596
27378,0.08800506022227482,0.29114668770297614,0.08800506022227482
27379,0.08796935824275502,0.16536840398121735,0.08796935824275502
27380,0.09199530291491309,0.8079412085365641,0.09199530291491309
27381,0.08181768789412296,0.39192420392039784,0.08181768789412296
27382,0.17550392234604523,0.15472844459904672,0.17550392234604523
27383,0.1082678769077539,0.42592294112170453,0.1082678769077539
27384,0.04922916436696775,0.5443269437452715,0.04922916436696775
27385,0.0983104833935852,0.8978917397611172,0.0983104833935852
27386,0.12061923916419202,0.83045872390443,0.12061923916419202
27387,0.17832174236459403,0.6158966076289625,0.17832174236459403
27388,0.08440535192369987,0.21555897263677062,0.08440535192369987
27389,0.16934491986225614,0.2646722812861756,0.16934491986225614
27390,0.012706360930713536,0.030186812081760276,0.012706360930713536
27391,0.0906170833330372,0.4719963805555508,0.0906170833330372
27392,0.4130723984330827,0.8211532861105708,0.4130723984330827
27393,0.06756636124121795,0.3309999067113518,0.06756636124121795
27394,0.048469755157631134,0.15130703507080934,0.048469755157631134
27395,0.3822754703331044,0.17401452154023014,0.3822754703331044
27396,0.08277690274681024,0.0752859125251574,0.08277690274681024
27397,0.8514656016420221,0.9376491597195671,0.8514656016420221
27398,0.3353337686661838,0.7973729982708578,0.3353337686661838
27399,0.09540231805303839,0.45829753019904323,0.09540231805303839
27400,0.1777950819848946,0.5200172227235504,0.1777950819848946
27401,0.14289824043838803,0.18056865986471818,0.14289824043838803
27402,0.2694608200636005,0.8969190141067482,0.2694608200636005
27403,0.0883123693652287,0.409093685430921,0.0883123693652287
27404,0.35096522614821546,0.24334447094099568,0.35096522614821546
27405,0.7455020396953868,0.6021327490700602,0.7455020396953868
27406,0.07136072105471841,0.15319524937959736,0.07136072105471841
27407,0.09407977294593885,0.0773325992131061,0.09407977294593885
27408,0.1352481585362889,0.6211728549154517,0.1352481585362889
27409,0.8717386002671353,0.9684376701934867,0.8717386002671353
27410,0.06995977156446528,0.18160955171454685,0.06995977156446528
27411,0.15940915577888257,0.25218539721792765,0.15940915577888257
27412,0.13598588987766402,0.536690439036003,0.13598588987766402
27413,0.01576994518501353,0.4834204928465857,0.01576994518501353
27414,0.7825532063204631,0.5934437644543169,0.7825532063204631
27415,0.04814871454029933,0.24196883425751672,0.04814871454029933
27416,0.16717102376584858,0.35255060475135086,0.16717102376584858
27417,0.19034932961400758,0.5435819181115877,0.19034932961400758
27418,0.5025081781854456,0.39493038321317875,0.5025081781854456
27419,0.3523993563348789,0.8990209898977785,0.3523993563348789
27420,0.4290564855413964,0.6035113163001993,0.4290564855413964
27421,0.32480236474377205,0.2850221506062737,0.32480236474377205
27422,0.37547320274899065,0.6939054164260778,0.37547320274899065
27423,0.04409521981098778,0.3617827509164997,0.04409521981098778
27424,0.07879052062370893,0.6035976902811728,0.07879052062370893
27425,0.47836432068330176,0.5784288417283436,0.47836432068330176
27426,0.06600157761078512,0.2509032876116008,0.06600157761078512
27427,0.08444853109807983,0.2687696775962028,0.08444853109807983
27428,0.08076930771162098,0.3985569855345884,0.08076930771162098
27429,0.42426474274278925,0.3450079889855636,0.42426474274278925
27430,0.036131254455147234,0.234981725000328,0.036131254455147234
27431,0.2724785191540357,0.6377348227946766,0.2724785191540357
27432,0.1692172375348278,0.49941171024129044,0.1692172375348278
27433,0.13016888175893307,0.7092763326749314,0.13016888175893307
27434,0.12305650615536955,0.3924172381898148,0.12305650615536955
27435,0.18057689596349666,0.5126894350320832,0.18057689596349666
27436,0.03265586819402163,0.1947834877476929,0.03265586819402163
27437,0.3932813364349312,0.42296274700592185,0.3932813364349312
27438,0.09052609656066175,0.29703256127334415,0.09052609656066175
27439,0.27282568865022255,0.12460341838203752,0.27282568865022255
27440,0.05863198028854654,0.1701187516806619,0.05863198028854654
27441,0.8422564368385184,0.885719976536904,0.8422564368385184
27442,0.18890642085855652,0.952123318919968,0.18890642085855652
27443,0.042723603209705474,0.24170890175674253,0.042723603209705474
27444,0.14758858677350248,0.0285693125069804,0.14758858677350248
27445,0.032919833459083246,0.038623770047054376,0.032919833459083246
27446,0.09513274430669674,0.12547110609666592,0.09513274430669674
27447,0.1095381225828784,0.3460824200094973,0.1095381225828784
27448,0.17164431094747998,0.4911486222946475,0.17164431094747998
27449,0.0370384333835401,0.5421716237039658,0.0370384333835401
27450,0.06715042241514835,0.8297588774248521,0.06715042241514835
27451,0.01484705871823738,0.061277665087603614,0.01484705871823738
27452,0.014200361720064095,0.2176592607187141,0.014200361720064095
27453,0.08877732273830152,0.8745817382173221,0.08877732273830152
27454,0.22117806507727508,0.6466154699194221,0.22117806507727508
27455,0.10833698065926778,0.12858992629837054,0.10833698065926778
27456,0.13908981377144264,0.45158800710796293,0.13908981377144264
27457,0.027581473102726465,0.10113566380097176,0.027581473102726465
27458,0.03628231683708289,0.33594010659331486,0.03628231683708289
27459,0.02913173016576664,0.15745330564962912,0.02913173016576664
27460,0.8593251337720713,0.9442693645122828,0.8593251337720713
27461,0.11835395070053456,0.1920085160140023,0.11835395070053456
27462,0.053596639294207056,0.4757545138379712,0.053596639294207056
27463,0.1288742119893664,0.4625146539105847,0.1288742119893664
27464,0.32274988690395084,0.4800489158501294,0.32274988690395084
27465,0.3996064601314834,0.9478115002503777,0.3996064601314834
27466,0.02543189301506272,0.1355550089175342,0.02543189301506272
27467,0.11305844283032446,0.6312841361885448,0.11305844283032446
27468,0.0349902484282549,0.4642036209569073,0.0349902484282549
27469,0.028987871753061934,0.4556113669314283,0.028987871753061934
27470,0.894172405010927,0.8805155251096496,0.894172405010927
27471,0.06902636014047935,0.5780214437468928,0.06902636014047935
27472,0.2205490419456459,0.7839890056712898,0.2205490419456459
27473,0.09474066303762936,0.18299074487169434,0.09474066303762936
27474,0.1601693734025851,0.44967461739318026,0.1601693734025851
27475,0.05365676431455704,0.08604895977696674,0.05365676431455704
27476,0.11415418397301487,0.16730135036588137,0.11415418397301487
27477,0.09612181602425632,0.2548458988617323,0.09612181602425632
27478,0.013119535495101323,0.6882672944002931,0.013119535495101323
27479,0.15958178522066924,0.18541784335272102,0.15958178522066924
27480,0.37441132777614233,0.30070611402817404,0.37441132777614233
27481,0.4953460678500096,0.5103652361109315,0.4953460678500096
27482,0.3202951931766125,0.35700280393134765,0.3202951931766125
27483,0.3027201207261973,0.5592840675131091,0.3027201207261973
27484,0.3790971708090457,0.9567857834096523,0.3790971708090457
27485,0.01770425768166252,0.5832303863677895,0.01770425768166252
27486,0.07675221926941586,0.24232386239085607,0.07675221926941586
27487,0.1492137196999829,0.664152090777604,0.1492137196999829
27488,0.7371053326158922,0.6827340268421034,0.7371053326158922
27489,0.7331531727664493,0.5050285653798869,0.7331531727664493
27490,0.03958673611267272,0.20183018860959068,0.03958673611267272
27491,0.06446828100047763,0.5221434491980138,0.06446828100047763
27492,0.03746096977899254,0.31205779682609575,0.03746096977899254
27493,0.10188828385794037,0.522526164244965,0.10188828385794037
27494,0.27067438844102804,0.38261297244752457,0.27067438844102804
27495,0.14946778316359444,0.3853843435783273,0.14946778316359444
27496,0.060445724678896494,0.22880840083918702,0.060445724678896494
27497,0.14620147790380567,0.055631170654242,0.14620147790380567
27498,0.027511275577056193,0.4379574837393193,0.027511275577056193
27499,0.27738591328323803,0.8655983808805676,0.27738591328323803
27500,0.10565709938763237,0.867967363635819,0.10565709938763237
27501,0.08566441541718835,0.4472155380998339,0.08566441541718835
27502,0.11772332684410591,0.49520567022660794,0.11772332684410591
27503,0.10706761841142931,0.5668674147847774,0.10706761841142931
27504,0.01593465432563938,0.03363415278616395,0.01593465432563938
27505,0.10435038876779261,0.43070304164611684,0.10435038876779261
27506,0.34572055798209117,0.8559499659024244,0.34572055798209117
27507,0.03277979072394624,0.11436096267317594,0.03277979072394624
27508,0.08486154979783096,0.3265408777797426,0.08486154979783096
27509,0.08835563750626238,0.6178224598608202,0.08835563750626238
27510,0.7032218231484836,0.5477644446962858,0.7032218231484836
27511,0.36729102014319526,0.6153461400193468,0.36729102014319526
27512,0.04834945479772886,0.23446346181306169,0.04834945479772886
27513,0.21900109926569478,0.19224322335695257,0.21900109926569478
27514,0.31521469900058136,0.5971348192592288,0.31521469900058136
27515,0.6616181864599137,0.5148193517160317,0.6616181864599137
27516,0.19730657662110582,0.8124612984064368,0.19730657662110582
27517,0.061208188926606566,0.15753657980241717,0.061208188926606566
27518,0.6661869853399318,0.9336879098796967,0.6661869853399318
27519,0.025350298421605452,0.09728637444283933,0.025350298421605452
27520,0.026419538156172484,0.07750715945200236,0.026419538156172484
27521,0.06468263251291367,0.07474932660841853,0.06468263251291367
27522,0.09492151925323995,0.11574011469350941,0.09492151925323995
27523,0.0191709715047051,0.2240975598523815,0.0191709715047051
27524,0.027433342309261415,0.2882860615696068,0.027433342309261415
27525,0.1297575439325265,0.3558606206481521,0.1297575439325265
27526,0.4624564759780583,0.8095121202194006,0.4624564759780583
27527,0.05845752766689053,0.8885160962086344,0.05845752766689053
27528,0.38482273244997317,0.6853059994702362,0.38482273244997317
27529,0.10667426548054107,0.6220069133514218,0.10667426548054107
27530,0.07234288600351647,0.11989615397443705,0.07234288600351647
27531,0.08122434036306483,0.1184935141686193,0.08122434036306483
27532,0.11502573404014887,0.7877562306362235,0.11502573404014887
27533,0.26358342548854014,0.6432477866599626,0.26358342548854014
27534,0.1005732929804687,0.03547362663714013,0.1005732929804687
27535,0.06384782234602303,0.5162435061854578,0.06384782234602303
27536,0.122614625769583,0.6244831606270592,0.122614625769583
27537,0.3312218474802644,0.41588099954978985,0.3312218474802644
27538,0.1444368472018449,0.10572596172154625,0.1444368472018449
27539,0.2337822583530002,0.6136299291618842,0.2337822583530002
27540,0.4988409986214597,0.256784738019862,0.4988409986214597
27541,0.4584438377955776,0.863832004450785,0.4584438377955776
27542,0.028586146177700333,0.3331161973206265,0.028586146177700333
27543,0.4726998169204757,0.7223012080246423,0.4726998169204757
27544,0.16633578556515854,0.3304542618474017,0.16633578556515854
27545,0.12159411309635144,0.11457825600713746,0.12159411309635144
27546,0.7382969358377315,0.49428650871058055,0.7382969358377315
27547,0.06572938353453198,0.5062686250914626,0.06572938353453198
27548,0.04320520876652561,0.8597779980329949,0.04320520876652561
27549,0.10520951164277106,0.5592075565110111,0.10520951164277106
27550,0.2072883594811094,0.27527731697631946,0.2072883594811094
27551,0.23809756063431697,0.6146305528418041,0.23809756063431697
27552,0.07201213343991976,0.5429321107781641,0.07201213343991976
27553,0.09546329634797444,0.42804808167926744,0.09546329634797444
27554,0.28777981606569936,0.42659329163402093,0.28777981606569936
27555,0.06583812149765081,0.1981566770451945,0.06583812149765081
27556,0.11039525395831795,0.8308931367146308,0.11039525395831795
27557,0.18391771636128457,0.8151819171932927,0.18391771636128457
27558,0.0378390489946681,0.1881326683997237,0.0378390489946681
27559,0.20109924792256528,0.7004670076752517,0.20109924792256528
27560,0.19158034742622324,0.6909093130229058,0.19158034742622324
27561,0.4681297935200834,0.7412274206430363,0.4681297935200834
27562,0.36030455733181277,0.8511916421055057,0.36030455733181277
27563,0.19827090887322088,0.5817603295372167,0.19827090887322088
27564,0.16692956639439932,0.42038364668546513,0.16692956639439932
27565,0.09714510868174508,0.16573843810956806,0.09714510868174508
27566,0.17247640974363063,0.1259022263784962,0.17247640974363063
27567,0.08542120388424648,0.7668836275346067,0.08542120388424648
27568,0.11176650813322776,0.4720381507833875,0.11176650813322776
27569,0.08192561648149059,0.28494685038787537,0.08192561648149059
27570,0.3030995454405449,0.6337454267258271,0.3030995454405449
27571,0.056248708201266276,0.06956337613370824,0.056248708201266276
27572,0.05042072026386488,0.15816467324758163,0.05042072026386488
27573,0.030097357164175106,0.5409222237411897,0.030097357164175106
27574,0.3229807865287471,0.4686749734198502,0.3229807865287471
27575,0.14719856883169255,0.5524854386527143,0.14719856883169255
27576,0.011559183426993455,0.0627480137091278,0.011559183426993455
27577,0.05999712693610389,0.253544772070207,0.05999712693610389
27578,0.05668675733291456,0.24215477169930946,0.05668675733291456
27579,0.08643491069448565,0.5242146394030351,0.08643491069448565
27580,0.0650589700483461,0.4455582335832194,0.0650589700483461
27581,0.3734025844068722,0.4262171849005004,0.3734025844068722
27582,0.035013323552796086,0.10628538151949493,0.035013323552796086
27583,0.09537358471936772,0.13879386583919465,0.09537358471936772
27584,0.4641642526553636,0.13529235868611506,0.4641642526553636
27585,0.2260125701721619,0.22388612454537088,0.2260125701721619
27586,0.6836293255991011,0.6584867622974898,0.6836293255991011
27587,0.07169074697042338,0.4912292314794422,0.07169074697042338
27588,0.06216249086863245,0.2399373148017096,0.06216249086863245
27589,0.1145026679304718,0.5095070227933955,0.1145026679304718
27590,0.45799601790012673,0.3560300670835345,0.45799601790012673
27591,0.33855590784544104,0.6871843791245879,0.33855590784544104
27592,0.06514383547657535,0.05055652044590773,0.06514383547657535
27593,0.03988420454883624,0.046303772623711166,0.03988420454883624
27594,0.16590947873219894,0.555903534662467,0.16590947873219894
27595,0.09319973248989455,0.4096865362684408,0.09319973248989455
27596,0.06866083277326104,0.3633358824809288,0.06866083277326104
27597,0.07550618023031047,0.16784737799804322,0.07550618023031047
27598,0.1916231724107589,0.2650546066914649,0.1916231724107589
27599,0.3644921646700786,0.6347122761561464,0.3644921646700786
27600,0.07163483558824342,0.6765996403221164,0.07163483558824342
27601,0.0925453530927594,0.9317410150958115,0.0925453530927594
27602,0.5111999798647904,0.56543731861824,0.5111999798647904
27603,0.15417326049657729,0.10122597650647251,0.15417326049657729
27604,0.015477617246648636,0.3720039833453549,0.015477617246648636
27605,0.5438264951398739,0.7580669270574603,0.5438264951398739
27606,0.12090706345919687,0.20267639752732416,0.12090706345919687
27607,0.3957564478946117,0.14348014538785148,0.3957564478946117
27608,0.05630663746595059,0.30874335227358524,0.05630663746595059
27609,0.20299377589771275,0.6261305433120922,0.20299377589771275
27610,0.3700851318783802,0.4947954643331606,0.3700851318783802
27611,0.408029685645996,0.17933875477288663,0.408029685645996
27612,0.03330944290335785,0.6747180665064376,0.03330944290335785
27613,0.532970407024773,0.8972982504071547,0.532970407024773
27614,0.05855676779369404,0.26565442473405015,0.05855676779369404
27615,0.08527354098795101,0.9026877610215968,0.08527354098795101
27616,0.014068950802882894,0.025678606212366936,0.014068950802882894
27617,0.4160926216235166,0.31420011557876604,0.4160926216235166
27618,0.11733000121054192,0.1615532775589903,0.11733000121054192
27619,0.28203567080802006,0.3195272628504408,0.28203567080802006
27620,0.46819274350321244,0.3626560780488348,0.46819274350321244
27621,0.0398035211418328,0.3479078152137888,0.0398035211418328
27622,0.6425652485251363,0.921896363168087,0.6425652485251363
27623,0.13606794574865758,0.6847236028484123,0.13606794574865758
27624,0.06892821602390897,0.616141368760895,0.06892821602390897
27625,0.09713481335928136,0.3479280916547697,0.09713481335928136
27626,0.02649131336811645,0.2010657835328989,0.02649131336811645
27627,0.6289743591523148,0.6387981704123997,0.6289743591523148
27628,0.13506043550659458,0.5591352533343792,0.13506043550659458
27629,0.044701399234463424,0.34034219916167324,0.044701399234463424
27630,0.4974214739048352,0.6751141482408699,0.4974214739048352
27631,0.10656682207503546,0.354584347248514,0.10656682207503546
27632,0.054517035583020367,0.09175759063438789,0.054517035583020367
27633,0.33989142762105934,0.6010658339606929,0.33989142762105934
27634,0.08535321536510905,0.2937577254744193,0.08535321536510905
27635,0.0985232656606616,0.3544740249573724,0.0985232656606616
27636,0.36961005169798306,0.8923433687904879,0.36961005169798306
27637,0.05286618856467637,0.19144623481939294,0.05286618856467637
27638,0.10507391789903286,0.22453719298076497,0.10507391789903286
27639,0.03110255306325067,0.3187788091143151,0.03110255306325067
27640,0.823295354550359,0.7746663815408311,0.823295354550359
27641,0.36969908599486534,0.6655421318141763,0.36969908599486534
27642,0.3375765310400761,0.40593519689578245,0.3375765310400761
27643,0.06230491030234553,0.20577140118436152,0.06230491030234553
27644,0.06683221947022029,0.46796558359270857,0.06683221947022029
27645,0.03757003916981247,0.030370705205186147,0.03757003916981247
27646,0.06761911745221864,0.44666083539651014,0.06761911745221864
27647,0.2109055879648381,0.26143230707593734,0.2109055879648381
27648,0.06980572752362556,0.11494198934554442,0.06980572752362556
27649,0.023420069725613737,0.421591538179935,0.023420069725613737
27650,0.0634366360766878,0.6976304337597079,0.0634366360766878
27651,0.12859344426053787,0.8108256170391264,0.12859344426053787
27652,0.11019265338505599,0.10487424906422665,0.11019265338505599
27653,0.027537344307573763,0.07176819366534466,0.027537344307573763
27654,0.32233146593325956,0.4510126061247717,0.32233146593325956
27655,0.2672133981007559,0.42226689468824846,0.2672133981007559
27656,0.07734689208413395,0.1943625519760152,0.07734689208413395
27657,0.6910979035551064,0.5350885269296569,0.6910979035551064
27658,0.057094731878005775,0.49206522321434015,0.057094731878005775
27659,0.03318720081350331,0.06921388120448314,0.03318720081350331
27660,0.4052124070202869,0.1425079198143593,0.4052124070202869
27661,0.22001017927770275,0.03685537628682332,0.22001017927770275
27662,0.030959813816452193,0.3947463272897212,0.030959813816452193
27663,0.17156211576045727,0.712074851549906,0.17156211576045727
27664,0.03867281229574183,0.03828987752757432,0.03867281229574183
27665,0.8821517791050457,0.6490148911696567,0.8821517791050457
27666,0.10696552853050834,0.8084235784773025,0.10696552853050834
27667,0.10059331200706646,0.44830551227639487,0.10059331200706646
27668,0.9100599034573629,0.9670121517786321,0.9100599034573629
27669,0.14962763831006118,0.8717208365271397,0.14962763831006118
27670,0.31927081338750674,0.9035972357175941,0.31927081338750674
27671,0.08396141186815749,0.770190052165712,0.08396141186815749
27672,0.027522383388700743,0.16862462777640114,0.027522383388700743
27673,0.0791475335747728,0.42107920494333595,0.0791475335747728
27674,0.04745480866166526,0.6450378118599049,0.04745480866166526
27675,0.44507926786564356,0.5868812477922358,0.44507926786564356
27676,0.4601781007562534,0.8708513783250336,0.4601781007562534
27677,0.12995213944056364,0.27660355908725753,0.12995213944056364
27678,0.1176908514111192,0.2760826581497901,0.1176908514111192
27679,0.11059254748156902,0.4549362507772084,0.11059254748156902
27680,0.5819426023875303,0.49576307951249754,0.5819426023875303
27681,0.023455133064403007,0.027526177471321755,0.023455133064403007
27682,0.09562777926264955,0.5866346602979562,0.09562777926264955
27683,0.04343887804423742,0.44619557772485374,0.04343887804423742
27684,0.09688523798939451,0.24897331838286402,0.09688523798939451
27685,0.08641403548956846,0.08847223702105822,0.08641403548956846
27686,0.040315223919782275,0.2875771291279199,0.040315223919782275
27687,0.06135699576698758,0.062836663034141,0.06135699576698758
27688,0.07259594510604668,0.274204697834839,0.07259594510604668
27689,0.48374955309561374,0.8353796548740762,0.48374955309561374
27690,0.6996471628166294,0.7577873590130286,0.6996471628166294
27691,0.692801247000826,0.6830778784216541,0.692801247000826
27692,0.178785832271388,0.45358558626331474,0.178785832271388
27693,0.0787296238005453,0.8037243941653747,0.0787296238005453
27694,0.0650523531151925,0.221847048819099,0.0650523531151925
27695,0.13956445269398304,0.1824607149454607,0.13956445269398304
27696,0.054727562955741264,0.7309619532591708,0.054727562955741264
27697,0.8231830892244536,0.9538542641698731,0.8231830892244536
27698,0.42450385033630705,0.3185965224754137,0.42450385033630705
27699,0.022536235062659293,0.2125640375675382,0.022536235062659293
27700,0.04776425928482662,0.41291828936072966,0.04776425928482662
27701,0.23142494194738703,0.09300253188381677,0.23142494194738703
27702,0.19238582775416874,0.022633370312689773,0.19238582775416874
27703,0.08208585445925101,0.029886294933284523,0.08208585445925101
27704,0.02209215722848269,0.09565009678082267,0.02209215722848269
27705,0.9165922403993905,0.845407040809764,0.9165922403993905
27706,0.05107128546860378,0.6615423365856234,0.05107128546860378
27707,0.04724077407202995,0.4056076264569271,0.04724077407202995
27708,0.179020458879085,0.2376638471149589,0.179020458879085
27709,0.2989219821721816,0.4325967204601177,0.2989219821721816
27710,0.03780988271717773,0.6916012832007393,0.03780988271717773
27711,0.6648631959788589,0.5091371139442543,0.6648631959788589
27712,0.019488942808656446,0.039184645718906265,0.019488942808656446
27713,0.037503845517318474,0.08212963876828076,0.037503845517318474
27714,0.16408426310021273,0.09641616813815307,0.16408426310021273
27715,0.6899408795154515,0.3942742235815187,0.6899408795154515
27716,0.06214804027552745,0.31926098018454035,0.06214804027552745
27717,0.10352544560362836,0.3157946500877441,0.10352544560362836
27718,0.14653741326340258,0.5374522870256911,0.14653741326340258
27719,0.025415715076354862,0.15607463982616893,0.025415715076354862
27720,0.07267864947197578,0.24223513518600684,0.07267864947197578
27721,0.3013819266665188,0.18515394363956927,0.3013819266665188
27722,0.08611975521562848,0.09025297902991675,0.08611975521562848
27723,0.3545447995345921,0.7191931866299016,0.3545447995345921
27724,0.05966037678740022,0.2005215349074303,0.05966037678740022
27725,0.049592422242294674,0.4665190996937276,0.049592422242294674
27726,0.10372991051014092,0.3534136543169933,0.10372991051014092
27727,0.06587427719786587,0.7365817710471051,0.06587427719786587
27728,0.32519651209144257,0.2939991335305601,0.32519651209144257
27729,0.0452907808709278,0.0958623125307962,0.0452907808709278
27730,0.2140683072779162,0.3073255142550767,0.2140683072779162
27731,0.5058351629352612,0.8526800366644028,0.5058351629352612
27732,0.08068225888774663,0.6423351908563228,0.08068225888774663
27733,0.08096529973885659,0.3358891784227453,0.08096529973885659
27734,0.14867983915018984,0.47736961007952766,0.14867983915018984
27735,0.7162440500090016,0.3643112057455423,0.7162440500090016
27736,0.05021138492999339,0.11242823752934956,0.05021138492999339
27737,0.09065339297932636,0.7636783455076424,0.09065339297932636
27738,0.35324989542416474,0.9294994826072565,0.35324989542416474
27739,0.3217528415459779,0.601643046013318,0.3217528415459779
27740,0.05006818385186355,0.358957320631572,0.05006818385186355
27741,0.30113871208909226,0.390251733776501,0.30113871208909226
27742,0.12309587475460969,0.5846997558308014,0.12309587475460969
27743,0.4312361380128647,0.46613860095759413,0.4312361380128647
27744,0.12353345845723662,0.37241761157037523,0.12353345845723662
27745,0.6718031656423318,0.6316275975226536,0.6718031656423318
27746,0.07403851552796509,0.7308344518558829,0.07403851552796509
27747,0.06514272664325857,0.3655594536021107,0.06514272664325857
27748,0.1802018972985285,0.1911878031846146,0.1802018972985285
27749,0.15381777211508602,0.5251413936806725,0.15381777211508602
27750,0.052001226617247064,0.38870818465165147,0.052001226617247064
27751,0.0423218431256687,0.05420501151208485,0.0423218431256687
27752,0.41970693175124957,0.8641053948858688,0.41970693175124957
27753,0.014669129916582683,0.02104196602471593,0.014669129916582683
27754,0.13681568140026046,0.8501383648404565,0.13681568140026046
27755,0.881223542751506,0.9609864029781319,0.881223542751506
27756,0.13699282804680876,0.3963081015846722,0.13699282804680876
27757,0.04394326397964673,0.15224643396928406,0.04394326397964673
27758,0.023509387565196153,0.8157407445595302,0.023509387565196153
27759,0.08027064729046741,0.1305518630736998,0.08027064729046741
27760,0.5632736042251021,0.7331023285833664,0.5632736042251021
27761,0.06891990296859242,0.6127375915860527,0.06891990296859242
27762,0.037563933357881246,0.07048594235720233,0.037563933357881246
27763,0.04450085614900642,0.6050607692580156,0.04450085614900642
27764,0.09768697137191125,0.29320138060512935,0.09768697137191125
27765,0.08721342975746209,0.2780821234659602,0.08721342975746209
27766,0.5883251641743037,0.5195638403903908,0.5883251641743037
27767,0.26012577654790825,0.3516108000057049,0.26012577654790825
27768,0.023204128605735803,0.026194533950605767,0.023204128605735803
27769,0.12689214777710786,0.4549391821100024,0.12689214777710786
27770,0.04501906799353628,0.37467173618291705,0.04501906799353628
27771,0.021716857803700123,0.19852141438998563,0.021716857803700123
27772,0.5875233922697535,0.583118810056082,0.5875233922697535
27773,0.08795666543140906,0.2413249380553679,0.08795666543140906
27774,0.03432522317984607,0.14417465424011283,0.03432522317984607
27775,0.18125757162906211,0.30121431052036496,0.18125757162906211
27776,0.13739788010353046,0.09515970478618119,0.13739788010353046
27777,0.07461409072721707,0.40768472069196604,0.07461409072721707
27778,0.0796885513715152,0.059257126550165656,0.0796885513715152
27779,0.10807865095275472,0.2837503270741743,0.10807865095275472
27780,0.07574271762906648,0.8684797479181544,0.07574271762906648
27781,0.025425020134526567,0.09127377777549392,0.025425020134526567
27782,0.8512630495234328,0.8721534464732905,0.8512630495234328
27783,0.13746054274532174,0.43179854590757555,0.13746054274532174
27784,0.06760021090374418,0.10313616389548813,0.06760021090374418
27785,0.0813755305572261,0.5143111190167653,0.0813755305572261
27786,0.1009161159960068,0.19931822167193466,0.1009161159960068
27787,0.16730248375518755,0.09443251996568544,0.16730248375518755
27788,0.039865877967551,0.14683957092570857,0.039865877967551
27789,0.7593274778066049,0.8903659489060836,0.7593274778066049
27790,0.3920810728444791,0.4937332202063493,0.3920810728444791
27791,0.12487899476645274,0.6111597551976159,0.12487899476645274
27792,0.05245773976999943,0.3252905884857176,0.05245773976999943
27793,0.2806929723421981,0.37980212170698496,0.2806929723421981
27794,0.1475033416979103,0.14398749397027566,0.1475033416979103
27795,0.5398714275678889,0.6061818881429242,0.5398714275678889
27796,0.10648801052883376,0.5071596804858435,0.10648801052883376
27797,0.6698670924905195,0.5549228203927249,0.6698670924905195
27798,0.22079531891456128,0.07015620680205628,0.22079531891456128
27799,0.1736329169052747,0.18474272612722237,0.1736329169052747
27800,0.1113589848211304,0.22771297600730853,0.1113589848211304
27801,0.01891368838081854,0.1831426081474095,0.01891368838081854
27802,0.49748022179926893,0.9200987132281929,0.49748022179926893
27803,0.03121218532550575,0.057218093522845376,0.03121218532550575
27804,0.6160448241172382,0.7974513965547844,0.6160448241172382
27805,0.12842208674186453,0.2421215951998564,0.12842208674186453
27806,0.4030371444920223,0.7855018601887821,0.4030371444920223
27807,0.22088932135083267,0.6512319739599366,0.22088932135083267
27808,0.2606807229765794,0.1196453659183128,0.2606807229765794
27809,0.44431684278353295,0.7962696056651782,0.44431684278353295
27810,0.037453877463397074,0.06686059954181667,0.037453877463397074
27811,0.11715285298432782,0.4281586837651315,0.11715285298432782
27812,0.059133814765365326,0.07846615797942338,0.059133814765365326
27813,0.30864413241008554,0.4783404648468102,0.30864413241008554
27814,0.02796543760216863,0.09426189569738704,0.02796543760216863
27815,0.03265515835257082,0.3397657001860112,0.03265515835257082
27816,0.5211796221914337,0.655634512727201,0.5211796221914337
27817,0.09979533358618818,0.3875103443397273,0.09979533358618818
27818,0.1157499588089995,0.7505102946604206,0.1157499588089995
27819,0.08638482093342341,0.21812609896883603,0.08638482093342341
27820,0.6627393400159843,0.35286100237265,0.6627393400159843
27821,0.17390831012907765,0.28411499348262265,0.17390831012907765
27822,0.05192060918244125,0.2975359721266209,0.05192060918244125
27823,0.26555777368003136,0.08450519746521293,0.26555777368003136
27824,0.21642335397708132,0.7580231958902149,0.21642335397708132
27825,0.21187851660651988,0.13806018187216723,0.21187851660651988
27826,0.06812591056877781,0.22044249009691796,0.06812591056877781
27827,0.020550307577068726,0.10978941533729925,0.020550307577068726
27828,0.012483314539615264,0.2134808230134026,0.012483314539615264
27829,0.05698692566019198,0.2299903857817699,0.05698692566019198
27830,0.10802520526037047,0.14130338235287881,0.10802520526037047
27831,0.13297159349748072,0.6177320874990275,0.13297159349748072
27832,0.06679033265559588,0.43165381918533324,0.06679033265559588
27833,0.15906088600587254,0.23025336947709968,0.15906088600587254
27834,0.8672361720240248,0.852351692878346,0.8672361720240248
27835,0.4815022878292728,0.8788590355496306,0.4815022878292728
27836,0.04751659932232329,0.797123285664354,0.04751659932232329
27837,0.6288043261421181,0.7627885376106189,0.6288043261421181
27838,0.020181090036545883,0.24112797151695267,0.020181090036545883
27839,0.11017402041299709,0.3772704342767487,0.11017402041299709
27840,0.155101780528603,0.625136623511217,0.155101780528603
27841,0.08329062801322659,0.7055295527936768,0.08329062801322659
27842,0.2175985120164426,0.8392270105075764,0.2175985120164426
27843,0.14891629790132435,0.49269455962483194,0.14891629790132435
27844,0.10645021553325157,0.804011417515153,0.10645021553325157
27845,0.04485183606952151,0.7007582937676037,0.04485183606952151
27846,0.15298453367208464,0.1320356378842101,0.15298453367208464
27847,0.05832326723977561,0.3831469161556976,0.05832326723977561
27848,0.7224531143929581,0.8001237144148705,0.7224531143929581
27849,0.1189463580636943,0.7535993164772474,0.1189463580636943
27850,0.20813983010492748,0.1051116559867894,0.20813983010492748
27851,0.4292009294577556,0.24894740019558373,0.4292009294577556
27852,0.15783844805417951,0.8527987947954149,0.15783844805417951
27853,0.08437586625996812,0.14544080661818565,0.08437586625996812
27854,0.05252191363220616,0.4537915476492827,0.05252191363220616
27855,0.3513890980536417,0.5039997092764715,0.3513890980536417
27856,0.14710318046449608,0.8126742394392048,0.14710318046449608
27857,0.5082227753242723,0.920405027302105,0.5082227753242723
27858,0.4458456848036035,0.8870733794888978,0.4458456848036035
27859,0.6749390172062932,0.8859821065457292,0.6749390172062932
27860,0.04234140916569738,0.6473860137002883,0.04234140916569738
27861,0.18970456170436836,0.46120880577121676,0.18970456170436836
27862,0.11898890932623696,0.34549123510079244,0.11898890932623696
27863,0.13181801102204763,0.2775937427223524,0.13181801102204763
27864,0.037370437846787286,0.17616801163260196,0.037370437846787286
27865,0.16448978424147642,0.5245911123864334,0.16448978424147642
27866,0.7582086778256847,0.6571064112142367,0.7582086778256847
27867,0.375031562140436,0.6426748891479659,0.375031562140436
27868,0.6460529299313396,0.87107202819675,0.6460529299313396
27869,0.08454022931652423,0.2612388904721865,0.08454022931652423
27870,0.5809411686481251,0.044792660652609395,0.5809411686481251
27871,0.02263992610301528,0.44533377940274277,0.02263992610301528
27872,0.10903416785306502,0.1880842998225772,0.10903416785306502
27873,0.2954314480456668,0.28698706857696205,0.2954314480456668
27874,0.3748851670558316,0.6622101695451391,0.3748851670558316
27875,0.42482570926751523,0.3752193827143442,0.42482570926751523
27876,0.04911521581745555,0.021039657417123755,0.04911521581745555
27877,0.33034979710793866,0.6282095782260211,0.33034979710793866
27878,0.10566267691155254,0.7064868822639071,0.10566267691155254
27879,0.0725905373853822,0.4470690630778963,0.0725905373853822
27880,0.023685688061685646,0.2500879668039095,0.023685688061685646
27881,0.061129349017666666,0.6268790478165437,0.061129349017666666
27882,0.08404302784178763,0.4823477491422999,0.08404302784178763
27883,0.09034065298611764,0.33587374958926297,0.09034065298611764
27884,0.11261046795530126,0.20521594477912514,0.11261046795530126
27885,0.046012839267144896,0.07089331196720462,0.046012839267144896
27886,0.08781314167324587,0.18674595849215211,0.08781314167324587
27887,0.6029586784354145,0.3292577564691332,0.6029586784354145
27888,0.04435686528852427,0.3374823218791562,0.04435686528852427
27889,0.06296569228981819,0.11614086039885856,0.06296569228981819
27890,0.3205474239173017,0.6293675015434851,0.3205474239173017
27891,0.23004619387956882,0.7350810531265486,0.23004619387956882
27892,0.05050723179766778,0.07591557721581087,0.05050723179766778
27893,0.11685384592682488,0.2712626366256719,0.11685384592682488
27894,0.2327348723039513,0.5933271117485657,0.2327348723039513
27895,0.05568984247689317,0.5415717141649738,0.05568984247689317
27896,0.08711173600158202,0.40906758820892797,0.08711173600158202
27897,0.04352716084929017,0.11989449452982995,0.04352716084929017
27898,0.11867405878755391,0.23919585114859435,0.11867405878755391
27899,0.10230962137504998,0.3732649466799013,0.10230962137504998
27900,0.6042062698888387,0.7793421887522507,0.6042062698888387
27901,0.14081727785255604,0.1661766495890625,0.14081727785255604
27902,0.05794442512144864,0.26164739614600446,0.05794442512144864
27903,0.13777824294053687,0.16625285684388086,0.13777824294053687
27904,0.2865934829959254,0.18668138982400942,0.2865934829959254
27905,0.06519500079540869,0.49973664672175805,0.06519500079540869
27906,0.08619453773064699,0.34127052291474946,0.08619453773064699
27907,0.9142828597169833,0.9455275744575563,0.9142828597169833
27908,0.14950519424420708,0.5370979332038801,0.14950519424420708
27909,0.16002308946122554,0.5585547887022174,0.16002308946122554
27910,0.33905471676017346,0.8118339956726058,0.33905471676017346
27911,0.2850359107991393,0.646568419806081,0.2850359107991393
27912,0.21369572068346357,0.6111042561349802,0.21369572068346357
27913,0.03332656906385512,0.45769181340793047,0.03332656906385512
27914,0.10091878191671695,0.5532816588138832,0.10091878191671695
27915,0.0517316419531848,0.3478019660672279,0.0517316419531848
27916,0.2525113227563665,0.38382022471934957,0.2525113227563665
27917,0.060288792313628284,0.6678392746547636,0.060288792313628284
27918,0.1333140951549756,0.9003285325252758,0.1333140951549756
27919,0.08533399006091562,0.3833663566941495,0.08533399006091562
27920,0.08618161371176011,0.7727513562808802,0.08618161371176011
27921,0.04875218469356482,0.3858700930143646,0.04875218469356482
27922,0.15237517997461708,0.31455622375253633,0.15237517997461708
27923,0.2860261339420929,0.907663189520368,0.2860261339420929
27924,0.13836322008751212,0.07579939227411946,0.13836322008751212
27925,0.015761548858013584,0.058855806073297025,0.015761548858013584
27926,0.23849796784347754,0.21746943368676785,0.23849796784347754
27927,0.04425551875019542,0.19167479404449786,0.04425551875019542
27928,0.7668666682953715,0.8298012701940597,0.7668666682953715
27929,0.0864565166488953,0.6240742593737609,0.0864565166488953
27930,0.3756477523946143,0.2977784691468949,0.3756477523946143
27931,0.661696968575418,0.8728189923913998,0.661696968575418
27932,0.17233792579946494,0.17290689323810254,0.17233792579946494
27933,0.011592201362229887,0.3135788638030507,0.011592201362229887
27934,0.44492994898072713,0.5355928482312963,0.44492994898072713
27935,0.15418685716169678,0.5703867153032498,0.15418685716169678
27936,0.19015382557776983,0.8089115983487507,0.19015382557776983
27937,0.6390168398584434,0.5697956549450564,0.6390168398584434
27938,0.06183704274838916,0.231596244049758,0.06183704274838916
27939,0.0580209995703956,0.2130963078760372,0.0580209995703956
27940,0.07393775007411567,0.2913608065040417,0.07393775007411567
27941,0.10760665289862228,0.20532880959220143,0.10760665289862228
27942,0.020255269310393183,0.060008635964143145,0.020255269310393183
27943,0.025518088204062643,0.6198232225467145,0.025518088204062643
27944,0.221430675129275,0.36587599498779827,0.221430675129275
27945,0.3587075370775151,0.20568067853458916,0.3587075370775151
27946,0.13658875818170296,0.3903895732708374,0.13658875818170296
27947,0.32476538502498514,0.9327390889168007,0.32476538502498514
27948,0.009281276211733724,0.07567147615844781,0.009281276211733724
27949,0.06928202337060838,0.46478509902053994,0.06928202337060838
27950,0.03879998070047213,0.5636817268418456,0.03879998070047213
27951,0.5923967171230421,0.70056572690532,0.5923967171230421
27952,0.12582334209753268,0.8875672784629655,0.12582334209753268
27953,0.08902492212998898,0.5595290456535488,0.08902492212998898
27954,0.08491675411656449,0.7377916540819144,0.08491675411656449
27955,0.029151224108778507,0.6197596997551099,0.029151224108778507
27956,0.4361876301873088,0.6090859739305691,0.4361876301873088
27957,0.03627123892597442,0.28597178934564615,0.03627123892597442
27958,0.6888103591829129,0.8997256279018438,0.6888103591829129
27959,0.34393732216079087,0.38928947299955075,0.34393732216079087
27960,0.21517972092698584,0.5722101243815677,0.21517972092698584
27961,0.07557606359018976,0.2745239305841907,0.07557606359018976
27962,0.7628334200289797,0.8104891425209525,0.7628334200289797
27963,0.05965577346575711,0.09774916393608468,0.05965577346575711
27964,0.02392063852262474,0.06571837332049797,0.02392063852262474
27965,0.03375571248105462,0.056909416549847436,0.03375571248105462
27966,0.23434348710346392,0.5270603617783336,0.23434348710346392
27967,0.1874994081346479,0.14055057760847153,0.1874994081346479
27968,0.11172467234649422,0.6317981885820847,0.11172467234649422
27969,0.5833684553099693,0.8812739901683383,0.5833684553099693
27970,0.33381904479577873,0.675176977391178,0.33381904479577873
27971,0.09177457720678855,0.40619343505740796,0.09177457720678855
27972,0.07308128734185486,0.5403681448048455,0.07308128734185486
27973,0.8225784705897592,0.8109869996052593,0.8225784705897592
27974,0.07285275128852534,0.22123559251736755,0.07285275128852534
27975,0.0741408373856161,0.21776895316270362,0.0741408373856161
27976,0.027925522820180487,0.10946897684584145,0.027925522820180487
27977,0.0471300301698696,0.1878020623617585,0.0471300301698696
27978,0.04395173510558229,0.3235191724624312,0.04395173510558229
27979,0.2932527688263571,0.8720536483524947,0.2932527688263571
27980,0.027969586216874977,0.113679607878676,0.027969586216874977
27981,0.06555105572102776,0.6470943369281579,0.06555105572102776
27982,0.10597821202911553,0.7539623627047747,0.10597821202911553
27983,0.6629593252628053,0.9375115136219209,0.6629593252628053
27984,0.217378005918701,0.2722697608004427,0.217378005918701
27985,0.055761241317952404,0.8299680338590383,0.055761241317952404
27986,0.4892830943070558,0.3303435385228456,0.4892830943070558
27987,0.1512154743737748,0.5085365799021069,0.1512154743737748
27988,0.022552228500414665,0.25698850986801575,0.022552228500414665
27989,0.08250591016309453,0.24718956458040686,0.08250591016309453
27990,0.08656792460720372,0.5168262606384669,0.08656792460720372
27991,0.2423453313044489,0.7621754355772242,0.2423453313044489
27992,0.020559648013103025,0.04187671960918546,0.020559648013103025
27993,0.09710398341641134,0.07817284360679014,0.09710398341641134
27994,0.3260611308870936,0.5840567031703086,0.3260611308870936
27995,0.09033465489367849,0.6338124270083375,0.09033465489367849
27996,0.07152627300702369,0.11257210120492632,0.07152627300702369
27997,0.06913889910159655,0.21274575839715335,0.06913889910159655
27998,0.19218659377400793,0.7670982464670656,0.19218659377400793
27999,0.3527932769059513,0.6883808078849311,0.3527932769059513
28000,0.08224406108249004,0.19189517750004,0.08224406108249004
28001,0.020863627458716755,0.047292478403351663,0.020863627458716755
28002,0.014041020489171217,0.020698516767033066,0.014041020489171217
28003,0.0936064822440565,0.44247596894459845,0.0936064822440565
28004,0.08257633258652271,0.3582547298310908,0.08257633258652271
28005,0.3080723362271504,0.43486965894775065,0.3080723362271504
28006,0.13899563091839828,0.34159924025460836,0.13899563091839828
28007,0.07180999627996788,0.6389437414512598,0.07180999627996788
28008,0.07116073716691675,0.594348929446969,0.07116073716691675
28009,0.048903028001385844,0.4975236633846173,0.048903028001385844
28010,0.08138337232101286,0.10493534181817862,0.08138337232101286
28011,0.024465661112484913,0.6271008167165586,0.024465661112484913
28012,0.8049604341812514,0.8336821005189436,0.8049604341812514
28013,0.4117358135214685,0.5696979931966302,0.4117358135214685
28014,0.10164320448592119,0.07143381122087268,0.10164320448592119
28015,0.2526398660395755,0.5297786555982958,0.2526398660395755
28016,0.27242073227460306,0.853103633302254,0.27242073227460306
28017,0.07509089511073792,0.29868715030112425,0.07509089511073792
28018,0.12468507894158212,0.4359923283947196,0.12468507894158212
28019,0.08747296752390155,0.08262995107978582,0.08747296752390155
28020,0.09477422011637694,0.033395638384522586,0.09477422011637694
28021,0.18663443447447278,0.2744968789781461,0.18663443447447278
28022,0.6400594344186737,0.5010895703217519,0.6400594344186737
28023,0.26132496407116,0.3333798163531742,0.26132496407116
28024,0.059487435613308666,0.3565282474613688,0.059487435613308666
28025,0.5626185622768578,0.8093268335459277,0.5626185622768578
28026,0.03692462905168803,0.2715832503965538,0.03692462905168803
28027,0.21490309868555063,0.4348787429962615,0.21490309868555063
28028,0.04912972499018189,0.7748382639402313,0.04912972499018189
28029,0.17249384708570048,0.1688459615128526,0.17249384708570048
28030,0.38534005204117244,0.6653016802089261,0.38534005204117244
28031,0.024693793972511775,0.039605379195430564,0.024693793972511775
28032,0.02743772449640448,0.4087026166699807,0.02743772449640448
28033,0.24843192594559835,0.07985399339003815,0.24843192594559835
28034,0.22745653501628607,0.3992061284932685,0.22745653501628607
28035,0.1304727527192885,0.14102810959450998,0.1304727527192885
28036,0.09752395985440555,0.17623486936317187,0.09752395985440555
28037,0.014523733973415253,0.19437033553079036,0.014523733973415253
28038,0.055759707819840396,0.06814833717281904,0.055759707819840396
28039,0.1064254067063974,0.49460809729379845,0.1064254067063974
28040,0.1742069644076856,0.8583278361484151,0.1742069644076856
28041,0.1355068016791894,0.7353747511680548,0.1355068016791894
28042,0.05397723729819111,0.15104091340934275,0.05397723729819111
28043,0.6589596386885038,0.8548313031164672,0.6589596386885038
28044,0.3679758886417285,0.4131617201831397,0.3679758886417285
28045,0.05112234300129931,0.2636418606576648,0.05112234300129931
28046,0.0642904735600565,0.4491994067508684,0.0642904735600565
28047,0.16932370868106356,0.5410317843015606,0.16932370868106356
28048,0.13609089875213287,0.10703608264865311,0.13609089875213287
28049,0.08245912530614723,0.7627521015856044,0.08245912530614723
28050,0.028812373943086236,0.13530781379848977,0.028812373943086236
28051,0.0639018876378527,0.5684441769710596,0.0639018876378527
28052,0.37114035419288216,0.7816719172634566,0.37114035419288216
28053,0.16043674244608072,0.21740416203597326,0.16043674244608072
28054,0.3626426220175061,0.058976755989773304,0.3626426220175061
28055,0.04598580863977735,0.06973240481134098,0.04598580863977735
28056,0.25677592918605585,0.9030764099260775,0.25677592918605585
28057,0.09405360477767341,0.7850894990094578,0.09405360477767341
28058,0.046406142791381715,0.09087908703686565,0.046406142791381715
28059,0.036729604558523414,0.11724291350207648,0.036729604558523414
28060,0.05572523249480735,0.39010077950124644,0.05572523249480735
28061,0.09784758649765415,0.3619807841734092,0.09784758649765415
28062,0.1739639286868024,0.3145428389408612,0.1739639286868024
28063,0.20788131841615337,0.23613807623154656,0.20788131841615337
28064,0.045951329215496224,0.4055653299212385,0.045951329215496224
28065,0.09717984895716275,0.3606398386088243,0.09717984895716275
28066,0.10442847350422399,0.6469863949240797,0.10442847350422399
28067,0.07376672376306957,0.8801890763632221,0.07376672376306957
28068,0.08407802814060845,0.19117068180460586,0.08407802814060845
28069,0.04982275922670929,0.3373822619989221,0.04982275922670929
28070,0.033817627032770144,0.6295584315800566,0.033817627032770144
28071,0.0768380940574033,0.42455569379932095,0.0768380940574033
28072,0.03511887930314129,0.3010635364298241,0.03511887930314129
28073,0.04079358343134653,0.1959910338715007,0.04079358343134653
28074,0.3657201008242966,0.558908842868196,0.3657201008242966
28075,0.029355637277391485,0.040762728509673,0.029355637277391485
28076,0.11387743959490704,0.5643020782315509,0.11387743959490704
28077,0.08405772841334985,0.3119767000776187,0.08405772841334985
28078,0.08535431321319106,0.7452658441842841,0.08535431321319106
28079,0.17135421987128213,0.8870208863079669,0.17135421987128213
28080,0.25068068598645943,0.5001217024753107,0.25068068598645943
28081,0.2302983674742669,0.772961828897728,0.2302983674742669
28082,0.3111282675849471,0.8279930910610851,0.3111282675849471
28083,0.028589934792619814,0.029801589899600973,0.028589934792619814
28084,0.03724949708095018,0.05280613941273845,0.03724949708095018
28085,0.6257888588856845,0.7122390178225383,0.6257888588856845
28086,0.2590854447598475,0.5876705154215819,0.2590854447598475
28087,0.1077035090680846,0.8995421378459608,0.1077035090680846
28088,0.09766539031314649,0.5486356217803298,0.09766539031314649
28089,0.13865382449868627,0.2975345978504576,0.13865382449868627
28090,0.12651019048939768,0.666249001610711,0.12651019048939768
28091,0.03887503481567026,0.1718805175536079,0.03887503481567026
28092,0.03213855674561421,0.03866218256941988,0.03213855674561421
28093,0.21141877975766918,0.5890657026136018,0.21141877975766918
28094,0.012199447400582025,0.3804365211198241,0.012199447400582025
28095,0.7145613021815009,0.6032544165271447,0.7145613021815009
28096,0.195870264307641,0.35752630766818044,0.195870264307641
28097,0.13911687459229355,0.1613437239026166,0.13911687459229355
28098,0.11752654535746168,0.6848006915299409,0.11752654535746168
28099,0.04862290104527073,0.3680185034550215,0.04862290104527073
28100,0.0653963661284514,0.29047801499745324,0.0653963661284514
28101,0.10128614740911449,0.6521538939468129,0.10128614740911449
28102,0.07131954500512573,0.3538542069728034,0.07131954500512573
28103,0.09026932923687066,0.638073531726687,0.09026932923687066
28104,0.11471680008831148,0.8550845191699139,0.11471680008831148
28105,0.04869041018175214,0.09910296666395785,0.04869041018175214
28106,0.1004171373482774,0.13135033294229326,0.1004171373482774
28107,0.11423985267093525,0.3519517835275718,0.11423985267093525
28108,0.18148647247297692,0.07516027784266316,0.18148647247297692
28109,0.11604791058424374,0.1797545922481184,0.11604791058424374
28110,0.215111640402926,0.8793334762875483,0.215111640402926
28111,0.04167723852335392,0.5099040556390371,0.04167723852335392
28112,0.2750356583750065,0.41295222332357173,0.2750356583750065
28113,0.07950260543977246,0.7016680843959999,0.07950260543977246
28114,0.033912473687091445,0.16479814161461967,0.033912473687091445
28115,0.09227592933641958,0.6269989365167433,0.09227592933641958
28116,0.05422568757926926,0.15051204976071442,0.05422568757926926
28117,0.03893084229389533,0.21452457810916756,0.03893084229389533
28118,0.08281543259503746,0.19335118500564394,0.08281543259503746
28119,0.31803541017954307,0.6483545557640625,0.31803541017954307
28120,0.686787263702483,0.7121623398049658,0.686787263702483
28121,0.419664081547075,0.6986097201125531,0.419664081547075
28122,0.026752936519698754,0.006850444475456709,0.026752936519698754
28123,0.06582493727002912,0.1412563390730155,0.06582493727002912
28124,0.24418235902464686,0.38756057206990563,0.24418235902464686
28125,0.45963706723353326,0.877013908884828,0.45963706723353326
28126,0.35913144451123225,0.3126846339756119,0.35913144451123225
28127,0.3005069942824645,0.6463738595812618,0.3005069942824645
28128,0.06463374952911356,0.1400203837521854,0.06463374952911356
28129,0.5048207911851197,0.9092345046889613,0.5048207911851197
28130,0.13561923857639072,0.3973578355485825,0.13561923857639072
28131,0.1838621681797964,0.2043986776716069,0.1838621681797964
28132,0.3602052332296869,0.9252904030451657,0.3602052332296869
28133,0.1489137414150121,0.6926908218744097,0.1489137414150121
28134,0.06365052244771527,0.12852956255322973,0.06365052244771527
28135,0.08064016120260267,0.8884294376489505,0.08064016120260267
28136,0.049204183656651884,0.8083307391782345,0.049204183656651884
28137,0.06902297874094639,0.19677651595905343,0.06902297874094639
28138,0.025045791010051315,0.47625392786461995,0.025045791010051315
28139,0.15232021536563803,0.818905078141625,0.15232021536563803
28140,0.6694725178646966,0.9311664757675878,0.6694725178646966
28141,0.031726790319883354,0.0315795391542802,0.031726790319883354
28142,0.020855801139275956,0.046090494136058105,0.020855801139275956
28143,0.2398429391625994,0.17153367627245295,0.2398429391625994
28144,0.09074236074948436,0.8037664603858609,0.09074236074948436
28145,0.2871165580144732,0.3534027719859401,0.2871165580144732
28146,0.06803294498638339,0.30806996583823637,0.06803294498638339
28147,0.15245676780012196,0.44540054865510725,0.15245676780012196
28148,0.5427755862445942,0.430289363027391,0.5427755862445942
28149,0.02696501711958506,0.20209696231987093,0.02696501711958506
28150,0.20396799912128863,0.5264008134296239,0.20396799912128863
28151,0.03132328164122511,0.47973288650884727,0.03132328164122511
28152,0.4156183134412453,0.38337573379309725,0.4156183134412453
28153,0.11197831954368283,0.20882876035721357,0.11197831954368283
28154,0.04182834485893796,0.1438279025617823,0.04182834485893796
28155,0.021453986405878808,0.649292337995623,0.021453986405878808
28156,0.004729271369219128,0.09203577038464957,0.004729271369219128
28157,0.14149867889495252,0.1448435155007019,0.14149867889495252
28158,0.29594644133955317,0.9366834997716378,0.29594644133955317
28159,0.18214086113378705,0.6941609088827164,0.18214086113378705
28160,0.038394569678072726,0.08742928780804428,0.038394569678072726
28161,0.16272674340106036,0.6638292832918121,0.16272674340106036
28162,0.23599452441861085,0.880100744463514,0.23599452441861085
28163,0.19607473386866367,0.4010202891928714,0.19607473386866367
28164,0.4412809745922052,0.766406877897003,0.4412809745922052
28165,0.07709567926961382,0.26418092946041466,0.07709567926961382
28166,0.593070215564508,0.926578994489328,0.593070215564508
28167,0.11876031068012996,0.253649070753082,0.11876031068012996
28168,0.3609843550765584,0.4714354957053523,0.3609843550765584
28169,0.04016138489641418,0.1697129711917786,0.04016138489641418
28170,0.09472711588928963,0.5981541346466106,0.09472711588928963
28171,0.11409662228502485,0.23772478687398488,0.11409662228502485
28172,0.07709647730901613,0.2626224413010609,0.07709647730901613
28173,0.015044680132439824,0.1785976669772889,0.015044680132439824
28174,0.059630751841381745,0.22904746235851875,0.059630751841381745
28175,0.046823169216463296,0.37778082705395827,0.046823169216463296
28176,0.005004096668593453,0.022769925902456797,0.005004096668593453
28177,0.05295246746234316,0.17541510603868807,0.05295246746234316
28178,0.09476569076977975,0.8480529382157597,0.09476569076977975
28179,0.2505380585379782,0.6187426232015745,0.2505380585379782
28180,0.10259200220951613,0.21434545156177673,0.10259200220951613
28181,0.0756059510145743,0.22808427202332066,0.0756059510145743
28182,0.030811884559556673,0.24580279219758475,0.030811884559556673
28183,0.09507078652448227,0.07665602063252361,0.09507078652448227
28184,0.05140943560971145,0.23090439748650876,0.05140943560971145
28185,0.10894584623338009,0.24614860989263912,0.10894584623338009
28186,0.13927856502569252,0.41157522299801813,0.13927856502569252
28187,0.16757498880110355,0.2707239178069992,0.16757498880110355
28188,0.0444160334764028,0.11224426348411551,0.0444160334764028
28189,0.051080360063350684,0.19927787930044252,0.051080360063350684
28190,0.15918385266831478,0.5247247266878945,0.15918385266831478
28191,0.04668938300282975,0.09616088426003994,0.04668938300282975
28192,0.062005231381480584,0.1339598185414139,0.062005231381480584
28193,0.09790353122249307,0.9064858590414818,0.09790353122249307
28194,0.019249718107103426,0.29137098618638213,0.019249718107103426
28195,0.4077716370269599,0.7909313895100406,0.4077716370269599
28196,0.800066568899229,0.8383295193067565,0.800066568899229
28197,0.07834940260085743,0.41612538349803224,0.07834940260085743
28198,0.5906357452032841,0.814824718819815,0.5906357452032841
28199,0.15366172613556026,0.3464805771677546,0.15366172613556026
28200,0.06518180791354504,0.383832608062771,0.06518180791354504
28201,0.06519055538393971,0.41813743946918985,0.06519055538393971
28202,0.06574493763857402,0.2592976947294309,0.06574493763857402
28203,0.39383683905704847,0.6641230117593264,0.39383683905704847
28204,0.04700630818419329,0.1496295139184786,0.04700630818419329
28205,0.5060758577293605,0.46990602009927246,0.5060758577293605
28206,0.1986520089531419,0.3983652509589823,0.1986520089531419
28207,0.3574931053325305,0.6920816749700466,0.3574931053325305
28208,0.10925050429606982,0.543769932062129,0.10925050429606982
28209,0.15855944860483878,0.3986187086333454,0.15855944860483878
28210,0.03596036721470813,0.28120585483317256,0.03596036721470813
28211,0.8456166278064642,0.6641451169089125,0.8456166278064642
28212,0.5345772263312718,0.401206363954084,0.5345772263312718
28213,0.46936026927569685,0.8620447727155622,0.46936026927569685
28214,0.012512270191106024,0.20694557531915223,0.012512270191106024
28215,0.529312494604358,0.6374306508171713,0.529312494604358
28216,0.3220804588756133,0.3463662060733309,0.3220804588756133
28217,0.12456533034726225,0.6212889301445427,0.12456533034726225
28218,0.6741411263559632,0.8101505975657166,0.6741411263559632
28219,0.352231539632139,0.06993741308811531,0.352231539632139
28220,0.2224743303344814,0.5770969126453253,0.2224743303344814
28221,0.056192663039836666,0.1902139421473803,0.056192663039836666
28222,0.25943321614428483,0.8771425991164347,0.25943321614428483
28223,0.2081174887037141,0.9140726956458037,0.2081174887037141
28224,0.19484784827227394,0.18444702978401242,0.19484784827227394
28225,0.19616633692834193,0.36689644662756393,0.19616633692834193
28226,0.06285413504317006,0.09621325751060399,0.06285413504317006
28227,0.14652618609938933,0.8877231427172363,0.14652618609938933
28228,0.049574012273586,0.6889296628683077,0.049574012273586
28229,0.8034327401676005,0.6778539450838659,0.8034327401676005
28230,0.02930996018974429,0.0574954634638135,0.02930996018974429
28231,0.44303120705186344,0.8556371971065007,0.44303120705186344
28232,0.3618223943138163,0.47655830140709887,0.3618223943138163
28233,0.3027740447936696,0.7041878357334392,0.3027740447936696
28234,0.672997394069225,0.9346741850507745,0.672997394069225
28235,0.05672776280374279,0.22523567798803062,0.05672776280374279
28236,0.16043739645827285,0.17803585457454582,0.16043739645827285
28237,0.10273984909734736,0.25784483373916306,0.10273984909734736
28238,0.07758974715584856,0.8266948205450507,0.07758974715584856
28239,0.10274509769238929,0.27339006647470054,0.10274509769238929
28240,0.3235088236820304,0.17492242696562402,0.3235088236820304
28241,0.10274011248849543,0.1398840966323413,0.10274011248849543
28242,0.29164098495671836,0.6239731768510677,0.29164098495671836
28243,0.10380797237450355,0.311319796954138,0.10380797237450355
28244,0.10703789705843049,0.4646956531516148,0.10703789705843049
28245,0.0358264471746883,0.6967947095363307,0.0358264471746883
28246,0.04396505349881738,0.11725584801199923,0.04396505349881738
28247,0.41446999277474084,0.17356172245552992,0.41446999277474084
28248,0.18884807033374895,0.5329461817092213,0.18884807033374895
28249,0.03755913815103754,0.525524829158205,0.03755913815103754
28250,0.3955702543783665,0.8752828082978706,0.3955702543783665
28251,0.1911422057691841,0.6285383248381574,0.1911422057691841
28252,0.12759023229109437,0.33147517918079406,0.12759023229109437
28253,0.39155587138149645,0.9143557096662244,0.39155587138149645
28254,0.2059884807258016,0.15659882666106603,0.2059884807258016
28255,0.33692545401324575,0.6219963991400579,0.33692545401324575
28256,0.8657030273873397,0.7031950109985781,0.8657030273873397
28257,0.04229537298422749,0.19287633200145465,0.04229537298422749
28258,0.0740349769259923,0.14107253032379122,0.0740349769259923
28259,0.06012275927126979,0.8236143399941973,0.06012275927126979
28260,0.31655627112217194,0.16964373703164928,0.31655627112217194
28261,0.1304038416513578,0.12876983886561208,0.1304038416513578
28262,0.052544173063033536,0.21980179510978026,0.052544173063033536
28263,0.07269263746105446,0.32875565519570027,0.07269263746105446
28264,0.3895446160179671,0.5215479908891059,0.3895446160179671
28265,0.07025445026163037,0.5774826594945999,0.07025445026163037
28266,0.01591840393265279,0.052795995308029586,0.01591840393265279
28267,0.33067305792684537,0.8746475218433972,0.33067305792684537
28268,0.03856359087698425,0.09625669002927614,0.03856359087698425
28269,0.06700822582976229,0.11003934261618784,0.06700822582976229
28270,0.14879920908445543,0.8937356218401994,0.14879920908445543
28271,0.8642477767553167,0.633733753291007,0.8642477767553167
28272,0.1473554954936725,0.7609866218193199,0.1473554954936725
28273,0.2198325339926681,0.18092218586939482,0.2198325339926681
28274,0.39000916578591077,0.6080251346357776,0.39000916578591077
28275,0.3544548762315777,0.7351718092325128,0.3544548762315777
28276,0.4312367353528435,0.8701845658949736,0.4312367353528435
28277,0.03032759855270824,0.10523006275526396,0.03032759855270824
28278,0.18847801049455004,0.7400797411433255,0.18847801049455004
28279,0.7467085015364885,0.8953915291994257,0.7467085015364885
28280,0.09452478611178111,0.36340937751468855,0.09452478611178111
28281,0.02210933420659533,0.09449971664708377,0.02210933420659533
28282,0.023261937607239706,0.07780688852539609,0.023261937607239706
28283,0.010736930698167719,0.09622134439691846,0.010736930698167719
28284,0.7822231462626829,0.1438201971383138,0.7822231462626829
28285,0.4170530221501729,0.614062706037446,0.4170530221501729
28286,0.03565211374777419,0.11140317721780715,0.03565211374777419
28287,0.05975277499045172,0.45055740648708315,0.05975277499045172
28288,0.22313581227218798,0.41105243123694607,0.22313581227218798
28289,0.013242600294310491,0.056179393460639666,0.013242600294310491
28290,0.06915665770816652,0.05165978525425779,0.06915665770816652
28291,0.5566630537737758,0.869054290645624,0.5566630537737758
28292,0.13720531888020668,0.518426175493926,0.13720531888020668
28293,0.036135055495707016,0.38251015255310716,0.036135055495707016
28294,0.2553775776738781,0.4361590201083245,0.2553775776738781
28295,0.06035035804164218,0.47498138181363747,0.06035035804164218
28296,0.4271285325265907,0.2107311202379478,0.4271285325265907
28297,0.11723610954745996,0.047205352644370036,0.11723610954745996
28298,0.12548372620301118,0.31821130606926396,0.12548372620301118
28299,0.34260450587160085,0.5656008745162036,0.34260450587160085
28300,0.005338904744560735,0.04495976682463798,0.005338904744560735
28301,0.04785278678249799,0.18630213744626,0.04785278678249799
28302,0.17792814741118013,0.34013660129165335,0.17792814741118013
28303,0.9446101654215567,0.9662515402850542,0.9446101654215567
28304,0.08969608500110934,0.38182667857481795,0.08969608500110934
28305,0.02918807636527169,0.18963824722868672,0.02918807636527169
28306,0.09259816791548162,0.1971970964965522,0.09259816791548162
28307,0.14464450137583812,0.6513395546844525,0.14464450137583812
28308,0.33327027704376255,0.9354376275322182,0.33327027704376255
28309,0.06681878420670669,0.23817228226641868,0.06681878420670669
28310,0.17543163319158467,0.4815106730398009,0.17543163319158467
28311,0.09192629962946186,0.5193782954166938,0.09192629962946186
28312,0.07316921825832566,0.37278652358882236,0.07316921825832566
28313,0.02871324952337018,0.24375980058066926,0.02871324952337018
28314,0.08813838833457084,0.3671730429067935,0.08813838833457084
28315,0.7231541231568481,0.9136068090241427,0.7231541231568481
28316,0.02590637207271498,0.12038521481542218,0.02590637207271498
28317,0.032997685566339266,0.06763528944411269,0.032997685566339266
28318,0.031132094620539716,0.1953266236728615,0.031132094620539716
28319,0.06297015864736595,0.25565844120024006,0.06297015864736595
28320,0.4548896476978025,0.7982541010816582,0.4548896476978025
28321,0.16145346627583113,0.9704043670374729,0.16145346627583113
28322,0.5316198948288117,0.9126297125425986,0.5316198948288117
28323,0.12673994478024303,0.6230301946021589,0.12673994478024303
28324,0.03829789687268907,0.902022749072626,0.03829789687268907
28325,0.07055431655992545,0.6677121429571371,0.07055431655992545
28326,0.30314901200154165,0.6521197304535414,0.30314901200154165
28327,0.4617455965724143,0.5825377931464666,0.4617455965724143
28328,0.6719608949257608,0.4432932272779494,0.6719608949257608
28329,0.16554088910665699,0.7253463251702219,0.16554088910665699
28330,0.2544479914767875,0.40543874727990337,0.2544479914767875
28331,0.13351969822048645,0.34342071311738115,0.13351969822048645
28332,0.007695816262164426,0.06355450298039537,0.007695816262164426
28333,0.1658397269122981,0.41740414102192097,0.1658397269122981
28334,0.18818471655295155,0.279264296030201,0.18818471655295155
28335,0.04092868321048295,0.22581083581586456,0.04092868321048295
28336,0.4338968882444363,0.49726038693413577,0.4338968882444363
28337,0.13874270185227996,0.29879371277839645,0.13874270185227996
28338,0.1416756998198939,0.288773934085861,0.1416756998198939
28339,0.8666541157106169,0.7630797661316268,0.8666541157106169
28340,0.14868038948877074,0.35084669674261665,0.14868038948877074
28341,0.5569762022291455,0.8982768662284688,0.5569762022291455
28342,0.10820242453519631,0.14462030180301297,0.10820242453519631
28343,0.42394086588970176,0.5273234279565354,0.42394086588970176
28344,0.04369123585997167,0.1896140245666573,0.04369123585997167
28345,0.06551012065422733,0.5859857928554429,0.06551012065422733
28346,0.19743350590467068,0.5267928422032037,0.19743350590467068
28347,0.1958441197710441,0.6765254821644843,0.1958441197710441
28348,0.019449187323044438,0.2297502590306394,0.019449187323044438
28349,0.04472203310207756,0.18010653003694976,0.04472203310207756
28350,0.5930833687887995,0.9446998862445977,0.5930833687887995
28351,0.12570939246715374,0.44156845297167224,0.12570939246715374
28352,0.24530907783455622,0.6776538452787423,0.24530907783455622
28353,0.3246491669917852,0.7013653446886243,0.3246491669917852
28354,0.02550479421537756,0.043552285347239164,0.02550479421537756
28355,0.14962089756104424,0.2581020839589986,0.14962089756104424
28356,0.17297523750779628,0.8176150477200432,0.17297523750779628
28357,0.013776593799089616,0.04567084184134758,0.013776593799089616
28358,0.2928044759661005,0.5812119400979348,0.2928044759661005
28359,0.08763504815869938,0.9604783069060073,0.08763504815869938
28360,0.3078447473030403,0.8239410243053445,0.3078447473030403
28361,0.1387413090209768,0.29938720589147216,0.1387413090209768
28362,0.10678654987242978,0.8773661713933354,0.10678654987242978
28363,0.6024993081956342,0.8522819635382849,0.6024993081956342
28364,0.7404543495300923,0.9421749083569311,0.7404543495300923
28365,0.023088128478677424,0.07393583256067845,0.023088128478677424
28366,0.04724101167163647,0.1463722281008706,0.04724101167163647
28367,0.08509296716260684,0.5311159156469774,0.08509296716260684
28368,0.36442688737416146,0.7198331208376698,0.36442688737416146
28369,0.043627668166069576,0.04673485090873315,0.043627668166069576
28370,0.09880930242798984,0.7344277153765733,0.09880930242798984
28371,0.06907076030663441,0.10172504702314301,0.06907076030663441
28372,0.17999234401520786,0.4054539112591847,0.17999234401520786
28373,0.22018921503719102,0.11944302339253444,0.22018921503719102
28374,0.2482937557499628,0.34805090982411596,0.2482937557499628
28375,0.18071854273936602,0.33200730490772085,0.18071854273936602
28376,0.07480873577945671,0.6032427651361577,0.07480873577945671
28377,0.10915344882622392,0.3545316169305049,0.10915344882622392
28378,0.059933314742011794,0.2035514927160255,0.059933314742011794
28379,0.17344264701587034,0.24510782379691562,0.17344264701587034
28380,0.151573926291516,0.2189644458445151,0.151573926291516
28381,0.7041361688249091,0.8651206144868233,0.7041361688249091
28382,0.22961601080307184,0.3207787965979468,0.22961601080307184
28383,0.03553943697652702,0.15934166839958142,0.03553943697652702
28384,0.10364024106622399,0.28188932955688867,0.10364024106622399
28385,0.6472657806638306,0.807965403842224,0.6472657806638306
28386,0.15739308542037092,0.07995601842855653,0.15739308542037092
28387,0.10350432180168119,0.8819863843311287,0.10350432180168119
28388,0.42077692061012734,0.6770882711732701,0.42077692061012734
28389,0.07874291395535878,0.2334497793234016,0.07874291395535878
28390,0.5614465771166339,0.7755728739484697,0.5614465771166339
28391,0.048037841815920794,0.1678306212088664,0.048037841815920794
28392,0.1628275580802378,0.2897613772280799,0.1628275580802378
28393,0.05667622996434798,0.9642174616004558,0.05667622996434798
28394,0.06406172600493429,0.4894382751254856,0.06406172600493429
28395,0.05851564419434654,0.8400616869786456,0.05851564419434654
28396,0.044542967245172274,0.2559881325816384,0.044542967245172274
28397,0.17247244842945672,0.5917871754405571,0.17247244842945672
28398,0.12810209951128523,0.18484589245792044,0.12810209951128523
28399,0.830919042969956,0.8653329457200959,0.830919042969956
28400,0.01877388491894347,0.787598120676776,0.01877388491894347
28401,0.021102765781160146,0.07818075925453684,0.021102765781160146
28402,0.3009321651087951,0.43273608596405794,0.3009321651087951
28403,0.43753530652660194,0.8174454439947536,0.43753530652660194
28404,0.13884009799420957,0.783278881956286,0.13884009799420957
28405,0.039658790450530716,0.3160946574888675,0.039658790450530716
28406,0.03441826269974936,0.17344117091180575,0.03441826269974936
28407,0.7728761657002307,0.4411593188898252,0.7728761657002307
28408,0.12892279606075352,0.8273207379726635,0.12892279606075352
28409,0.025213817067339987,0.162924873326456,0.025213817067339987
28410,0.6762390595354845,0.8407460574170634,0.6762390595354845
28411,0.24007267970214566,0.17469075753213384,0.24007267970214566
28412,0.8855406306683071,0.8085804691404783,0.8855406306683071
28413,0.1422325975493121,0.2333114962494406,0.1422325975493121
28414,0.9316615168789808,0.9770179184460352,0.9316615168789808
28415,0.015763904751322295,0.02875115761950596,0.015763904751322295
28416,0.05696382684538125,0.4956336064741868,0.05696382684538125
28417,0.09520641790914418,0.2894212148783116,0.09520641790914418
28418,0.47492253089461495,0.2428751184930982,0.47492253089461495
28419,0.7213842617518571,0.6279963540937713,0.7213842617518571
28420,0.3826119050301999,0.7543445029112645,0.3826119050301999
28421,0.030088410332500915,0.37958860401676103,0.030088410332500915
28422,0.07182501126916403,0.19893578191977013,0.07182501126916403
28423,0.043328516500347254,0.09597906105850018,0.043328516500347254
28424,0.439035012330312,0.13258009558954156,0.439035012330312
28425,0.056754408764222185,0.20808591411219968,0.056754408764222185
28426,0.06317613330251486,0.2674426601673471,0.06317613330251486
28427,0.6175286275909389,0.5005407696021468,0.6175286275909389
28428,0.039389854350641476,0.4644140045497769,0.039389854350641476
28429,0.5118408835119591,0.13550097739042594,0.5118408835119591
28430,0.3568849017495249,0.7223534692710475,0.3568849017495249
28431,0.7479876215014127,0.7635137123157412,0.7479876215014127
28432,0.014444149719205575,0.07632051614620038,0.014444149719205575
28433,0.1952998212967188,0.4045213148048517,0.1952998212967188
28434,0.13486049211488527,0.587027595240117,0.13486049211488527
28435,0.14621774752970113,0.653946885598967,0.14621774752970113
28436,0.05150408809977746,0.23901297413678912,0.05150408809977746
28437,0.12016779506249997,0.44415575272571534,0.12016779506249997
28438,0.058421058429516386,0.18115734480096052,0.058421058429516386
28439,0.07371970115738503,0.13942365441092403,0.07371970115738503
28440,0.025412584199189306,0.7056270020474594,0.025412584199189306
28441,0.6224170137374759,0.6867295373667669,0.6224170137374759
28442,0.05418264694678572,0.8735262620467109,0.05418264694678572
28443,0.5129322751718308,0.6519614037534829,0.5129322751718308
28444,0.5438242015485864,0.5092470130142905,0.5438242015485864
28445,0.14716156639110642,0.23077288465787318,0.14716156639110642
28446,0.08105457545408735,0.48464381731031647,0.08105457545408735
28447,0.14919972068115986,0.49013508389548144,0.14919972068115986
28448,0.6518059614618801,0.3655763469137366,0.6518059614618801
28449,0.11629716920203927,0.5868203290676062,0.11629716920203927
28450,0.11375653683199377,0.5898047459850769,0.11375653683199377
28451,0.00940917581431639,0.20911334056186243,0.00940917581431639
28452,0.03405037612119448,0.07585117766934502,0.03405037612119448
28453,0.029683977925896225,0.4913264493530444,0.029683977925896225
28454,0.0382671357062268,0.12897917351248278,0.0382671357062268
28455,0.7493061389432616,0.6740200761354385,0.7493061389432616
28456,0.2977631014539959,0.5724767416592518,0.2977631014539959
28457,0.23069939875643303,0.4110584509008321,0.23069939875643303
28458,0.07136895059365088,0.5817390708447465,0.07136895059365088
28459,0.04901842694216992,0.02372554943301466,0.04901842694216992
28460,0.04219825868273821,0.12733038733074206,0.04219825868273821
28461,0.26907635113692707,0.3262341819192531,0.26907635113692707
28462,0.046303295724434056,0.3960817530166792,0.046303295724434056
28463,0.5864278396698893,0.10628629153357416,0.5864278396698893
28464,0.1362905806181755,0.6329981317817185,0.1362905806181755
28465,0.5468435819350088,0.6464136040114808,0.5468435819350088
28466,0.13744055796557272,0.18543145258489094,0.13744055796557272
28467,0.3796561511518761,0.35096980068931477,0.3796561511518761
28468,0.35298553057524806,0.5264646601382593,0.35298553057524806
28469,0.17110608473691283,0.292593997890958,0.17110608473691283
28470,0.2539899977729564,0.5119705179217723,0.2539899977729564
28471,0.1358888080288533,0.5627925785418286,0.1358888080288533
28472,0.06043461003274564,0.3370909291629286,0.06043461003274564
28473,0.04166696431082729,0.1213533790871847,0.04166696431082729
28474,0.035961374522214096,0.06296833126262669,0.035961374522214096
28475,0.42610337548643323,0.40260361110051485,0.42610337548643323
28476,0.08929991518987704,0.1415630414355435,0.08929991518987704
28477,0.04303086660985904,0.08192039704954329,0.04303086660985904
28478,0.0966966065607039,0.5920159914059254,0.0966966065607039
28479,0.29660725416756606,0.3008043324020601,0.29660725416756606
28480,0.05470235937328346,0.20905015646796896,0.05470235937328346
28481,0.041654649616944914,0.5325172303660776,0.041654649616944914
28482,0.2274901916027095,0.7040336485241864,0.2274901916027095
28483,0.02523130552195149,0.28917889011183995,0.02523130552195149
28484,0.08541710108920567,0.6724215822373661,0.08541710108920567
28485,0.04723404795968014,0.04521591938436275,0.04723404795968014
28486,0.02092466393444993,0.030554661209791275,0.02092466393444993
28487,0.06453578360408892,0.21826264571978055,0.06453578360408892
28488,0.16275538223495697,0.418368035896209,0.16275538223495697
28489,0.40734586635242664,0.35104152862530547,0.40734586635242664
28490,0.08238876888475663,0.6520315360060875,0.08238876888475663
28491,0.07336108084926792,0.6852818010008486,0.07336108084926792
28492,0.19053700202824786,0.7242073378456964,0.19053700202824786
28493,0.13364902228029454,0.31319635614665337,0.13364902228029454
28494,0.6529606827138433,0.21725732711420814,0.6529606827138433
28495,0.009751236750369444,0.01742890819581647,0.009751236750369444
28496,0.1234416040778028,0.5548271915923949,0.1234416040778028
28497,0.07991044703402368,0.35859190371650707,0.07991044703402368
28498,0.10854181300248406,0.34379307974605955,0.10854181300248406
28499,0.06312311339740172,0.7352934002380891,0.06312311339740172
28500,0.07111008287229927,0.2812771908953919,0.07111008287229927
28501,0.1676427355782675,0.45746717360733213,0.1676427355782675
28502,0.06135477064871812,0.2443775237783204,0.06135477064871812
28503,0.20484368621606133,0.625041392024507,0.20484368621606133
28504,0.26143863908710624,0.271802547903068,0.26143863908710624
28505,0.06406660416113692,0.10376359292806799,0.06406660416113692
28506,0.7241987375948019,0.9271911927831251,0.7241987375948019
28507,0.04829684677347298,0.09301483988859256,0.04829684677347298
28508,0.609452926881551,0.6240535348384525,0.609452926881551
28509,0.01593336843139646,0.08980365462469302,0.01593336843139646
28510,0.5174981003869383,0.6438419893613493,0.5174981003869383
28511,0.09268843402078666,0.7884609124851819,0.09268843402078666
28512,0.039176447020306676,0.1854085796104199,0.039176447020306676
28513,0.16601190619006792,0.7671157749683428,0.16601190619006792
28514,0.2490323095023449,0.5089101176434945,0.2490323095023449
28515,0.09236369812180462,0.33975230811716206,0.09236369812180462
28516,0.16942966739990972,0.47385203196155923,0.16942966739990972
28517,0.04772700398402019,0.14498777383326222,0.04772700398402019
28518,0.13659337270892102,0.6501657942087118,0.13659337270892102
28519,0.13432108048512273,0.3444562068582241,0.13432108048512273
28520,0.1158014708800992,0.12189154125702356,0.1158014708800992
28521,0.1372333926595487,0.7446027044757881,0.1372333926595487
28522,0.5465059914798673,0.7963458670955901,0.5465059914798673
28523,0.3171770735758083,0.4967952564435947,0.3171770735758083
28524,0.4866394899275827,0.5217518537670548,0.4866394899275827
28525,0.0755790527188648,0.1502360826970699,0.0755790527188648
28526,0.19411304015487227,0.24581112991578538,0.19411304015487227
28527,0.04445636019311392,0.22268552906502356,0.04445636019311392
28528,0.45834602265706265,0.4612652745232898,0.45834602265706265
28529,0.03370642639038778,0.0709951929289634,0.03370642639038778
28530,0.1694751258238153,0.7930965825130559,0.1694751258238153
28531,0.14026607084527065,0.16473191561963607,0.14026607084527065
28532,0.05911648548589757,0.085666953880612,0.05911648548589757
28533,0.0699763124971728,0.1950084411765024,0.0699763124971728
28534,0.09394528758713264,0.11604191412940208,0.09394528758713264
28535,0.18866415292575042,0.6558763268048858,0.18866415292575042
28536,0.05970212458011063,0.3051911655550613,0.05970212458011063
28537,0.13256598489914131,0.5651888594921852,0.13256598489914131
28538,0.7643718553604909,0.8058323409249368,0.7643718553604909
28539,0.02621492426040994,0.09186408258351382,0.02621492426040994
28540,0.13963985665209752,0.923836103851779,0.13963985665209752
28541,0.639858039308354,0.5626826099169544,0.639858039308354
28542,0.06204472771504151,0.037905750673487,0.06204472771504151
28543,0.20010374767292605,0.38649488331353504,0.20010374767292605
28544,0.43713792871046925,0.6067039713287415,0.43713792871046925
28545,0.08247188979395272,0.7139551603636296,0.08247188979395272
28546,0.09692158122046889,0.14066416746601682,0.09692158122046889
28547,0.076298309876326,0.4041804356760587,0.076298309876326
28548,0.028674218691330265,0.15196943184041511,0.028674218691330265
28549,0.030739782470531846,0.1107206662923207,0.030739782470531846
28550,0.03516893422415361,0.08121799677134288,0.03516893422415361
28551,0.12408292507472964,0.9000315096573639,0.12408292507472964
28552,0.1998228832801823,0.3163355728444721,0.1998228832801823
28553,0.19946638225916344,0.6426758931755154,0.19946638225916344
28554,0.11447253385099831,0.34175288545182325,0.11447253385099831
28555,0.16447640745830686,0.5501994567438295,0.16447640745830686
28556,0.026716739298003764,0.12818149466134374,0.026716739298003764
28557,0.08784269674437938,0.6071956978514186,0.08784269674437938
28558,0.024824381841042124,0.3122202145201775,0.024824381841042124
28559,0.04079838461941344,0.0741491692190258,0.04079838461941344
28560,0.11095405237485814,0.43560589427553037,0.11095405237485814
28561,0.5200097999131973,0.9100409162960226,0.5200097999131973
28562,0.22821718780020114,0.41606448365943993,0.22821718780020114
28563,0.04860323976985073,0.33347223581827473,0.04860323976985073
28564,0.07444916983366749,0.366043587890466,0.07444916983366749
28565,0.10115446682991783,0.4215424749927642,0.10115446682991783
28566,0.055308672425600364,0.3263244240259843,0.055308672425600364
28567,0.0766419137551446,0.25524461657728953,0.0766419137551446
28568,0.16375464454055658,0.5688532229980419,0.16375464454055658
28569,0.24505896098052551,0.5626150151990638,0.24505896098052551
28570,0.028826654829821958,0.3039762322051399,0.028826654829821958
28571,0.015178886089959686,0.06847072406907276,0.015178886089959686
28572,0.02622679616594495,0.12245722748525883,0.02622679616594495
28573,0.3362459584046634,0.8645797066615427,0.3362459584046634
28574,0.1808739620232475,0.4771526703250791,0.1808739620232475
28575,0.4401725009394991,0.6711413861675741,0.4401725009394991
28576,0.14970745820286618,0.18927507900138313,0.14970745820286618
28577,0.06948328312177537,0.9187298229672015,0.06948328312177537
28578,0.023221721790072272,0.05387737007591364,0.023221721790072272
28579,0.09316885188146162,0.6521800146310983,0.09316885188146162
28580,0.1567439206659999,0.5576695573093268,0.1567439206659999
28581,0.0385795998874827,0.20784851499486262,0.0385795998874827
28582,0.23506172171844922,0.47582091151462125,0.23506172171844922
28583,0.10665639902632261,0.4665566126568359,0.10665639902632261
28584,0.03851878739814901,0.6118734692489164,0.03851878739814901
28585,0.13415326022271923,0.7318143053963373,0.13415326022271923
28586,0.05579798924676669,0.23712589887786104,0.05579798924676669
28587,0.2948402960977112,0.6905908869610792,0.2948402960977112
28588,0.09718928223444395,0.37973874832331483,0.09718928223444395
28589,0.8229193352192822,0.948989610937983,0.8229193352192822
28590,0.03241650243791078,0.16363762758420905,0.03241650243791078
28591,0.7264662491408466,0.9161686020192312,0.7264662491408466
28592,0.9315254204339983,0.9415445597403664,0.9315254204339983
28593,0.08319837052138296,0.525358254410502,0.08319837052138296
28594,0.07036009758626924,0.10119183753234777,0.07036009758626924
28595,0.07969570773598744,0.781051025146726,0.07969570773598744
28596,0.07366179685451603,0.3290753469319123,0.07366179685451603
28597,0.18714406577725676,0.7429417644695677,0.18714406577725676
28598,0.09071399712483288,0.38225774070087215,0.09071399712483288
28599,0.07812562605011657,0.2647429080917237,0.07812562605011657
28600,0.07833116313495471,0.21374583627963575,0.07833116313495471
28601,0.2662989592654638,0.6745378906898913,0.2662989592654638
28602,0.3543428813451524,0.6477277270300965,0.3543428813451524
28603,0.16575957338222777,0.41605430016219513,0.16575957338222777
28604,0.2507909812070529,0.1826422287754631,0.2507909812070529
28605,0.012555047794773757,0.03793977389408819,0.012555047794773757
28606,0.06635557506543126,0.17064740181508653,0.06635557506543126
28607,0.05197754238925944,0.0442089970976965,0.05197754238925944
28608,0.1595790128211109,0.2911917010223305,0.1595790128211109
28609,0.24072945115707153,0.5446741344395056,0.24072945115707153
28610,0.14310555984544704,0.14127911968974502,0.14310555984544704
28611,0.036906830228270494,0.09868205947216734,0.036906830228270494
28612,0.12683892254862922,0.5542902274446118,0.12683892254862922
28613,0.01296490992789274,0.109097691889307,0.01296490992789274
28614,0.17427919951781878,0.3314672835259617,0.17427919951781878
28615,0.0489625445739918,0.0879203877773651,0.0489625445739918
28616,0.22294340716873715,0.6901237717097379,0.22294340716873715
28617,0.049618274503231245,0.16244510259370334,0.049618274503231245
28618,0.13570529986527577,0.03923671421942888,0.13570529986527577
28619,0.4171599126819508,0.3754101171494175,0.4171599126819508
28620,0.35643165855947756,0.31097861130233034,0.35643165855947756
28621,0.06316093823267313,0.7650814199791577,0.06316093823267313
28622,0.7157685011978419,0.6994835452615201,0.7157685011978419
28623,0.12130652322373865,0.26500198725659546,0.12130652322373865
28624,0.049740735046833746,0.31528140488545514,0.049740735046833746
28625,0.11139568339426156,0.11665084730512396,0.11139568339426156
28626,0.05054754617503626,0.8027199390895874,0.05054754617503626
28627,0.3698886080392665,0.8799408812119006,0.3698886080392665
28628,0.11851823434705233,0.31218483618083026,0.11851823434705233
28629,0.03357672145379278,0.02813630842584755,0.03357672145379278
28630,0.7246230385988046,0.8671340840691014,0.7246230385988046
28631,0.08442604386646914,0.4543216393292566,0.08442604386646914
28632,0.10351851393246864,0.2941999532189942,0.10351851393246864
28633,0.4275835673101404,0.7208732715545728,0.4275835673101404
28634,0.4850686454972816,0.511059899767738,0.4850686454972816
28635,0.1888455974607188,0.7598782699836256,0.1888455974607188
28636,0.027005820331071795,0.26798502075992725,0.027005820331071795
28637,0.6219487773500428,0.6602880879080014,0.6219487773500428
28638,0.10882429218333699,0.22844530841589034,0.10882429218333699
28639,0.07490926625754447,0.6768272041994486,0.07490926625754447
28640,0.07496253299276547,0.7793205487830336,0.07496253299276547
28641,0.07654281914807533,0.4144375593744335,0.07654281914807533
28642,0.16632521866263233,0.6318685972587378,0.16632521866263233
28643,0.014555351143032198,0.1636564756667761,0.014555351143032198
28644,0.24276462921358027,0.3966468831969924,0.24276462921358027
28645,0.023632612481146262,0.1477024811662323,0.023632612481146262
28646,0.311942429740763,0.0634985536077419,0.311942429740763
28647,0.03821494653603409,0.2744099571173867,0.03821494653603409
28648,0.05949649524028082,0.348543076408815,0.05949649524028082
28649,0.5434890443522807,0.35226955864529264,0.5434890443522807
28650,0.315314342590729,0.3068749430318562,0.315314342590729
28651,0.7486376177464784,0.7674199975749185,0.7486376177464784
28652,0.0635138931617197,0.06044897327575731,0.0635138931617197
28653,0.04983646006331674,0.6376818713007341,0.04983646006331674
28654,0.0862717159473709,0.6646771765586924,0.0862717159473709
28655,0.17308680838109142,0.41206127612870735,0.17308680838109142
28656,0.7837588292428159,0.9382232072438649,0.7837588292428159
28657,0.06487293967192162,0.0824850558389673,0.06487293967192162
28658,0.6808266207817968,0.9431247169971824,0.6808266207817968
28659,0.07314173312225467,0.047474365770194336,0.07314173312225467
28660,0.8007704141148515,0.31054854305468843,0.8007704141148515
28661,0.38102015361893476,0.48029030043627424,0.38102015361893476
28662,0.056938006614516305,0.2668917171736847,0.056938006614516305
28663,0.11527299494309812,0.2886263833955215,0.11527299494309812
28664,0.11629183439121919,0.7886081733493583,0.11629183439121919
28665,0.09326359370991366,0.192373220194724,0.09326359370991366
28666,0.10877561795509523,0.05990466919496694,0.10877561795509523
28667,0.15050693449913918,0.4254128773304531,0.15050693449913918
28668,0.09248979148558413,0.14372970430031973,0.09248979148558413
28669,0.3468041369622834,0.6407287076054512,0.3468041369622834
28670,0.17350893711812324,0.15880625426806408,0.17350893711812324
28671,0.21366366423776467,0.44009872163153374,0.21366366423776467
28672,0.07964441456655526,0.8598205723328345,0.07964441456655526
28673,0.1688311029545656,0.4668112598563292,0.1688311029545656
28674,0.0385008693505287,0.234071665491436,0.0385008693505287
28675,0.43747979405182497,0.9393989036119175,0.43747979405182497
28676,0.0320663629470841,0.2477019871182086,0.0320663629470841
28677,0.04025002757310934,0.6889825842657125,0.04025002757310934
28678,0.10855910023938788,0.6737500611205015,0.10855910023938788
28679,0.19068549236418972,0.49395166662373874,0.19068549236418972
28680,0.05209447106518448,0.3712043254297516,0.05209447106518448
28681,0.035483592899647504,0.6459577840163712,0.035483592899647504
28682,0.6853563242541476,0.7419080458733053,0.6853563242541476
28683,0.09667266983117126,0.3016115647571159,0.09667266983117126
28684,0.06369689791469879,0.1814748377129808,0.06369689791469879
28685,0.045471308422899835,0.1795137255481201,0.045471308422899835
28686,0.2359748943323883,0.5259564665722883,0.2359748943323883
28687,0.0244902180765933,0.0767436866035387,0.0244902180765933
28688,0.17533865582741318,0.5241205649164756,0.17533865582741318
28689,0.45201968424099176,0.8663388051868619,0.45201968424099176
28690,0.05769250337456908,0.44039456534589216,0.05769250337456908
28691,0.6045559046671795,0.5481584960112273,0.6045559046671795
28692,0.09088325090408704,0.9511004583221164,0.09088325090408704
28693,0.030629283419501677,0.4737752507708837,0.030629283419501677
28694,0.09318209237878103,0.45624763356901293,0.09318209237878103
28695,0.11669653830636287,0.33110906145213964,0.11669653830636287
28696,0.0982838019474896,0.7142945987238407,0.0982838019474896
28697,0.027786170181434283,0.3439003040023539,0.027786170181434283
28698,0.6443317363977762,0.38908492241774095,0.6443317363977762
28699,0.03571860089385175,0.06234168795562899,0.03571860089385175
28700,0.06422214300772307,0.5204611548364239,0.06422214300772307
28701,0.23663287462888397,0.4466661294452768,0.23663287462888397
28702,0.08162233065672587,0.25007795876333955,0.08162233065672587
28703,0.14165136195264832,0.7154921934244761,0.14165136195264832
28704,0.0851437398560822,0.8400889924594791,0.0851437398560822
28705,0.065316772742666,0.6153713887941972,0.065316772742666
28706,0.24167873987188265,0.3978303907714537,0.24167873987188265
28707,0.03390960685526367,0.1231490798172871,0.03390960685526367
28708,0.11191729278773013,0.08368061299840697,0.11191729278773013
28709,0.04447034788962573,0.020045869174198195,0.04447034788962573
28710,0.6263316648586186,0.8756287856279751,0.6263316648586186
28711,0.35744229742319855,0.8117044673515631,0.35744229742319855
28712,0.07731406628266906,0.3848777756813815,0.07731406628266906
28713,0.18808620872794782,0.38663895302983353,0.18808620872794782
28714,0.6630605670510863,0.752002124135767,0.6630605670510863
28715,0.35215524629293815,0.7806322714403348,0.35215524629293815
28716,0.019198328115866095,0.062200311397820444,0.019198328115866095
28717,0.13749558529161715,0.5960723491285567,0.13749558529161715
28718,0.05145115363709708,0.28563007823074993,0.05145115363709708
28719,0.027475999052369752,0.04924263861233771,0.027475999052369752
28720,0.06946237522714903,0.10825993024041734,0.06946237522714903
28721,0.0690729580982162,0.32667779948436876,0.0690729580982162
28722,0.09651717724436966,0.6167379768528833,0.09651717724436966
28723,0.023278272554000244,0.8300282955031321,0.023278272554000244
28724,0.0419372314727795,0.24629970397911444,0.0419372314727795
28725,0.1158757244658329,0.8251903216108525,0.1158757244658329
28726,0.1475208866853216,0.3595862867210732,0.1475208866853216
28727,0.13476610613185067,0.4872482824499413,0.13476610613185067
28728,0.08585127289915086,0.23266659827706618,0.08585127289915086
28729,0.22070123212840667,0.7482416606604528,0.22070123212840667
28730,0.2666344543296156,0.29411498531350766,0.2666344543296156
28731,0.0840365161524986,0.5102922195411764,0.0840365161524986
28732,0.045967894958209764,0.14608756015185329,0.045967894958209764
28733,0.21505468469753036,0.4687348509914022,0.21505468469753036
28734,0.11738420121169336,0.5154814572479476,0.11738420121169336
28735,0.05815226839174711,0.27503871225356535,0.05815226839174711
28736,0.13731244438721815,0.24271739949097704,0.13731244438721815
28737,0.24705271902039896,0.8465378651194938,0.24705271902039896
28738,0.0773861350014692,0.6579762624559802,0.0773861350014692
28739,0.6894202825887287,0.9238428935006193,0.6894202825887287
28740,0.2554982644671309,0.8319296444662025,0.2554982644671309
28741,0.01224073827373988,0.211046703722836,0.01224073827373988
28742,0.07989996390298866,0.10151400226458043,0.07989996390298866
28743,0.08973154073762854,0.13201084376743022,0.08973154073762854
28744,0.03927319714286346,0.7895786994201153,0.03927319714286346
28745,0.2204465080747733,0.9401875407399113,0.2204465080747733
28746,0.1966960103109306,0.09825479889788495,0.1966960103109306
28747,0.09574618979050906,0.6948002656398053,0.09574618979050906
28748,0.6990245193601436,0.8951024084414284,0.6990245193601436
28749,0.04945336956327065,0.5718787422482833,0.04945336956327065
28750,0.10683645779478722,0.3318410097960551,0.10683645779478722
28751,0.08912948242620128,0.6174825206212073,0.08912948242620128
28752,0.22290809591892474,0.041596454116998076,0.22290809591892474
28753,0.10321493958701179,0.057748759977696594,0.10321493958701179
28754,0.4778247304916967,0.40447731950009336,0.4778247304916967
28755,0.07602558713755707,0.3864847642106557,0.07602558713755707
28756,0.14660287305474287,0.224872088766743,0.14660287305474287
28757,0.08686779838885027,0.6052844520163471,0.08686779838885027
28758,0.014432328224512724,0.16007015686060064,0.014432328224512724
28759,0.06427295544409824,0.38285521629139113,0.06427295544409824
28760,0.07112408225057688,0.41529836236052764,0.07112408225057688
28761,0.21542207068626218,0.35980295148679925,0.21542207068626218
28762,0.18463078285149112,0.641240965585128,0.18463078285149112
28763,0.09424329260884867,0.16698384907925587,0.09424329260884867
28764,0.32006833412546587,0.48153036859521325,0.32006833412546587
28765,0.10856516600735015,0.6971147137609485,0.10856516600735015
28766,0.09407016412236174,0.5759448289609904,0.09407016412236174
28767,0.07799966872009495,0.45706937961178984,0.07799966872009495
28768,0.18496958233134614,0.336082129232842,0.18496958233134614
28769,0.16224070589696815,0.4793163089986497,0.16224070589696815
28770,0.213682681062316,0.8117647339931465,0.213682681062316
28771,0.19424973247596128,0.853135111284896,0.19424973247596128
28772,0.08228765679132305,0.47334938034285556,0.08228765679132305
28773,0.06276563298060478,0.3164688964944634,0.06276563298060478
28774,0.5702199529171494,0.5448224397322529,0.5702199529171494
28775,0.05940646435070014,0.5801030561406886,0.05940646435070014
28776,0.08904976830416159,0.3203956862735924,0.08904976830416159
28777,0.034659699458520196,0.3578353542092581,0.034659699458520196
28778,0.1346502256085412,0.3215724397599444,0.1346502256085412
28779,0.5769260811830107,0.8666977925300289,0.5769260811830107
28780,0.046998060440128886,0.08733400954111947,0.046998060440128886
28781,0.06364815331391473,0.5822648022503552,0.06364815331391473
28782,0.055292375657345724,0.7073592325743246,0.055292375657345724
28783,0.03984524072284648,0.19228550618809098,0.03984524072284648
28784,0.09942407566741311,0.20828445784577115,0.09942407566741311
28785,0.17387629723519324,0.28366812038792566,0.17387629723519324
28786,0.029918614519321533,0.16851119305746667,0.029918614519321533
28787,0.07919148527226354,0.0871281217137334,0.07919148527226354
28788,0.026698479070830547,0.03936556046420558,0.026698479070830547
28789,0.61678596971571,0.38783172125016196,0.61678596971571
28790,0.17648007912751118,0.4702281243444706,0.17648007912751118
28791,0.8661312372590849,0.9178139477061982,0.8661312372590849
28792,0.4646330564220621,0.7711520541977603,0.4646330564220621
28793,0.3718847684395483,0.6422285061220739,0.3718847684395483
28794,0.07587016121732282,0.02711837934553061,0.07587016121732282
28795,0.0776339408723549,0.08313113728633646,0.0776339408723549
28796,0.049440175887007554,0.1579215945115529,0.049440175887007554
28797,0.42915327566645184,0.6887675632112492,0.42915327566645184
28798,0.07714441046097564,0.47946281023795007,0.07714441046097564
28799,0.17887781706946979,0.2175111032223,0.17887781706946979
28800,0.06908606719436211,0.16269180327116722,0.06908606719436211
28801,0.09585384817896848,0.14980087271871045,0.09585384817896848
28802,0.270728157306155,0.13697664064030757,0.270728157306155
28803,0.057532563628572814,0.6938094267026427,0.057532563628572814
28804,0.0962469728892996,0.8678421469028994,0.0962469728892996
28805,0.021812856416394882,0.10477635467675905,0.021812856416394882
28806,0.33953456196276327,0.803538133637132,0.33953456196276327
28807,0.12763308023888692,0.18563387304255913,0.12763308023888692
28808,0.03363245542889874,0.27069332161272497,0.03363245542889874
28809,0.03072473917684779,0.7915702308939023,0.03072473917684779
28810,0.052070881296445874,0.24911247004014303,0.052070881296445874
28811,0.11793317667148458,0.58578416673143,0.11793317667148458
28812,0.03965116950677431,0.0679910309308323,0.03965116950677431
28813,0.1748690877849388,0.5100456782736937,0.1748690877849388
28814,0.37880467155453296,0.34918503436308285,0.37880467155453296
28815,0.12299562734422845,0.21643798513181273,0.12299562734422845
28816,0.06337796892192167,0.38485709980745275,0.06337796892192167
28817,0.03437644809745987,0.0969704497113923,0.03437644809745987
28818,0.06762950974192498,0.2765870174166234,0.06762950974192498
28819,0.07386775829090524,0.6997715477135467,0.07386775829090524
28820,0.06406762567495067,0.16699351310651026,0.06406762567495067
28821,0.05968712001446327,0.08911227142303005,0.05968712001446327
28822,0.07971649512218552,0.08570520783577416,0.07971649512218552
28823,0.29698036575114956,0.8872310553352887,0.29698036575114956
28824,0.3920666372101009,0.6740341440641029,0.3920666372101009
28825,0.0894770723794226,0.31534302216525156,0.0894770723794226
28826,0.17561934426728837,0.38212276085604313,0.17561934426728837
28827,0.7391131964610737,0.7698937169012436,0.7391131964610737
28828,0.05907023803549285,0.09607120679168561,0.05907023803549285
28829,0.16630237687151367,0.33646594818684683,0.16630237687151367
28830,0.059979499078304965,0.23063125825780992,0.059979499078304965
28831,0.08017845004540013,0.08225821250808987,0.08017845004540013
28832,0.10836700783891694,0.4213483017572415,0.10836700783891694
28833,0.08429569658599859,0.6565893329228102,0.08429569658599859
28834,0.5212052004308604,0.4071963807093058,0.5212052004308604
28835,0.3492150047505306,0.3440982499086755,0.3492150047505306
28836,0.01184012556646087,0.41825085624354635,0.01184012556646087
28837,0.5093595467527561,0.6080213815462912,0.5093595467527561
28838,0.38777425946670024,0.7131676622230927,0.38777425946670024
28839,0.19884700794678734,0.6767379010898819,0.19884700794678734
28840,0.022344722858375323,0.2584673327022899,0.022344722858375323
28841,0.20522964814505257,0.49853982083543374,0.20522964814505257
28842,0.2101221675022319,0.06786988646277471,0.2101221675022319
28843,0.11340419058006708,0.8048412317463626,0.11340419058006708
28844,0.039927966544292356,0.14278925427978145,0.039927966544292356
28845,0.12315689637011465,0.10230983680291528,0.12315689637011465
28846,0.32472597032579087,0.646307902728653,0.32472597032579087
28847,0.042831967297650576,0.20912279864884986,0.042831967297650576
28848,0.14335522151222926,0.5647676199182787,0.14335522151222926
28849,0.08073297166606672,0.42972010943501876,0.08073297166606672
28850,0.0733318902928869,0.24821855182857444,0.0733318902928869
28851,0.04994131360375685,0.13338287449838468,0.04994131360375685
28852,0.4127463530768081,0.6143677647266861,0.4127463530768081
28853,0.025638648126224534,0.1626530579899036,0.025638648126224534
28854,0.18841743014787402,0.9142802800815483,0.18841743014787402
28855,0.08433358212181281,0.11679292692823139,0.08433358212181281
28856,0.028262196542239073,0.1763823500650328,0.028262196542239073
28857,0.06509175903952946,0.456424489649162,0.06509175903952946
28858,0.07578175240775555,0.7905368946384441,0.07578175240775555
28859,0.1065917967076442,0.32103545102917164,0.1065917967076442
28860,0.10502917338781514,0.3502562070627252,0.10502917338781514
28861,0.4495673828993217,0.8900998193174521,0.4495673828993217
28862,0.15557667097670058,0.4351788287533955,0.15557667097670058
28863,0.09919499371221914,0.8561386417394886,0.09919499371221914
28864,0.5934342909695897,0.33825659377148465,0.5934342909695897
28865,0.057766436652781875,0.8331474951743237,0.057766436652781875
28866,0.17531915613304885,0.31816195538314035,0.17531915613304885
28867,0.0924608179055851,0.21009710761082176,0.0924608179055851
28868,0.03751627824540291,0.02468003234530759,0.03751627824540291
28869,0.02190070169658785,0.09043636191912885,0.02190070169658785
28870,0.04916499758493335,0.07787061784409367,0.04916499758493335
28871,0.11572201513969547,0.07288552579152806,0.11572201513969547
28872,0.06195017398916123,0.5922147664749612,0.06195017398916123
28873,0.013884257405081198,0.027631742908292754,0.013884257405081198
28874,0.06280823917081559,0.5780331337008898,0.06280823917081559
28875,0.047037621467148426,0.3750526950492329,0.047037621467148426
28876,0.22078295276797105,0.6572037547994382,0.22078295276797105
28877,0.03613446446722075,0.07234705212913406,0.03613446446722075
28878,0.14002721300628204,0.4523748866615181,0.14002721300628204
28879,0.08102568610038148,0.5327570100720441,0.08102568610038148
28880,0.3897935067506818,0.432766925960278,0.3897935067506818
28881,0.06056783817558105,0.11901434163898608,0.06056783817558105
28882,0.38262260274162924,0.8554300809821611,0.38262260274162924
28883,0.5811352245572395,0.4075440804276031,0.5811352245572395
28884,0.24588254770077136,0.1275191544797654,0.24588254770077136
28885,0.09885948240591205,0.25581051338934835,0.09885948240591205
28886,0.16022352008882174,0.3927360271521271,0.16022352008882174
28887,0.053404449054833984,0.0625519478202267,0.053404449054833984
28888,0.04230925137580264,0.2444301860694736,0.04230925137580264
28889,0.02246022761439965,0.13223016491760778,0.02246022761439965
28890,0.12033693728828096,0.4822184189859325,0.12033693728828096
28891,0.20316215526125686,0.5434819289119663,0.20316215526125686
28892,0.219252201988689,0.40559617116530117,0.219252201988689
28893,0.11186546770802488,0.6950850885131014,0.11186546770802488
28894,0.15999794264421763,0.21441514926616465,0.15999794264421763
28895,0.07796356415365252,0.41463242735771794,0.07796356415365252
28896,0.07414166597815955,0.06998601928214224,0.07414166597815955
28897,0.5591118076318935,0.8308205501515225,0.5591118076318935
28898,0.0206268706880141,0.33291743744243024,0.0206268706880141
28899,0.09192902396142003,0.32278682821721577,0.09192902396142003
28900,0.08212508739928145,0.041099729274727236,0.08212508739928145
28901,0.0737712499146285,0.9282942713001021,0.0737712499146285
28902,0.26480862194929855,0.36362182249242114,0.26480862194929855
28903,0.1366864660625924,0.06889052730340092,0.1366864660625924
28904,0.10318952754834226,0.6425192476065651,0.10318952754834226
28905,0.22402040536584336,0.8112135412354893,0.22402040536584336
28906,0.05422336791605508,0.5692027913262974,0.05422336791605508
28907,0.007329669737605589,0.005924451253268629,0.007329669737605589
28908,0.7904409526033808,0.7818233718617,0.7904409526033808
28909,0.6262085454253308,0.6571621085076661,0.6262085454253308
28910,0.034975326389712486,0.24066553767493556,0.034975326389712486
28911,0.139682511167976,0.41838068087929664,0.139682511167976
28912,0.10429160367114035,0.8407596886554,0.10429160367114035
28913,0.5526746242857127,0.6246769761610675,0.5526746242857127
28914,0.16047448945051299,0.67462254355458,0.16047448945051299
28915,0.03884239033150713,0.03591085750140637,0.03884239033150713
28916,0.04136505038013455,0.3703769728004346,0.04136505038013455
28917,0.1145081094667858,0.806198356178972,0.1145081094667858
28918,0.5494905391347772,0.5611824446963072,0.5494905391347772
28919,0.10116839690220455,0.7468124974550814,0.10116839690220455
28920,0.3616883967301525,0.615739330725324,0.3616883967301525
28921,0.10472754990562376,0.4555531024909768,0.10472754990562376
28922,0.14878646890770766,0.5979344508469372,0.14878646890770766
28923,0.45483704081273124,0.7354638733487091,0.45483704081273124
28924,0.019212576820814252,0.8663344041224724,0.019212576820814252
28925,0.2870791568418231,0.5302570314290719,0.2870791568418231
28926,0.21968417197367868,0.09599905989393852,0.21968417197367868
28927,0.07779511934854125,0.04305002958094056,0.07779511934854125
28928,0.685731510686933,0.8048204580453533,0.685731510686933
28929,0.036781058547105734,0.1917273251981091,0.036781058547105734
28930,0.07429740143070267,0.19331347784652084,0.07429740143070267
28931,0.33761582673495516,0.6115909392065927,0.33761582673495516
28932,0.6172950677661718,0.2181661503822817,0.6172950677661718
28933,0.06891635183692733,0.28169207446091815,0.06891635183692733
28934,0.22096726652852636,0.3661721475861273,0.22096726652852636
28935,0.20532926759223652,0.44127665147475226,0.20532926759223652
28936,0.03374330997352497,0.17808407790722033,0.03374330997352497
28937,0.269187878053565,0.5307697454343419,0.269187878053565
28938,0.01364186749051845,0.2811702564336708,0.01364186749051845
28939,0.04570424419582205,0.3431284255494326,0.04570424419582205
28940,0.7103490493619049,0.6833116737884739,0.7103490493619049
28941,0.16611430937604013,0.8003038189008955,0.16611430937604013
28942,0.08777472880909179,0.21682287773436038,0.08777472880909179
28943,0.0780632743621031,0.09626896968364634,0.0780632743621031
28944,0.03942446399675684,0.24193244698191582,0.03942446399675684
28945,0.01856212521229933,0.11134068531219311,0.01856212521229933
28946,0.4493592124187672,0.31821363689556437,0.4493592124187672
28947,0.057458750087358804,0.1439474256618768,0.057458750087358804
28948,0.15577309937322018,0.7839661137164773,0.15577309937322018
28949,0.12331695905032586,0.41431676204682016,0.12331695905032586
28950,0.0912997614818076,0.8952741851050596,0.0912997614818076
28951,0.040159466723074,0.07113129252374749,0.040159466723074
28952,0.0345155346885702,0.5429136426643513,0.0345155346885702
28953,0.06395180185938308,0.7618120942173583,0.06395180185938308
28954,0.14725474789912302,0.10129450156894051,0.14725474789912302
28955,0.09383077355438409,0.6355438629913589,0.09383077355438409
28956,0.21978038900769245,0.5870321757197204,0.21978038900769245
28957,0.022720876198583786,0.13031803056861505,0.022720876198583786
28958,0.08330466971196492,0.21555651101082712,0.08330466971196492
28959,0.1444515208736269,0.41137912844854635,0.1444515208736269
28960,0.0707139204180688,0.30845404011510374,0.0707139204180688
28961,0.24645893790698553,0.2954406689147596,0.24645893790698553
28962,0.07669544932169571,0.07164673916467354,0.07669544932169571
28963,0.012547246245162355,0.29311744518753585,0.012547246245162355
28964,0.030921420818829204,0.31868246265042316,0.030921420818829204
28965,0.38702287266325763,0.1315510655188862,0.38702287266325763
28966,0.09696692516178675,0.12325928964915106,0.09696692516178675
28967,0.39193167512042476,0.6514123144052737,0.39193167512042476
28968,0.1922523882795917,0.6095027425407739,0.1922523882795917
28969,0.014157742221045135,0.2519852809666784,0.014157742221045135
28970,0.03647071406424619,0.10258505005270263,0.03647071406424619
28971,0.07309361078092397,0.6850521117071968,0.07309361078092397
28972,0.07579324775205887,0.5619166360585197,0.07579324775205887
28973,0.07018454455007114,0.38755579499250126,0.07018454455007114
28974,0.05327045369802499,0.07196755895859637,0.05327045369802499
28975,0.04053077868411196,0.2109089436753122,0.04053077868411196
28976,0.08424389947229463,0.44433574064926623,0.08424389947229463
28977,0.1763505486793509,0.3387476340961156,0.1763505486793509
28978,0.021216311193777565,0.2113020213322009,0.021216311193777565
28979,0.4514778357044294,0.960604059049399,0.4514778357044294
28980,0.15191137217933579,0.35744291929213,0.15191137217933579
28981,0.662725536448407,0.912699111633604,0.662725536448407
28982,0.08758460887987514,0.09769596545683357,0.08758460887987514
28983,0.022459799294410672,0.028559910394373163,0.022459799294410672
28984,0.2733181661834912,0.5596655980797276,0.2733181661834912
28985,0.4577899280581532,0.293890111078891,0.4577899280581532
28986,0.4229391900372993,0.5079041912437425,0.4229391900372993
28987,0.22052686387357512,0.6013612101030427,0.22052686387357512
28988,0.4924715386848581,0.3596726639735244,0.4924715386848581
28989,0.26913398113534737,0.805544958084456,0.26913398113534737
28990,0.17616564946957997,0.289251876904052,0.17616564946957997
28991,0.318919365886967,0.4905035647497795,0.318919365886967
28992,0.049707928586823436,0.1939859056821066,0.049707928586823436
28993,0.08004325103306019,0.22853642346054648,0.08004325103306019
28994,0.1939835716637215,0.32745338524542,0.1939835716637215
28995,0.2084671134755578,0.7989961197468609,0.2084671134755578
28996,0.18803562331428628,0.3229208477263537,0.18803562331428628
28997,0.1165167892094443,0.3447085677478809,0.1165167892094443
28998,0.6552953521444081,0.9018622761953914,0.6552953521444081
28999,0.08343259849994235,0.29464419897628574,0.08343259849994235
29000,0.6651791342958221,0.5973736539087094,0.6651791342958221
29001,0.03901083323039576,0.3535688780278531,0.03901083323039576
29002,0.13110398886163843,0.21288480394386988,0.13110398886163843
29003,0.6164408893979986,0.8006473188886291,0.6164408893979986
29004,0.28768939376000324,0.6811322496626575,0.28768939376000324
29005,0.11233370656732493,0.6869810881920115,0.11233370656732493
29006,0.04073298381894764,0.12848989004722308,0.04073298381894764
29007,0.11835055802624843,0.7785010596076959,0.11835055802624843
29008,0.2231891488626087,0.3452406408856767,0.2231891488626087
29009,0.03436919542373637,0.2926220011156622,0.03436919542373637
29010,0.10630580186651618,0.47306443085484046,0.10630580186651618
29011,0.0495148435279367,0.17784044495098772,0.0495148435279367
29012,0.23043385473597006,0.23617291996831308,0.23043385473597006
29013,0.06349280241994304,0.39257413603692365,0.06349280241994304
29014,0.14608949364603432,0.3664596495491117,0.14608949364603432
29015,0.10389315888711206,0.34305508106205385,0.10389315888711206
29016,0.09787285924338941,0.5384751663024324,0.09787285924338941
29017,0.040425829418397834,0.5276949446788514,0.040425829418397834
29018,0.04033932894179007,0.11778819755422985,0.04033932894179007
29019,0.18317419608147487,0.4358300317803522,0.18317419608147487
29020,0.198408735743323,0.29615501715965326,0.198408735743323
29021,0.4875900745891432,0.42387605312893945,0.4875900745891432
29022,0.6545210801413621,0.5039585704987893,0.6545210801413621
29023,0.6025547531528622,0.7812561794176984,0.6025547531528622
29024,0.3673253862187358,0.3385970889897949,0.3673253862187358
29025,0.08123254761660414,0.26933352760578577,0.08123254761660414
29026,0.584654144601376,0.4760789083603624,0.584654144601376
29027,0.3954101371639007,0.8324135905090557,0.3954101371639007
29028,0.17976411006552245,0.16768904204512158,0.17976411006552245
29029,0.0434219033563941,0.30897777151892586,0.0434219033563941
29030,0.07226629171076661,0.28341858443289447,0.07226629171076661
29031,0.03525348082107497,0.24126650769492192,0.03525348082107497
29032,0.6364996797568656,0.8371681569370255,0.6364996797568656
29033,0.15939147858706587,0.4914555470036445,0.15939147858706587
29034,0.8518218973424164,0.40494118539295865,0.8518218973424164
29035,0.021221091226234553,0.10728140422619249,0.021221091226234553
29036,0.01680751868563801,0.2971699747035864,0.01680751868563801
29037,0.09455317415876485,0.8116873653817579,0.09455317415876485
29038,0.06529828513694647,0.2465424333154997,0.06529828513694647
29039,0.3362203595663273,0.7373582506459114,0.3362203595663273
29040,0.030476737462048147,0.16100432313052254,0.030476737462048147
29041,0.15626183830412965,0.2157641247682691,0.15626183830412965
29042,0.04784895506754218,0.00976576765430894,0.04784895506754218
29043,0.07966899856509618,0.4693824159700295,0.07966899856509618
29044,0.7937212435287369,0.5770108364611026,0.7937212435287369
29045,0.2639263564013885,0.376843417680368,0.2639263564013885
29046,0.026551773541278148,0.1738962283940585,0.026551773541278148
29047,0.13659649289340825,0.1309186869176261,0.13659649289340825
29048,0.6168790256686696,0.5334924087679267,0.6168790256686696
29049,0.7494273044015635,0.8010571966825337,0.7494273044015635
29050,0.04418955697427642,0.7234080909583795,0.04418955697427642
29051,0.7213160294375839,0.47512721260712454,0.7213160294375839
29052,0.15771241669226516,0.24884546113878864,0.15771241669226516
29053,0.0782101638893938,0.27939425425949227,0.0782101638893938
29054,0.04912156939453385,0.155209959281271,0.04912156939453385
29055,0.06000425249515704,0.699698354208194,0.06000425249515704
29056,0.08949888907261107,0.6763188936491842,0.08949888907261107
29057,0.15731839638312706,0.8432431445773323,0.15731839638312706
29058,0.03463090524331159,0.07421013351885021,0.03463090524331159
29059,0.030174260920855078,0.23899468093607862,0.030174260920855078
29060,0.23113492355198764,0.5286919224010289,0.23113492355198764
29061,0.05042788586173553,0.19216345738097684,0.05042788586173553
29062,0.22541226122220856,0.3578811526667106,0.22541226122220856
29063,0.8184032781022312,0.6982203070719882,0.8184032781022312
29064,0.9029123995187305,0.927502381021611,0.9029123995187305
29065,0.10392743076288573,0.2504842858098335,0.10392743076288573
29066,0.23874598767612296,0.8666821359502623,0.23874598767612296
29067,0.7383050685297341,0.9043342245285605,0.7383050685297341
29068,0.011738847363012356,0.13659031613618633,0.011738847363012356
29069,0.09002715346995767,0.7766525191883014,0.09002715346995767
29070,0.014274711342438224,0.46205387407399384,0.014274711342438224
29071,0.45726544783918205,0.313472634078603,0.45726544783918205
29072,0.026883554674070713,0.3799478988106358,0.026883554674070713
29073,0.13116472374424118,0.22667851289816812,0.13116472374424118
29074,0.5430937098122053,0.8335957150760506,0.5430937098122053
29075,0.08505511531059456,0.513916207819379,0.08505511531059456
29076,0.5137674825764215,0.5888031678490223,0.5137674825764215
29077,0.20243699689027592,0.8725096959857465,0.20243699689027592
29078,0.08052981534470353,0.49018700618023453,0.08052981534470353
29079,0.7501559077852582,0.5463215910591273,0.7501559077852582
29080,0.06201769201658897,0.5155105336227438,0.06201769201658897
29081,0.11558550100007947,0.5854253278912235,0.11558550100007947
29082,0.045112801795133786,0.05308921256288278,0.045112801795133786
29083,0.09499257115068957,0.14007964576877965,0.09499257115068957
29084,0.417073433790706,0.4295442730110692,0.417073433790706
29085,0.13487910154200058,0.6207840512699604,0.13487910154200058
29086,0.7585429478964725,0.6481661323561494,0.7585429478964725
29087,0.22045898706144604,0.22317946100068328,0.22045898706144604
29088,0.08538647253308754,0.42012022548198147,0.08538647253308754
29089,0.02704916247457974,0.09539202995720296,0.02704916247457974
29090,0.03978490163625945,0.7217815870890933,0.03978490163625945
29091,0.17647800164984906,0.8995549666216373,0.17647800164984906
29092,0.2068342253534026,0.1937525131317511,0.2068342253534026
29093,0.35705935311864145,0.7119178035853344,0.35705935311864145
29094,0.015807186497078442,0.019925760720912768,0.015807186497078442
29095,0.07617243629411373,0.23258573058585374,0.07617243629411373
29096,0.22337779710155742,0.30333411533455956,0.22337779710155742
29097,0.052361879693762714,0.11245239843926128,0.052361879693762714
29098,0.3430321150800473,0.9065072717044049,0.3430321150800473
29099,0.7680825853368218,0.6039293962666192,0.7680825853368218
29100,0.42421410374772345,0.7287044584023193,0.42421410374772345
29101,0.09083295798770737,0.2539402327620725,0.09083295798770737
29102,0.12629840594333042,0.815626080642525,0.12629840594333042
29103,0.6154447716479282,0.3707180611660029,0.6154447716479282
29104,0.08762779466888355,0.6048539677857105,0.08762779466888355
29105,0.25802926478121424,0.8324914614409265,0.25802926478121424
29106,0.10759458313251066,0.587477209468618,0.10759458313251066
29107,0.06895346408072744,0.15430471816572716,0.06895346408072744
29108,0.4185649955143653,0.6469422787474975,0.4185649955143653
29109,0.030177102438799296,0.37404029638456654,0.030177102438799296
29110,0.08216397500541486,0.3816169416286648,0.08216397500541486
29111,0.7871766446683947,0.8846910609826683,0.7871766446683947
29112,0.4374620945851918,0.5340301734444091,0.4374620945851918
29113,0.41212380161667517,0.1509941364640201,0.41212380161667517
29114,0.1701296730372407,0.3235173961435599,0.1701296730372407
29115,0.09983572453656689,0.6220061859517206,0.09983572453656689
29116,0.10520064247583401,0.42588851327793387,0.10520064247583401
29117,0.3399446121728173,0.41050918978088297,0.3399446121728173
29118,0.24969530270387588,0.7161981017074235,0.24969530270387588
29119,0.936586513839317,0.9664670625018813,0.936586513839317
29120,0.07758836719682434,0.10923781205134075,0.07758836719682434
29121,0.023547127774638063,0.029716654981234516,0.023547127774638063
29122,0.3194789014904288,0.8965811119672308,0.3194789014904288
29123,0.01708691814931962,0.06348215545618162,0.01708691814931962
29124,0.08055898044260498,0.2431127195706763,0.08055898044260498
29125,0.04390495373379424,0.4475028379525599,0.04390495373379424
29126,0.6045376913379651,0.023574272127813968,0.6045376913379651
29127,0.6358360062009859,0.6652099015812383,0.6358360062009859
29128,0.0947609187357788,0.6266949885086409,0.0947609187357788
29129,0.05686534484835387,0.19082841591414898,0.05686534484835387
29130,0.22361339075376835,0.7056784389594144,0.22361339075376835
29131,0.05649621186233303,0.13446491407514585,0.05649621186233303
29132,0.6132522685267993,0.43584823457404365,0.6132522685267993
29133,0.050645662781996476,0.27021274928038147,0.050645662781996476
29134,0.11026423865552455,0.22213643377331277,0.11026423865552455
29135,0.09359634319702693,0.5350646416666492,0.09359634319702693
29136,0.03580001829614513,0.12854396122669715,0.03580001829614513
29137,0.08307001763066381,0.13496748182352616,0.08307001763066381
29138,0.1819260150618052,0.10161983609283454,0.1819260150618052
29139,0.03762046583929148,0.1880799981420305,0.03762046583929148
29140,0.06799777890057332,0.20082067773495016,0.06799777890057332
29141,0.19387700740289504,0.10489811251751799,0.19387700740289504
29142,0.3844432602451494,0.47633990355067685,0.3844432602451494
29143,0.10686669423625175,0.4446614622936179,0.10686669423625175
29144,0.568332141563827,0.8259021250941561,0.568332141563827
29145,0.7194116653381257,0.6503626233198135,0.7194116653381257
29146,0.06385311473976851,0.17983292910439164,0.06385311473976851
29147,0.06412017585082852,0.6379876965712665,0.06412017585082852
29148,0.1421906093439973,0.7674663665175755,0.1421906093439973
29149,0.11142687974265396,0.7561223245741622,0.11142687974265396
29150,0.056125860609328566,0.22663119877587992,0.056125860609328566
29151,0.07756755322516007,0.24179508707689323,0.07756755322516007
29152,0.35376737829074556,0.30520046919305416,0.35376737829074556
29153,0.047504730003698835,0.17907252356418574,0.047504730003698835
29154,0.09115027036474661,0.37950768631654874,0.09115027036474661
29155,0.14162953509028509,0.8304074979262251,0.14162953509028509
29156,0.046180478809179276,0.21406136253715127,0.046180478809179276
29157,0.03626287568631793,0.11202338597779064,0.03626287568631793
29158,0.03565998325572365,0.7928492556434089,0.03565998325572365
29159,0.1996909604813736,0.6516519507071342,0.1996909604813736
29160,0.04766392027513026,0.03148549150020488,0.04766392027513026
29161,0.7956383091427682,0.5043592955253479,0.7956383091427682
29162,0.0673255331434475,0.2885129650849776,0.0673255331434475
29163,0.025976085764550867,0.07966905336282788,0.025976085764550867
29164,0.016436866555128653,0.1084434462367332,0.016436866555128653
29165,0.8051382049327392,0.9424948489055073,0.8051382049327392
29166,0.19128323877711387,0.4294293420737759,0.19128323877711387
29167,0.04206675046445405,0.06992768655229958,0.04206675046445405
29168,0.16200050733038565,0.5363107106234961,0.16200050733038565
29169,0.633740622524789,0.41114421853383104,0.633740622524789
29170,0.07992191488705197,0.7273203054410101,0.07992191488705197
29171,0.1451394610017422,0.5217881040361526,0.1451394610017422
29172,0.06140449249730962,0.5174115586359456,0.06140449249730962
29173,0.03270472687500501,0.27915301908602363,0.03270472687500501
29174,0.3480732881791068,0.08556222386431883,0.3480732881791068
29175,0.260109816325495,0.43399758284292533,0.260109816325495
29176,0.15338922997098928,0.5271636585907382,0.15338922997098928
29177,0.37389385988035523,0.23983157671965963,0.37389385988035523
29178,0.2749523574588724,0.42615296689621607,0.2749523574588724
29179,0.02661144847702617,0.5294203975187073,0.02661144847702617
29180,0.03243486995754145,0.7291251137958228,0.03243486995754145
29181,0.15955818810087766,0.5100579162843821,0.15955818810087766
29182,0.038185231751458756,0.10381546503791479,0.038185231751458756
29183,0.21987977942064377,0.49509823206060083,0.21987977942064377
29184,0.03275075304428027,0.09558916440352196,0.03275075304428027
29185,0.08426281424259113,0.13056618516392535,0.08426281424259113
29186,0.08022182791610592,0.755395300176079,0.08022182791610592
29187,0.1160986316507785,0.25150549620389845,0.1160986316507785
29188,0.0241086988027977,0.09047887133671789,0.0241086988027977
29189,0.08851115563505087,0.2592847477544823,0.08851115563505087
29190,0.2935620702138999,0.3441395948723053,0.2935620702138999
29191,0.07872428680736732,0.27407778243871944,0.07872428680736732
29192,0.05743576590391027,0.07607002085291596,0.05743576590391027
29193,0.26131356520074245,0.3769177275611707,0.26131356520074245
29194,0.032865730635574915,0.12776694671531683,0.032865730635574915
29195,0.04640143078975616,0.7726669105751682,0.04640143078975616
29196,0.08104892628422365,0.17213151526059783,0.08104892628422365
29197,0.03506702323560427,0.1960474705448243,0.03506702323560427
29198,0.29532922180470494,0.3510513708995665,0.29532922180470494
29199,0.03083532334842073,0.23017763129742216,0.03083532334842073
29200,0.45408083203089616,0.08830251468374108,0.45408083203089616
29201,0.13096709510099191,0.19458395074481455,0.13096709510099191
29202,0.38874012202134817,0.7204883215860193,0.38874012202134817
29203,0.09075781279386777,0.5427962242815195,0.09075781279386777
29204,0.07158326291282512,0.585078369619476,0.07158326291282512
29205,0.052554186226723205,0.6947917843822631,0.052554186226723205
29206,0.13331542881092895,0.5366899675468508,0.13331542881092895
29207,0.1420546191306084,0.3784636598260594,0.1420546191306084
29208,0.15216687489057742,0.8605765845687995,0.15216687489057742
29209,0.045654062218817584,0.12453116433986221,0.045654062218817584
29210,0.07105426126649043,0.05842043031283059,0.07105426126649043
29211,0.3295224299726395,0.1801615277019237,0.3295224299726395
29212,0.04984666923282673,0.08509996510409563,0.04984666923282673
29213,0.03935025722925534,0.11632860032176781,0.03935025722925534
29214,0.16814086763923153,0.5542903290382956,0.16814086763923153
29215,0.11102549555718891,0.4229323082727092,0.11102549555718891
29216,0.521911884147613,0.38682220999733674,0.521911884147613
29217,0.16735781537652972,0.22173462182494125,0.16735781537652972
29218,0.7515213989771383,0.606280353045116,0.7515213989771383
29219,0.02872164306967368,0.021029185559486144,0.02872164306967368
29220,0.02573797297763453,0.5771482215625542,0.02573797297763453
29221,0.4704827876403459,0.8818333273133416,0.4704827876403459
29222,0.07126856623932211,0.12912200693334222,0.07126856623932211
29223,0.09460637466623416,0.13398303241755197,0.09460637466623416
29224,0.8620457306529903,0.17182822486533403,0.8620457306529903
29225,0.09015902074793122,0.8902516721400859,0.09015902074793122
29226,0.6282057904972974,0.7134802735548303,0.6282057904972974
29227,0.13418369969755245,0.3219783889673457,0.13418369969755245
29228,0.4007726461267766,0.8355069535747603,0.4007726461267766
29229,0.12118861504283558,0.16456997350356395,0.12118861504283558
29230,0.2832017864992569,0.5882400780997816,0.2832017864992569
29231,0.041416512642745054,0.07000841716408983,0.041416512642745054
29232,0.0770204539481857,0.16835753310961654,0.0770204539481857
29233,0.050380437006269596,0.3237398950177135,0.050380437006269596
29234,0.016698096676232035,0.03467217796070072,0.016698096676232035
29235,0.2681030127222178,0.6533265666006142,0.2681030127222178
29236,0.644220533304623,0.5741550043701112,0.644220533304623
29237,0.24522924567366922,0.5405308963397216,0.24522924567366922
29238,0.5024888192300875,0.796122958102316,0.5024888192300875
29239,0.05773047505632958,0.14695494683460478,0.05773047505632958
29240,0.09115853028029806,0.26966978960531246,0.09115853028029806
29241,0.03899923154880718,0.048932265607257636,0.03899923154880718
29242,0.13196247272366868,0.6786469291290563,0.13196247272366868
29243,0.20885603503243072,0.37737609589142723,0.20885603503243072
29244,0.791911985453972,0.8392030885089606,0.791911985453972
29245,0.127437402482225,0.34995724457615623,0.127437402482225
29246,0.04328252266441121,0.3686800036585247,0.04328252266441121
29247,0.22745534098300088,0.6803528263708497,0.22745534098300088
29248,0.09117548443121556,0.07317319894951542,0.09117548443121556
29249,0.3779763059273172,0.4152007345998262,0.3779763059273172
29250,0.17140436489231042,0.7498493649128464,0.17140436489231042
29251,0.08386153073444104,0.363426008560989,0.08386153073444104
29252,0.3492204479754303,0.2819980572296022,0.3492204479754303
29253,0.28592890518222636,0.34469030130795864,0.28592890518222636
29254,0.4878388827738058,0.8713470306678538,0.4878388827738058
29255,0.039977087507279234,0.03952807854551232,0.039977087507279234
29256,0.21679746007479583,0.6223674014231688,0.21679746007479583
29257,0.09082489244818354,0.3562351939952016,0.09082489244818354
29258,0.04104276759155931,0.10308986150182314,0.04104276759155931
29259,0.13115596453599415,0.35989659204199714,0.13115596453599415
29260,0.836248085312841,0.5526208518967975,0.836248085312841
29261,0.08584401764810301,0.7870424143843665,0.08584401764810301
29262,0.5593291626009834,0.1705527925339001,0.5593291626009834
29263,0.09538948932438968,0.2508222476601876,0.09538948932438968
29264,0.5514650995289127,0.7047859408148919,0.5514650995289127
29265,0.09120466063612911,0.32468803093215776,0.09120466063612911
29266,0.06550279597791228,0.15981352868264803,0.06550279597791228
29267,0.41526056650163057,0.6227560426979,0.41526056650163057
29268,0.5639700465798523,0.09908008769582265,0.5639700465798523
29269,0.08848067528750521,0.3636590799998516,0.08848067528750521
29270,0.10460215983573445,0.3827870948885245,0.10460215983573445
29271,0.04868293231323119,0.08417890037309331,0.04868293231323119
29272,0.1360870116621722,0.23261401658600037,0.1360870116621722
29273,0.02585215883791644,0.013698624381250638,0.02585215883791644
29274,0.04073707286870108,0.9486922760858455,0.04073707286870108
29275,0.09199706136234573,0.5084412900810366,0.09199706136234573
29276,0.12120403006071818,0.26759329833131185,0.12120403006071818
29277,0.432377025823036,0.4000173108816447,0.432377025823036
29278,0.09772448233735968,0.09243640040574848,0.09772448233735968
29279,0.05398297746343266,0.30769314916958124,0.05398297746343266
29280,0.04535294179112283,0.43198371501079,0.04535294179112283
29281,0.009493075642224177,0.29096011567694774,0.009493075642224177
29282,0.05124616492268979,0.18470340510993435,0.05124616492268979
29283,0.15438362821148022,0.6507703142039384,0.15438362821148022
29284,0.04800064740700786,0.2461173252934595,0.04800064740700786
29285,0.034571355659768564,0.28636819125555973,0.034571355659768564
29286,0.10150850596571387,0.2695050615814582,0.10150850596571387
29287,0.16189604410569022,0.430298554096172,0.16189604410569022
29288,0.18600499855476813,0.6400453019779593,0.18600499855476813
29289,0.4142575671654327,0.898238005399634,0.4142575671654327
29290,0.013822383311976601,0.04946609462327683,0.013822383311976601
29291,0.05423126137265653,0.3159227506749687,0.05423126137265653
29292,0.6618169801217109,0.7846582655892353,0.6618169801217109
29293,0.04174966609696674,0.6622827879989199,0.04174966609696674
29294,0.29445017277561697,0.5703496074015406,0.29445017277561697
29295,0.5675403934719127,0.9326282492892213,0.5675403934719127
29296,0.14962259689356516,0.5874859199291622,0.14962259689356516
29297,0.27905084116182016,0.559823150477129,0.27905084116182016
29298,0.02659790065557452,0.4967174170012988,0.02659790065557452
29299,0.21138393741818104,0.8079752459591099,0.21138393741818104
29300,0.014095756933440081,0.2665604585650319,0.014095756933440081
29301,0.04845410284332529,0.15763863694423993,0.04845410284332529
29302,0.3288383905457051,0.5913550369437586,0.3288383905457051
29303,0.3249327256733262,0.32873436115535953,0.3249327256733262
29304,0.10643841461064979,0.37517990320435507,0.10643841461064979
29305,0.06546754471279598,0.17767637088928515,0.06546754471279598
29306,0.10246966017697152,0.4370594301252261,0.10246966017697152
29307,0.1649092820540715,0.5692745341059753,0.1649092820540715
29308,0.3095259475428726,0.29932498705292254,0.3095259475428726
29309,0.2380453258405516,0.5839916332060646,0.2380453258405516
29310,0.18579651938257466,0.9279273296750244,0.18579651938257466
29311,0.2689210167439884,0.5188968859021142,0.2689210167439884
29312,0.1463486599454333,0.13216241997554906,0.1463486599454333
29313,0.7706447805964122,0.5046117353307763,0.7706447805964122
29314,0.03836488015374549,0.13853067968972854,0.03836488015374549
29315,0.14871578479258343,0.21238842177782477,0.14871578479258343
29316,0.04910972416892454,0.13975587089261682,0.04910972416892454
29317,0.04912663819821867,0.5280675582399716,0.04912663819821867
29318,0.22232266708420967,0.39077843295353315,0.22232266708420967
29319,0.028157694156608674,0.1693030202904633,0.028157694156608674
29320,0.09360459078483757,0.6447239541435048,0.09360459078483757
29321,0.09031813424922455,0.22711076908156197,0.09031813424922455
29322,0.12357645607009018,0.19798449676783858,0.12357645607009018
29323,0.16522411019712582,0.3330558343860885,0.16522411019712582
29324,0.5613856590654154,0.7553884477105314,0.5613856590654154
29325,0.6149866527198906,0.9402955180756589,0.6149866527198906
29326,0.08869262016961017,0.49349542139512736,0.08869262016961017
29327,0.188483850237044,0.40541630087094915,0.188483850237044
29328,0.24631988679521988,0.632074414133013,0.24631988679521988
29329,0.2970840047380415,0.7469212559239103,0.2970840047380415
29330,0.051306947820649484,0.17981866619373232,0.051306947820649484
29331,0.028664316125160117,0.2966901875635414,0.028664316125160117
29332,0.030719556094645793,0.1199570058051488,0.030719556094645793
29333,0.07068637895913858,0.2597729148092681,0.07068637895913858
29334,0.3126532132120551,0.16560227226029864,0.3126532132120551
29335,0.01291287082077631,0.11324208985095816,0.01291287082077631
29336,0.0538076501557216,0.17770027655763623,0.0538076501557216
29337,0.3580393491615853,0.4634057299705551,0.3580393491615853
29338,0.07346748336010316,0.41702977064430763,0.07346748336010316
29339,0.10799172127319773,0.3876425384588306,0.10799172127319773
29340,0.12732234622603433,0.5755346147380874,0.12732234622603433
29341,0.16836590746215005,0.40469654329294463,0.16836590746215005
29342,0.03738139344215816,0.8242166365734781,0.03738139344215816
29343,0.2295050191524155,0.7922793966395054,0.2295050191524155
29344,0.009875511500231627,0.07324594140451618,0.009875511500231627
29345,0.12651958701314966,0.5711899358663262,0.12651958701314966
29346,0.09787094143054402,0.04716788437193189,0.09787094143054402
29347,0.6185951881716496,0.45617898726375233,0.6185951881716496
29348,0.5449424145521979,0.6791473264140274,0.5449424145521979
29349,0.04891801861552644,0.48905508387870783,0.04891801861552644
29350,0.09546583976949292,0.0812281286833283,0.09546583976949292
29351,0.13095254424779365,0.12520705500654886,0.13095254424779365
29352,0.15761177095672352,0.523563160992467,0.15761177095672352
29353,0.1060307967028076,0.17331739596501677,0.1060307967028076
29354,0.20581591112514497,0.561633673118326,0.20581591112514497
29355,0.04071702652982269,0.1856841797665588,0.04071702652982269
29356,0.01771030014557413,0.14698713782501502,0.01771030014557413
29357,0.27931164911812617,0.5631600386757678,0.27931164911812617
29358,0.6956180592728265,0.6982877786136694,0.6956180592728265
29359,0.0784273892761808,0.22503175568660164,0.0784273892761808
29360,0.017404304386099426,0.052817875397885766,0.017404304386099426
29361,0.08939611194062631,0.08568014754141386,0.08939611194062631
29362,0.05807945030397457,0.5141079898169642,0.05807945030397457
29363,0.10693129240132827,0.1993806568035942,0.10693129240132827
29364,0.16066296259140514,0.5863619585700929,0.16066296259140514
29365,0.10881914177402749,0.17833908510262442,0.10881914177402749
29366,0.006941927546249416,0.07695879872055568,0.006941927546249416
29367,0.12490263026919654,0.15847163079167836,0.12490263026919654
29368,0.04858506576388413,0.05880073039578897,0.04858506576388413
29369,0.14668309579532565,0.5792195109760179,0.14668309579532565
29370,0.27849752642648584,0.6408686458206544,0.27849752642648584
29371,0.5873196019414137,0.8532782781376229,0.5873196019414137
29372,0.05925147476631676,0.8346073287216396,0.05925147476631676
29373,0.4322959725106628,0.41642579436174026,0.4322959725106628
29374,0.41013576212798375,0.5274252444034268,0.41013576212798375
29375,0.6403442162111322,0.6661853866441521,0.6403442162111322
29376,0.08577092306491141,0.3570694403887807,0.08577092306491141
29377,0.05264009006077347,0.14932029277055078,0.05264009006077347
29378,0.3108850981348171,0.14345110351713888,0.3108850981348171
29379,0.5337359824376676,0.9039167228671362,0.5337359824376676
29380,0.09260658319642513,0.7657631338792212,0.09260658319642513
29381,0.18686877882852104,0.6936400845932831,0.18686877882852104
29382,0.5650081524380618,0.21680842244662024,0.5650081524380618
29383,0.7000626698392863,0.7118739403815973,0.7000626698392863
29384,0.4072599325780542,0.897465949491501,0.4072599325780542
29385,0.5223406148640964,0.9103896646976593,0.5223406148640964
29386,0.08841060603245335,0.7480319229630623,0.08841060603245335
29387,0.08079616492002023,0.4814258320905058,0.08079616492002023
29388,0.019448850577684713,0.29004334042231694,0.019448850577684713
29389,0.042058876449855294,0.043438754462214374,0.042058876449855294
29390,0.10365118343895756,0.9154264628153951,0.10365118343895756
29391,0.21392678872573143,0.4189667891657087,0.21392678872573143
29392,0.5469178610571263,0.7644562266615242,0.5469178610571263
29393,0.9364504532036689,0.9595437232881693,0.9364504532036689
29394,0.04002954930473844,0.8798805155727764,0.04002954930473844
29395,0.09419674800446132,0.32176344075763297,0.09419674800446132
29396,0.05298070597997761,0.2507222256251208,0.05298070597997761
29397,0.259474909064134,0.3596255996944736,0.259474909064134
29398,0.028998406067013115,0.8977605956085687,0.028998406067013115
29399,0.1061721961097838,0.08673930519079702,0.1061721961097838
29400,0.07219565567926561,0.13515554871506302,0.07219565567926561
29401,0.551236967352179,0.5786743090181374,0.551236967352179
29402,0.14158391709145307,0.4870152092031444,0.14158391709145307
29403,0.10464450859166623,0.1858452911487271,0.10464450859166623
29404,0.1416677385866678,0.7949917455940874,0.1416677385866678
29405,0.17035124798356746,0.36421023140465947,0.17035124798356746
29406,0.04070575249004655,0.3532528815482434,0.04070575249004655
29407,0.44428657188585935,0.7820189866559889,0.44428657188585935
29408,0.04463064703284149,0.474008632396658,0.04463064703284149
29409,0.6137132491794675,0.5808033709597147,0.6137132491794675
29410,0.03078850491376976,0.027371115743707278,0.03078850491376976
29411,0.794729731131489,0.8736029146279833,0.794729731131489
29412,0.09803749277506159,0.764631080809257,0.09803749277506159
29413,0.01451516999280473,0.08450640464485984,0.01451516999280473
29414,0.10767902792481819,0.5848686266627694,0.10767902792481819
29415,0.5113884993217162,0.7450107180651893,0.5113884993217162
29416,0.0480719859028242,0.13788828967040664,0.0480719859028242
29417,0.03283582868078677,0.15613932417617324,0.03283582868078677
29418,0.6803924765757032,0.6320597968915661,0.6803924765757032
29419,0.9055277775757796,0.8623120232031123,0.9055277775757796
29420,0.01619728151301068,0.47178115173868096,0.01619728151301068
29421,0.4399273878328525,0.0661854805352736,0.4399273878328525
29422,0.052591314751292015,0.6691542643628107,0.052591314751292015
29423,0.28178159785840745,0.5571166994871103,0.28178159785840745
29424,0.42423397726449313,0.23451541666061057,0.42423397726449313
29425,0.19919025623107184,0.6589371662858772,0.19919025623107184
29426,0.5681332849957735,0.43970253429250467,0.5681332849957735
29427,0.36660086205984443,0.7827377627668521,0.36660086205984443
29428,0.12262628004473618,0.2936710366752006,0.12262628004473618
29429,0.03102417270253292,0.7081328606642833,0.03102417270253292
29430,0.023922424322829084,0.34570559835748865,0.023922424322829084
29431,0.1367120214850885,0.7306059340345061,0.1367120214850885
29432,0.07682915737132505,0.7826501083700589,0.07682915737132505
29433,0.4606799383510931,0.5794863321076683,0.4606799383510931
29434,0.08479580661454092,0.09233717809005892,0.08479580661454092
29435,0.03432988787551702,0.641525269862732,0.03432988787551702
29436,0.053421878803906794,0.13374457444041032,0.053421878803906794
29437,0.6289747459196787,0.9304145509991814,0.6289747459196787
29438,0.17395834028098958,0.5896281245387331,0.17395834028098958
29439,0.0632794445895786,0.048756904264357324,0.0632794445895786
29440,0.09089885196722977,0.893354478765185,0.09089885196722977
29441,0.09210258566825352,0.19895924837718743,0.09210258566825352
29442,0.6966755021800481,0.4835499564223105,0.6966755021800481
29443,0.07143482025587314,0.09758261553157697,0.07143482025587314
29444,0.5933838973064394,0.7537734922782223,0.5933838973064394
29445,0.099225254482295,0.7075723957273413,0.099225254482295
29446,0.11738791049613219,0.029612654041208244,0.11738791049613219
29447,0.14979041147031694,0.20428105612533223,0.14979041147031694
29448,0.024954310739395694,0.06615940541996213,0.024954310739395694
29449,0.11914118845872752,0.2806529317702236,0.11914118845872752
29450,0.06178647422213112,0.9552200559341779,0.06178647422213112
29451,0.11079167592049276,0.25891531777686544,0.11079167592049276
29452,0.566416402380265,0.7992169120543329,0.566416402380265
29453,0.03280890746340201,0.6872555419158964,0.03280890746340201
29454,0.09481757705337299,0.04885960629798391,0.09481757705337299
29455,0.20734687789868014,0.5018441585744364,0.20734687789868014
29456,0.41333274244761453,0.4520286313311215,0.41333274244761453
29457,0.12787604625961985,0.31396450852871505,0.12787604625961985
29458,0.0549378202434396,0.1982467269092301,0.0549378202434396
29459,0.3139971375432972,0.8891568374520921,0.3139971375432972
29460,0.5276324844825382,0.6152369383988814,0.5276324844825382
29461,0.042069430014738944,0.0373342716132239,0.042069430014738944
29462,0.0766080879397466,0.149740767000841,0.0766080879397466
29463,0.46043321816175686,0.8916177127417619,0.46043321816175686
29464,0.26443700940172815,0.7133801274186365,0.26443700940172815
29465,0.07580520169108425,0.7354398230123594,0.07580520169108425
29466,0.05161087628712795,0.7609662282372536,0.05161087628712795
29467,0.3185611122189608,0.6523607049384659,0.3185611122189608
29468,0.02863536043390845,0.27622043319650935,0.02863536043390845
29469,0.1081149994982714,0.5665074232347165,0.1081149994982714
29470,0.017405077825689192,0.266188277707653,0.017405077825689192
29471,0.6052689524643907,0.6596576790332539,0.6052689524643907
29472,0.030407729440407264,0.07446208334442572,0.030407729440407264
29473,0.02860936699493308,0.33474668194689683,0.02860936699493308
29474,0.10555876922453576,0.22112784472899127,0.10555876922453576
29475,0.5136707016435184,0.4625251816079372,0.5136707016435184
29476,0.03795733735525349,0.6914440478164159,0.03795733735525349
29477,0.053066639323753134,0.1285901323014456,0.053066639323753134
29478,0.09576389496752606,0.2914919381496543,0.09576389496752606
29479,0.05124836237625449,0.5347589779263395,0.05124836237625449
29480,0.1252017211549277,0.7712710344054203,0.1252017211549277
29481,0.13930845583082463,0.8141464969551468,0.13930845583082463
29482,0.19200822239237963,0.30522918020859086,0.19200822239237963
29483,0.04173889554339736,0.740847259739932,0.04173889554339736
29484,0.2161447509035199,0.12328947830768355,0.2161447509035199
29485,0.21685574314850484,0.8134696668737357,0.21685574314850484
29486,0.3912148641032645,0.7029565540115382,0.3912148641032645
29487,0.07580972349140538,0.24819001131265594,0.07580972349140538
29488,0.257847099969072,0.416516719910654,0.257847099969072
29489,0.01070265341827085,0.011325091149133009,0.01070265341827085
29490,0.11145266266896799,0.7842202151162418,0.11145266266896799
29491,0.27247893976475857,0.2777299607178085,0.27247893976475857
29492,0.6959202538381569,0.7156234703625531,0.6959202538381569
29493,0.017758641001331423,0.13869606714501853,0.017758641001331423
29494,0.0827681543717219,0.7385216905197112,0.0827681543717219
29495,0.5500365187167859,0.9222657011575691,0.5500365187167859
29496,0.03243073777105439,0.0064141479041826864,0.03243073777105439
29497,0.016472149292067466,0.02761825819276388,0.016472149292067466
29498,0.9295163284992148,0.9324717973539123,0.9295163284992148
29499,0.09350717453352755,0.1512634649403166,0.09350717453352755
29500,0.16385301924758772,0.5660343462155571,0.16385301924758772
29501,0.015428967343767147,0.018131596575144956,0.015428967343767147
29502,0.2364141714764844,0.6409599139312102,0.2364141714764844
29503,0.14312113748649202,0.5830318363831577,0.14312113748649202
29504,0.494309137678427,0.17866246341292477,0.494309137678427
29505,0.14388563721161526,0.2891628424542944,0.14388563721161526
29506,0.11717363418269286,0.15393399469820185,0.11717363418269286
29507,0.0746395683297342,0.5026207662806036,0.0746395683297342
29508,0.21021152668750215,0.28786074751801677,0.21021152668750215
29509,0.034503525378236484,0.319389245787394,0.034503525378236484
29510,0.12684514671393382,0.3653633296648406,0.12684514671393382
29511,0.2984559271981413,0.2982658194892964,0.2984559271981413
29512,0.10425250700829825,0.2480823035677129,0.10425250700829825
29513,0.07353357204743595,0.11194060020774368,0.07353357204743595
29514,0.06392025741769236,0.09108349666994876,0.06392025741769236
29515,0.055943684097450874,0.21397094402542213,0.055943684097450874
29516,0.16187998013677493,0.6013321289966154,0.16187998013677493
29517,0.056629886798382746,0.3204715274929597,0.056629886798382746
29518,0.026018618236291077,0.14162015264597508,0.026018618236291077
29519,0.015415932456649782,0.00414881460807317,0.015415932456649782
29520,0.04271873412501109,0.08750346252881351,0.04271873412501109
29521,0.03403016214238308,0.35152578031562015,0.03403016214238308
29522,0.0376906070372541,0.4014204664088238,0.0376906070372541
29523,0.04163290069354507,0.2771073304292534,0.04163290069354507
29524,0.09632550242051685,0.29233805770200794,0.09632550242051685
29525,0.04902413961287029,0.10798176327299612,0.04902413961287029
29526,0.020725243348706936,0.4921740796472389,0.020725243348706936
29527,0.043893642862514445,0.13567668604188718,0.043893642862514445
29528,0.524381731717356,0.24286274189383683,0.524381731717356
29529,0.5920033058405576,0.7912714023959356,0.5920033058405576
29530,0.1327747324814032,0.39116786422092203,0.1327747324814032
29531,0.08918470110969484,0.42778082976245085,0.08918470110969484
29532,0.043194523736217745,0.16735329853428443,0.043194523736217745
29533,0.09476105145471514,0.3709854233145382,0.09476105145471514
29534,0.12447115662810686,0.2092294344945015,0.12447115662810686
29535,0.04844956508214966,0.12739807995790747,0.04844956508214966
29536,0.042511731861620924,0.2184759400117259,0.042511731861620924
29537,0.34073303428478685,0.8859926018821471,0.34073303428478685
29538,0.10991713027353725,0.07303774581984976,0.10991713027353725
29539,0.08887487199728325,0.5180053323257848,0.08887487199728325
29540,0.18942368678804533,0.6169261183438127,0.18942368678804533
29541,0.23338245310099168,0.7930112606516367,0.23338245310099168
29542,0.0991549729082648,0.22925044640160389,0.0991549729082648
29543,0.1228272932619815,0.2640204608502149,0.1228272932619815
29544,0.7299121104995595,0.8659297628708685,0.7299121104995595
29545,0.13358217681914886,0.639371795462391,0.13358217681914886
29546,0.7016588946678755,0.6540947809129025,0.7016588946678755
29547,0.053478132122394995,0.254098969952291,0.053478132122394995
29548,0.03722743654792833,0.026182379363125164,0.03722743654792833
29549,0.09972119448245241,0.5970810146675783,0.09972119448245241
29550,0.0349666937401026,0.191111381308747,0.0349666937401026
29551,0.03291146114334331,0.03219877182005173,0.03291146114334331
29552,0.22296720912235463,0.8189089375185427,0.22296720912235463
29553,0.404451034134954,0.5031739746892839,0.404451034134954
29554,0.18220665502237235,0.407359894008245,0.18220665502237235
29555,0.21577521263852356,0.6770282943333434,0.21577521263852356
29556,0.10007875664361293,0.4774417011702182,0.10007875664361293
29557,0.1991073928723298,0.18456576965017849,0.1991073928723298
29558,0.22695431215176856,0.8678385037828241,0.22695431215176856
29559,0.10544192206485091,0.2288410996671803,0.10544192206485091
29560,0.2398458013490611,0.48354127929537993,0.2398458013490611
29561,0.011890094349882295,0.045974867921638615,0.011890094349882295
29562,0.1621225181896297,0.06189458142757323,0.1621225181896297
29563,0.041212059830551914,0.06258801133716443,0.041212059830551914
29564,0.21608077314732377,0.6443829480255978,0.21608077314732377
29565,0.07419940516692229,0.35569443551491475,0.07419940516692229
29566,0.07581845343105592,0.06291305807646062,0.07581845343105592
29567,0.21105498772230968,0.6179759862776079,0.21105498772230968
29568,0.08867399465895394,0.8142785290362677,0.08867399465895394
29569,0.06367464085046723,0.15842185024540703,0.06367464085046723
29570,0.12202270690915429,0.17218859457853516,0.12202270690915429
29571,0.22026548026081408,0.6526099583528139,0.22026548026081408
29572,0.7170945942979047,0.8797448976658662,0.7170945942979047
29573,0.5195302113810412,0.8345375648146731,0.5195302113810412
29574,0.785664825425041,0.4021890303874813,0.785664825425041
29575,0.03933458021573166,0.060572347846831485,0.03933458021573166
29576,0.20335137270088857,0.23870330342217627,0.20335137270088857
29577,0.7632922243446385,0.9283520104411503,0.7632922243446385
29578,0.11715742302593975,0.4023913715574262,0.11715742302593975
29579,0.10684879571035823,0.1709380320871094,0.10684879571035823
29580,0.019197035682428237,0.03140918951943624,0.019197035682428237
29581,0.7004421804474023,0.6657870970171035,0.7004421804474023
29582,0.09870598081522382,0.7204579914234156,0.09870598081522382
29583,0.5778501951481336,0.8478219845142014,0.5778501951481336
29584,0.08280865340371427,0.5361011489514016,0.08280865340371427
29585,0.09225199374380381,0.07940770145832521,0.09225199374380381
29586,0.6865825926323499,0.8111951589356091,0.6865825926323499
29587,0.06742541627551583,0.5063951272543153,0.06742541627551583
29588,0.15965727600286783,0.5390165748286972,0.15965727600286783
29589,0.04919758030964995,0.9484643627040673,0.04919758030964995
29590,0.07712476866705487,0.4645609689603363,0.07712476866705487
29591,0.03652171676178898,0.5986626271334611,0.03652171676178898
29592,0.34630465066980315,0.5213491769153887,0.34630465066980315
29593,0.09122527530301977,0.400449035187809,0.09122527530301977
29594,0.039568141996864474,0.7766835243465186,0.039568141996864474
29595,0.39379671836782104,0.8559581389823824,0.39379671836782104
29596,0.11436011518227551,0.27999705509922684,0.11436011518227551
29597,0.09818642365000298,0.5486706912151158,0.09818642365000298
29598,0.019435701989185903,0.122004855912852,0.019435701989185903
29599,0.041773811846073525,0.42651977583779294,0.041773811846073525
29600,0.056277500255511044,0.2091655070794752,0.056277500255511044
29601,0.6139352260785909,0.7290063502088231,0.6139352260785909
29602,0.1642844340658779,0.720998044945752,0.1642844340658779
29603,0.2954800164020384,0.3555206133235933,0.2954800164020384
29604,0.032831700552416195,0.09097889098178653,0.032831700552416195
29605,0.13435046763113945,0.21101755630162936,0.13435046763113945
29606,0.276829921919216,0.6741061267627446,0.276829921919216
29607,0.09048285669360276,0.36820420653256164,0.09048285669360276
29608,0.18227061652026744,0.6193927073725657,0.18227061652026744
29609,0.04365212816662272,0.0960667506391333,0.04365212816662272
29610,0.08271538530241225,0.046219881822861464,0.08271538530241225
29611,0.04464297185884782,0.09306864899129054,0.04464297185884782
29612,0.07451862348729477,0.2153042431924484,0.07451862348729477
29613,0.7888648749196451,0.4557260954924886,0.7888648749196451
29614,0.043699063558184544,0.18734188242627947,0.043699063558184544
29615,0.39852367077112993,0.7894131449610267,0.39852367077112993
29616,0.08910188221770883,0.4796758007754943,0.08910188221770883
29617,0.42935198246676515,0.7925914159959412,0.42935198246676515
29618,0.07450362051996205,0.2716232481363128,0.07450362051996205
29619,0.14819196595912051,0.1700417494012036,0.14819196595912051
29620,0.7181600155220716,0.9161241765841296,0.7181600155220716
29621,0.21857991781530173,0.6544080454095401,0.21857991781530173
29622,0.06327845368675261,0.2107178073015037,0.06327845368675261
29623,0.5106629413592344,0.40631660831872385,0.5106629413592344
29624,0.036194435973744755,0.07401644205688272,0.036194435973744755
29625,0.3860350725994202,0.3021912277937377,0.3860350725994202
29626,0.0739122241607593,0.2763090309913318,0.0739122241607593
29627,0.07252270120966008,0.3027826037765063,0.07252270120966008
29628,0.5103695494618856,0.8032802838854969,0.5103695494618856
29629,0.27845435870060214,0.9540483862535862,0.27845435870060214
29630,0.05546545055713581,0.28651445817021964,0.05546545055713581
29631,0.17800350418831462,0.1323386723116032,0.17800350418831462
29632,0.17367374583735748,0.9219209805314619,0.17367374583735748
29633,0.04340099454516525,0.1721073864232302,0.04340099454516525
29634,0.45633642058998514,0.5707055575480903,0.45633642058998514
29635,0.03671221277810619,0.12291618751172408,0.03671221277810619
29636,0.022818386432738934,0.17763267959066986,0.022818386432738934
29637,0.5704214707933593,0.8941179004381827,0.5704214707933593
29638,0.14604441581901284,0.6182991416982182,0.14604441581901284
29639,0.19163516835423586,0.5416721312110424,0.19163516835423586
29640,0.04269620014106568,0.16184809741086253,0.04269620014106568
29641,0.2963268073931645,0.8995809843469785,0.2963268073931645
29642,0.21359071858674816,0.7821927449991045,0.21359071858674816
29643,0.09004575485169036,0.25314535178543734,0.09004575485169036
29644,0.5693637106163678,0.7512872624255915,0.5693637106163678
29645,0.6610384957428415,0.8842168244862252,0.6610384957428415
29646,0.17979888362525928,0.06661619942764957,0.17979888362525928
29647,0.7788977940384992,0.9278705978174693,0.7788977940384992
29648,0.13026076633412212,0.8697118714518091,0.13026076633412212
29649,0.12664330371867,0.18011712425009288,0.12664330371867
29650,0.13178577909072808,0.6814677797311209,0.13178577909072808
29651,0.04114366608476388,0.5180428795367717,0.04114366608476388
29652,0.11720137856123099,0.12947134303956873,0.11720137856123099
29653,0.040627702583174184,0.7674687656752772,0.040627702583174184
29654,0.05586012766276366,0.347263093207743,0.05586012766276366
29655,0.1252851420435084,0.7563341177404355,0.1252851420435084
29656,0.043282614443469807,0.08981160443152851,0.043282614443469807
29657,0.07973582664881392,0.6775783050173084,0.07973582664881392
29658,0.0393268561398138,0.35894150591991153,0.0393268561398138
29659,0.08803532913721822,0.21230110704961958,0.08803532913721822
29660,0.09649826770598183,0.03574622407322947,0.09649826770598183
29661,0.13264423492774965,0.5411830270385798,0.13264423492774965
29662,0.42443567854465175,0.856335144226552,0.42443567854465175
29663,0.4363714440848793,0.15782318014225802,0.4363714440848793
29664,0.013948614771482617,0.024862022086820937,0.013948614771482617
29665,0.1238577365363788,0.0690425050340051,0.1238577365363788
29666,0.05602978743050571,0.12709598984586595,0.05602978743050571
29667,0.041990702098975236,0.7712886928878185,0.041990702098975236
29668,0.34245566471521877,0.53901424275954,0.34245566471521877
29669,0.03691802999382101,0.31682298135258175,0.03691802999382101
29670,0.06289371433955893,0.1233944982876391,0.06289371433955893
29671,0.04883029604254831,0.132084538286591,0.04883029604254831
29672,0.04516139643089005,0.11077861119015521,0.04516139643089005
29673,0.2507858275152239,0.7266674811295947,0.2507858275152239
29674,0.1342943292895991,0.15104799384362416,0.1342943292895991
29675,0.5305052170521367,0.9241446886016498,0.5305052170521367
29676,0.0653665823076726,0.2560909041684292,0.0653665823076726
29677,0.13239146474184227,0.8401258633480001,0.13239146474184227
29678,0.14029575389511795,0.18265136928118414,0.14029575389511795
29679,0.015728503127047846,0.029148260949205314,0.015728503127047846
29680,0.6042505840079279,0.72250310295851,0.6042505840079279
29681,0.033644059557809226,0.6543054305636886,0.033644059557809226
29682,0.33673783594828155,0.3396600479188549,0.33673783594828155
29683,0.041494886218455665,0.3102102977706603,0.041494886218455665
29684,0.15743459634932314,0.5429233895640366,0.15743459634932314
29685,0.6911130608304611,0.3456640144832403,0.6911130608304611
29686,0.08271437644816093,0.5292699590104398,0.08271437644816093
29687,0.1813143665671254,0.05093408199528378,0.1813143665671254
29688,0.14772863279174026,0.8563597479970803,0.14772863279174026
29689,0.029944968357226594,0.07214457147115746,0.029944968357226594
29690,0.3154395383673145,0.33521431242351785,0.3154395383673145
29691,0.8298191056293444,0.8154056988530127,0.8298191056293444
29692,0.10254088523763465,0.8726966247127592,0.10254088523763465
29693,0.10544120693645712,0.2641615973675896,0.10544120693645712
29694,0.10103387719475312,0.28424612074585615,0.10103387719475312
29695,0.2024917649619542,0.4962974672686599,0.2024917649619542
29696,0.04495716505057285,0.8239905945546718,0.04495716505057285
29697,0.0257560165120833,0.10912692187441113,0.0257560165120833
29698,0.07362401998558987,0.3156853136794122,0.07362401998558987
29699,0.26513873346887207,0.5734829701980351,0.26513873346887207
29700,0.2211355986986887,0.04829559021153625,0.2211355986986887
29701,0.12977912663862332,0.07173916854887333,0.12977912663862332
29702,0.036740404236761046,0.11292669905947524,0.036740404236761046
29703,0.11316464530330139,0.7935252028550894,0.11316464530330139
29704,0.019943075107063106,0.19432636606560433,0.019943075107063106
29705,0.1666058649523931,0.8530296159108132,0.1666058649523931
29706,0.07446482593696296,0.2660411917554103,0.07446482593696296
29707,0.034274105773495746,0.10548227096461874,0.034274105773495746
29708,0.30986188521405716,0.8505955185769905,0.30986188521405716
29709,0.10151891507422682,0.08072306900898842,0.10151891507422682
29710,0.023987738489055305,0.14885917536604387,0.023987738489055305
29711,0.17158459061161738,0.16379530373906692,0.17158459061161738
29712,0.09319116608586232,0.3473624414024657,0.09319116608586232
29713,0.43760338848323527,0.43540996798320036,0.43760338848323527
29714,0.45069618532608713,0.7137272763934794,0.45069618532608713
29715,0.1227608205090395,0.7626729523122425,0.1227608205090395
29716,0.10389941961046223,0.29738876814999754,0.10389941961046223
29717,0.0074454332247427535,0.05498320164363158,0.0074454332247427535
29718,0.054323731639562556,0.09209897584085583,0.054323731639562556
29719,0.5387500309430162,0.8983972791628999,0.5387500309430162
29720,0.8285918703568518,0.7596021021632965,0.8285918703568518
29721,0.03803824183263005,0.09141333514031283,0.03803824183263005
29722,0.0466694591083077,0.16398899815435428,0.0466694591083077
29723,0.1853948293634564,0.34760494440209316,0.1853948293634564
29724,0.4018466464237493,0.5489127804188585,0.4018466464237493
29725,0.1427793249207263,0.38531083555012857,0.1427793249207263
29726,0.06612118907258438,0.3352923406660228,0.06612118907258438
29727,0.3918845188046133,0.19341516849741539,0.3918845188046133
29728,0.06580185529626757,0.4604508722531632,0.06580185529626757
29729,0.020342422662552033,0.0579513827511079,0.020342422662552033
29730,0.0787477137132831,0.13958810852850168,0.0787477137132831
29731,0.010884969766059236,0.04108130643144285,0.010884969766059236
29732,0.33208330249779855,0.5360098727053539,0.33208330249779855
29733,0.19379302625184983,0.8851411701587443,0.19379302625184983
29734,0.08312438725172307,0.8217178672840485,0.08312438725172307
29735,0.27018952521484585,0.49636737025203415,0.27018952521484585
29736,0.14998318504949845,0.683784843397196,0.14998318504949845
29737,0.08051886948559665,0.8955203574462839,0.08051886948559665
29738,0.048786737951237294,0.757416453549651,0.048786737951237294
29739,0.02442495545861917,0.1690103475151136,0.02442495545861917
29740,0.09507679916553079,0.8501844974266543,0.09507679916553079
29741,0.42247090832373785,0.40083210567377453,0.42247090832373785
29742,0.027013812513394613,0.031003406556265562,0.027013812513394613
29743,0.06677678457453642,0.11687890174851985,0.06677678457453642
29744,0.04343577876210138,0.16284928429748233,0.04343577876210138
29745,0.12311785575743601,0.34752228585035183,0.12311785575743601
29746,0.049684519166613095,0.21124750591629537,0.049684519166613095
29747,0.10455876110744936,0.28478394973151894,0.10455876110744936
29748,0.01602541521698573,0.09142396975670214,0.01602541521698573
29749,0.04527361746175115,0.27669367452264887,0.04527361746175115
29750,0.044645884331275726,0.12845398739796007,0.044645884331275726
29751,0.04850569503283521,0.06259820899751113,0.04850569503283521
29752,0.3883380963618155,0.6799414036051832,0.3883380963618155
29753,0.2549005960259383,0.5038403215091606,0.2549005960259383
29754,0.06202763851168877,0.6883112068984798,0.06202763851168877
29755,0.12649168574405167,0.21791259724026227,0.12649168574405167
29756,0.8197228978641461,0.7614743614837328,0.8197228978641461
29757,0.3180800288402346,0.6178754159044775,0.3180800288402346
29758,0.12503078765818823,0.7296848960859242,0.12503078765818823
29759,0.08895286745859378,0.22039495583335308,0.08895286745859378
29760,0.07983677223614129,0.10295394766087856,0.07983677223614129
29761,0.13286249961351757,0.6514428976218393,0.13286249961351757
29762,0.1135232875475734,0.2236219650252444,0.1135232875475734
29763,0.2490640907775271,0.3677915905231377,0.2490640907775271
29764,0.7674996451224507,0.8546499073140916,0.7674996451224507
29765,0.05873056293842781,0.138738038719084,0.05873056293842781
29766,0.03266588396815494,0.3603388581519605,0.03266588396815494
29767,0.13504883780278815,0.14116032963249822,0.13504883780278815
29768,0.15888249060698484,0.6985433975520607,0.15888249060698484
29769,0.5291068420465463,0.3976141279724759,0.5291068420465463
29770,0.16484236906822408,0.2937930985744906,0.16484236906822408
29771,0.4472855759870628,0.9030937206099119,0.4472855759870628
29772,0.02841687316706511,0.23347721230571303,0.02841687316706511
29773,0.1163218905799514,0.6834706712470113,0.1163218905799514
29774,0.3021067044017844,0.8676629130090842,0.3021067044017844
29775,0.3261636517854437,0.6447725754745757,0.3261636517854437
29776,0.09451669348515203,0.24863607056519335,0.09451669348515203
29777,0.029240846404473154,0.11984649559080104,0.029240846404473154
29778,0.5427106024871392,0.5195570711451564,0.5427106024871392
29779,0.039571295997378686,0.15632466568652625,0.039571295997378686
29780,0.1875189124611208,0.8421666798418097,0.1875189124611208
29781,0.19331394130432242,0.22433954469315276,0.19331394130432242
29782,0.16480081493537704,0.5095317580228291,0.16480081493537704
29783,0.21079760808996442,0.6046485377475121,0.21079760808996442
29784,0.04693561981422457,0.1856058738839923,0.04693561981422457
29785,0.3665737037465641,0.5055142755285237,0.3665737037465641
29786,0.1241630353275859,0.5128467568647938,0.1241630353275859
29787,0.0548761039206152,0.8468613175696896,0.0548761039206152
29788,0.8469489507840234,0.9300498709089985,0.8469489507840234
29789,0.7740724345804832,0.8195953201536901,0.7740724345804832
29790,0.05257113791388075,0.21305830759152733,0.05257113791388075
29791,0.03542831038074221,0.39047876945170795,0.03542831038074221
29792,0.8338963505923661,0.7840261192052915,0.8338963505923661
29793,0.1709656280884497,0.49168748044249394,0.1709656280884497
29794,0.1489318255291751,0.2972426951290643,0.1489318255291751
29795,0.053227044239314736,0.1500548153668892,0.053227044239314736
29796,0.07773193711768069,0.40686364665422214,0.07773193711768069
29797,0.2153493329607196,0.5863338395659442,0.2153493329607196
29798,0.28040385016925196,0.6832489424673851,0.28040385016925196
29799,0.06539754023978174,0.2915626709964162,0.06539754023978174
29800,0.15857729090866934,0.23567948426970237,0.15857729090866934
29801,0.5168612627084129,0.7082037749551952,0.5168612627084129
29802,0.16038038020116238,0.4353410216737306,0.16038038020116238
29803,0.1870568412364258,0.44984379166358124,0.1870568412364258
29804,0.46840807147306146,0.5012979592546222,0.46840807147306146
29805,0.06470635191600127,0.36285442196084866,0.06470635191600127
29806,0.08382608339006542,0.3416279448837829,0.08382608339006542
29807,0.6178944543560154,0.4438417498669222,0.6178944543560154
29808,0.03195728569830719,0.24789997141040707,0.03195728569830719
29809,0.037008143254842786,0.04305932914149235,0.037008143254842786
29810,0.10002834282397723,0.04224261724419425,0.10002834282397723
29811,0.03364137856100391,0.14971602604936393,0.03364137856100391
29812,0.2050944735806968,0.33318009312961044,0.2050944735806968
29813,0.12392423900232431,0.22844778271827906,0.12392423900232431
29814,0.570674865016132,0.5398070776692642,0.570674865016132
29815,0.08578228102187557,0.5555469531768638,0.08578228102187557
29816,0.1901608051176745,0.338612610756075,0.1901608051176745
29817,0.08613312092773608,0.42307209727105927,0.08613312092773608
29818,0.1687419556743105,0.4717133865487946,0.1687419556743105
29819,0.08910743022685168,0.28537169315726907,0.08910743022685168
29820,0.04904228578605485,0.36483079918563466,0.04904228578605485
29821,0.07334443979561792,0.18292162262634665,0.07334443979561792
29822,0.1924313538725912,0.6040867819414543,0.1924313538725912
29823,0.19431877091091748,0.5448980512121534,0.19431877091091748
29824,0.08481325497748614,0.22369615163380405,0.08481325497748614
29825,0.06056224193276254,0.464489445066025,0.06056224193276254
29826,0.09001899690440397,0.22994059930858152,0.09001899690440397
29827,0.1087118455918583,0.5863548232695281,0.1087118455918583
29828,0.7413242030101848,0.8728693412081354,0.7413242030101848
29829,0.046971027324381666,0.1987544389984259,0.046971027324381666
29830,0.11402643180092892,0.7399602802138848,0.11402643180092892
29831,0.09716543007501173,0.46779678698066474,0.09716543007501173
29832,0.35567220742625316,0.8737976683157698,0.35567220742625316
29833,0.6484978497878359,0.7404546517936699,0.6484978497878359
29834,0.023850454096946767,0.09584262191108019,0.023850454096946767
29835,0.44411142184536057,0.5588692350691121,0.44411142184536057
29836,0.20646607922224613,0.3977643411976627,0.20646607922224613
29837,0.08402496793571228,0.04050256493220212,0.08402496793571228
29838,0.10462675073732304,0.49247016947417116,0.10462675073732304
29839,0.16661464620083127,0.361158382547707,0.16661464620083127
29840,0.08873698525824533,0.6793566897478294,0.08873698525824533
29841,0.39463324581933773,0.6435068200382419,0.39463324581933773
29842,0.020446917234411506,0.4809182333403758,0.020446917234411506
29843,0.27968425580856265,0.29346542685655064,0.27968425580856265
29844,0.04195956608820167,0.12070495889200769,0.04195956608820167
29845,0.3021600214825383,0.1483185052461514,0.3021600214825383
29846,0.026310692638793837,0.14147794633802988,0.026310692638793837
29847,0.048934176739327886,0.05375027645176898,0.048934176739327886
29848,0.26000967491342286,0.31952342166115477,0.26000967491342286
29849,0.07874149492419243,0.5970712157133036,0.07874149492419243
29850,0.5101459293064274,0.7446931027277619,0.5101459293064274
29851,0.02246658509959317,0.07549921636849313,0.02246658509959317
29852,0.05052798307997158,0.16918235146144403,0.05052798307997158
29853,0.04312208751965149,0.18962390374296637,0.04312208751965149
29854,0.07667351909735068,0.7255751250072539,0.07667351909735068
29855,0.2577324881596815,0.48918056580098684,0.2577324881596815
29856,0.22640373398066146,0.18422909560655398,0.22640373398066146
29857,0.13221036449213197,0.5474734585041126,0.13221036449213197
29858,0.11735453358992042,0.32139465743249157,0.11735453358992042
29859,0.5664898061772109,0.5778526898336283,0.5664898061772109
29860,0.0712695165783584,0.48853273725828245,0.0712695165783584
29861,0.13314245353942977,0.8477766155499491,0.13314245353942977
29862,0.10601436868027468,0.5728626181255638,0.10601436868027468
29863,0.059276793782682066,0.5781316909195184,0.059276793782682066
29864,0.808842554864835,0.8722264195554148,0.808842554864835
29865,0.07161942187339156,0.12524989649729878,0.07161942187339156
29866,0.057609357603149204,0.504057360198745,0.057609357603149204
29867,0.055092550257532215,0.4850062276795708,0.055092550257532215
29868,0.0894415208973996,0.9323340463516411,0.0894415208973996
29869,0.8236925834947535,0.940242677876622,0.8236925834947535
29870,0.03685294635897517,0.2687469277086569,0.03685294635897517
29871,0.10456358849992473,0.892048624734856,0.10456358849992473
29872,0.062190913981941376,0.28688943849192833,0.062190913981941376
29873,0.029079305899790287,0.1339952090869711,0.029079305899790287
29874,0.05641517260317855,0.5340801237371874,0.05641517260317855
29875,0.22037729037589832,0.3728593851956518,0.22037729037589832
29876,0.0305629206480393,0.17499533458438643,0.0305629206480393
29877,0.07613276800756967,0.2390133021424135,0.07613276800756967
29878,0.37765778846461856,0.723528025265005,0.37765778846461856
29879,0.4402650809056594,0.4867573162432579,0.4402650809056594
29880,0.051312896327295035,0.5705166835725659,0.051312896327295035
29881,0.5418320156648151,0.5486844317968129,0.5418320156648151
29882,0.13097613941535272,0.3383018821007806,0.13097613941535272
29883,0.08057398209964002,0.21822074965717958,0.08057398209964002
29884,0.13642185416176142,0.22910644992361417,0.13642185416176142
29885,0.09311365298446805,0.6488836691504236,0.09311365298446805
29886,0.22547414797145512,0.42704984501453347,0.22547414797145512
29887,0.9346649847367346,0.743415965960279,0.9346649847367346
29888,0.059775537299994665,0.5395976621401388,0.059775537299994665
29889,0.030454090461011846,0.07791801148872915,0.030454090461011846
29890,0.2035356555842392,0.5030471100275955,0.2035356555842392
29891,0.10715236914876537,0.3483883734763397,0.10715236914876537
29892,0.350969038714925,0.9479247256630507,0.350969038714925
29893,0.05331211374799518,0.8173922109358273,0.05331211374799518
29894,0.05999381269311315,0.5176509869674081,0.05999381269311315
29895,0.3134273049436109,0.07470411576936137,0.3134273049436109
29896,0.04086104762680851,0.1081829908467187,0.04086104762680851
29897,0.033486165239104956,0.05357064404696151,0.033486165239104956
29898,0.05687530716566799,0.12474384041595152,0.05687530716566799
29899,0.024642502477448272,0.8252781942878887,0.024642502477448272
29900,0.30578490292003185,0.3522189535338223,0.30578490292003185
29901,0.1262726627995058,0.7957397802807331,0.1262726627995058
29902,0.12511963040966004,0.6455575344442075,0.12511963040966004
29903,0.055812542158512383,0.6627669405704247,0.055812542158512383
29904,0.08301243224236578,0.3685584394415554,0.08301243224236578
29905,0.08704678338811155,0.7650977648646919,0.08704678338811155
29906,0.4415634219522152,0.5708136242377162,0.4415634219522152
29907,0.021446664966753667,0.5618072891884863,0.021446664966753667
29908,0.40829552403959274,0.8069173201837507,0.40829552403959274
29909,0.011622554359307945,0.37462139896030106,0.011622554359307945
29910,0.37224945053535596,0.8118938738704766,0.37224945053535596
29911,0.03345956224608105,0.24863415563701868,0.03345956224608105
29912,0.2744396601356457,0.24410172106736264,0.2744396601356457
29913,0.7021160639541585,0.6510421293049891,0.7021160639541585
29914,0.758516389879085,0.7018757274709461,0.758516389879085
29915,0.1930105954565642,0.6123844953414745,0.1930105954565642
29916,0.08044191474403573,0.1255169453077147,0.08044191474403573
29917,0.03484348749258118,0.5200728657147001,0.03484348749258118
29918,0.2817339172905451,0.7648469323486872,0.2817339172905451
29919,0.06746712865181068,0.3053773156230842,0.06746712865181068
29920,0.2746370091774156,0.709414367723859,0.2746370091774156
29921,0.3479813492819118,0.31033255033805396,0.3479813492819118
29922,0.6247572989229936,0.7743284483693513,0.6247572989229936
29923,0.1303216731327209,0.34768281743610524,0.1303216731327209
29924,0.22364165595021424,0.17978644047608588,0.22364165595021424
29925,0.03525645391693185,0.15799480728576776,0.03525645391693185
29926,0.12354462052268825,0.08167705341001777,0.12354462052268825
29927,0.35841087052066717,0.44101196005791427,0.35841087052066717
29928,0.14574489984906547,0.5154521046046173,0.14574489984906547
29929,0.019994692040578497,0.42451573647331653,0.019994692040578497
29930,0.11168140947898954,0.7384966824370536,0.11168140947898954
29931,0.45689470674400007,0.30848438856142807,0.45689470674400007
29932,0.04813923338780593,0.4038646596153975,0.04813923338780593
29933,0.13185742396241873,0.6119375814880433,0.13185742396241873
29934,0.07461413269301409,0.8156969786199213,0.07461413269301409
29935,0.8178026037359887,0.9434869984035619,0.8178026037359887
29936,0.0668152098401376,0.4723537226413794,0.0668152098401376
29937,0.3362980385040265,0.2713186115991401,0.3362980385040265
29938,0.5172598593212555,0.09775593943633033,0.5172598593212555
29939,0.16584089686735998,0.49800095668993993,0.16584089686735998
29940,0.13066267567041331,0.2132306294712256,0.13066267567041331
29941,0.3937655829146009,0.17661024754326698,0.3937655829146009
29942,0.522390691485638,0.39127862120320245,0.522390691485638
29943,0.10662504301319187,0.3252215997513164,0.10662504301319187
29944,0.10220735199888245,0.2671232396645984,0.10220735199888245
29945,0.19267143172333367,0.555919200778555,0.19267143172333367
29946,0.04661578258863368,0.7336328446507837,0.04661578258863368
29947,0.09582771704566613,0.2916239830525439,0.09582771704566613
29948,0.016882457567785416,0.04511761909184339,0.016882457567785416
29949,0.09543249897497115,0.5371502674987485,0.09543249897497115
29950,0.37957437212042366,0.8693070262571946,0.37957437212042366
29951,0.09671474104816706,0.5282100835874027,0.09671474104816706
29952,0.47423138409151694,0.6851142765612493,0.47423138409151694
29953,0.03483443051753141,0.40490548226440437,0.03483443051753141
29954,0.1743973808151947,0.29094674577700236,0.1743973808151947
29955,0.10751522520868777,0.2862464893308455,0.10751522520868777
29956,0.40507100422050707,0.11952411484177114,0.40507100422050707
29957,0.029292676356172585,0.32607973705553417,0.029292676356172585
29958,0.380721551171466,0.522856081461389,0.380721551171466
29959,0.04600662396952668,0.1305495712701349,0.04600662396952668
29960,0.045860197282191525,0.09413595599794024,0.045860197282191525
29961,0.03314248491984569,0.543304270254593,0.03314248491984569
29962,0.09221657240231956,0.8252524024668447,0.09221657240231956
29963,0.2921020959110435,0.6223963876955961,0.2921020959110435
29964,0.025134366326148697,0.38101468670538063,0.025134366326148697
29965,0.1431240857280243,0.44302825724165223,0.1431240857280243
29966,0.09011479804432389,0.7330838649132125,0.09011479804432389
29967,0.16423408863140027,0.6319996722696334,0.16423408863140027
29968,0.03488029522476452,0.5593500529174558,0.03488029522476452
29969,0.6135499840021097,0.3962122866215424,0.6135499840021097
29970,0.09820125304462268,0.802463350526791,0.09820125304462268
29971,0.08180971876559784,0.24974218369665038,0.08180971876559784
29972,0.021215905513696166,0.07306507157023139,0.021215905513696166
29973,0.025066778933290304,0.1138296678123822,0.025066778933290304
29974,0.6494717209965298,0.2971376348797892,0.6494717209965298
29975,0.10649798248588051,0.34350042372123435,0.10649798248588051
29976,0.09297511414222738,0.8107218210824101,0.09297511414222738
29977,0.07539947339864904,0.2782412599594448,0.07539947339864904
29978,0.08588317969697895,0.09122370429808163,0.08588317969697895
29979,0.02319287265980038,0.7374319360062244,0.02319287265980038
29980,0.2041818703650531,0.7390715391801276,0.2041818703650531
29981,0.15550709188956424,0.547814123504312,0.15550709188956424
29982,0.15973947980126504,0.6252757182049187,0.15973947980126504
29983,0.06437275291575535,0.5274112142583901,0.06437275291575535
29984,0.0587556313813559,0.16900934007090293,0.0587556313813559
29985,0.09193557510109238,0.7123025729199751,0.09193557510109238
29986,0.6225067991160688,0.8837940757025605,0.6225067991160688
29987,0.1366750755053072,0.3243714267360204,0.1366750755053072
29988,0.2061958740813732,0.6571561050540522,0.2061958740813732
29989,0.07506444872912958,0.12992959570566384,0.07506444872912958
29990,0.06333323195342455,0.27776356479037423,0.06333323195342455
29991,0.15904315462901586,0.43945807532796355,0.15904315462901586
29992,0.09321216124869283,0.10642334857540421,0.09321216124869283
29993,0.06213139923094384,0.08617374701440042,0.06213139923094384
29994,0.07013806130273086,0.2812185641618254,0.07013806130273086
29995,0.06954137317804245,0.13909907018568862,0.06954137317804245
29996,0.018424854173507733,0.2644837473199414,0.018424854173507733
29997,0.4626791886623507,0.8218223367826389,0.4626791886623507
29998,0.34042948842402954,0.1813773477526178,0.34042948842402954
29999,0.6248967343675395,0.8898689609336569,0.6248967343675395
30000,0.07563989261546186,0.08305146865349992,0.07563989261546186
30001,0.3436557934241831,0.45924864254230924,0.3436557934241831
30002,0.35209659224635576,0.542837086746357,0.35209659224635576
30003,0.7584917152717356,0.9436652047071872,0.7584917152717356
30004,0.23207269954773635,0.7336740909512135,0.23207269954773635
30005,0.3575699288890215,0.8417705942216495,0.3575699288890215
30006,0.12351285395694284,0.8446302052516054,0.12351285395694284
30007,0.06545664755990255,0.5129684872943338,0.06545664755990255
30008,0.08429337607143474,0.49214157833430006,0.08429337607143474
30009,0.3260548003708558,0.3807992261362679,0.3260548003708558
30010,0.06554101848387224,0.39640204646858057,0.06554101848387224
30011,0.048957834088465726,0.48146524219155007,0.048957834088465726
30012,0.13658715896431592,0.8011961308313341,0.13658715896431592
30013,0.01868122873011614,0.060797342526482306,0.01868122873011614
30014,0.36245784815730425,0.8959443871106293,0.36245784815730425
30015,0.08848846037174453,0.5434200233639639,0.08848846037174453
30016,0.1050653206022935,0.3908879543517277,0.1050653206022935
30017,0.33971785157641865,0.8221398416615603,0.33971785157641865
30018,0.07269283723419998,0.330255724103884,0.07269283723419998
30019,0.39896210920969133,0.6881333402306713,0.39896210920969133
30020,0.07150850303733793,0.06506875478975563,0.07150850303733793
30021,0.0695537959443821,0.38780082590498555,0.0695537959443821
30022,0.06805883473559945,0.3932223656760932,0.06805883473559945
30023,0.1262683748489251,0.6442565526663031,0.1262683748489251
30024,0.12258061090405062,0.5005738477658074,0.12258061090405062
30025,0.020342163780106462,0.06728102152738603,0.020342163780106462
30026,0.23848707353683885,0.628399557672681,0.23848707353683885
30027,0.038094787807263435,0.05610863955893339,0.038094787807263435
30028,0.332549339363809,0.1182759620118527,0.332549339363809
30029,0.03422608674023795,0.07357128612322929,0.03422608674023795
30030,0.030560615274893756,0.2747657575941671,0.030560615274893756
30031,0.06810090100072917,0.19197204336351553,0.06810090100072917
30032,0.02875581839170374,0.15267606105736561,0.02875581839170374
30033,0.08152558267473539,0.26411536838818217,0.08152558267473539
30034,0.23855303947238848,0.42607945022014376,0.23855303947238848
30035,0.03475820247748962,0.11542602121480443,0.03475820247748962
30036,0.03854036296920305,0.07897380260409693,0.03854036296920305
30037,0.3179840918987758,0.8746515702822554,0.3179840918987758
30038,0.09951745151088719,0.07730788736086551,0.09951745151088719
30039,0.0329239617031054,0.33107239581221537,0.0329239617031054
30040,0.08660366869151347,0.11318488412040895,0.08660366869151347
30041,0.053677653545959235,0.29242138000212486,0.053677653545959235
30042,0.09641146858892809,0.6865842712348108,0.09641146858892809
30043,0.19021444453120848,0.3629378296860771,0.19021444453120848
30044,0.05602282599960727,0.15394380336773056,0.05602282599960727
30045,0.11273980258563261,0.30869112435899426,0.11273980258563261
30046,0.12171103136752143,0.6531879013718579,0.12171103136752143
30047,0.3030995631288531,0.23596955488699695,0.3030995631288531
30048,0.1944014519951802,0.12056081094254881,0.1944014519951802
30049,0.03038225305667702,0.8564416561787583,0.03038225305667702
30050,0.5352709589428012,0.9252293884044633,0.5352709589428012
30051,0.03480192429816652,0.3007406314378248,0.03480192429816652
30052,0.15384981947153875,0.5069262841726185,0.15384981947153875
30053,0.26148252477186956,0.6214523883660261,0.26148252477186956
30054,0.14001095215038017,0.5510965831669054,0.14001095215038017
30055,0.41608232881498186,0.6848667789269695,0.41608232881498186
30056,0.054781771118364256,0.05043343307576831,0.054781771118364256
30057,0.022732136029479166,0.14275332964732373,0.022732136029479166
30058,0.5008676675498713,0.5515610106056552,0.5008676675498713
30059,0.07656652655868583,0.20311852127172872,0.07656652655868583
30060,0.26673599000650466,0.31804474709942215,0.26673599000650466
30061,0.08146637682319441,0.8180476116425189,0.08146637682319441
30062,0.0626124922942314,0.7174374169440344,0.0626124922942314
30063,0.1319231635650063,0.08449879806406158,0.1319231635650063
30064,0.03740585995713178,0.8171303537943267,0.03740585995713178
30065,0.13151317987583655,0.46472062386854407,0.13151317987583655
30066,0.07764112270662787,0.3495021484783182,0.07764112270662787
30067,0.14301970418421323,0.7200759287451621,0.14301970418421323
30068,0.5129188646279244,0.6761069142748167,0.5129188646279244
30069,0.16146480810860347,0.3441482740149669,0.16146480810860347
30070,0.08862448572624759,0.2536110206517826,0.08862448572624759
30071,0.8958155458370546,0.8000651262234886,0.8958155458370546
30072,0.06439993286344131,0.8561979065925195,0.06439993286344131
30073,0.14253334330383616,0.8513211151577954,0.14253334330383616
30074,0.4399133085528543,0.8139078078493828,0.4399133085528543
30075,0.3030122468725806,0.5787645659085247,0.3030122468725806
30076,0.0974658235947966,0.1526878190291827,0.0974658235947966
30077,0.2812321300089174,0.9312928666270668,0.2812321300089174
30078,0.1231448782525395,0.45252960718478275,0.1231448782525395
30079,0.18383463555638016,0.39529786840579884,0.18383463555638016
30080,0.4274650073406445,0.8268597262185302,0.4274650073406445
30081,0.816349035631165,0.6344917392945333,0.816349035631165
30082,0.09218947722325983,0.8477580961994128,0.09218947722325983
30083,0.09016160701386186,0.3835139242433654,0.09016160701386186
30084,0.575752761336021,0.5511976689820702,0.575752761336021
30085,0.04185612068918925,0.08540922794736658,0.04185612068918925
30086,0.06571888321282995,0.08608192456938778,0.06571888321282995
30087,0.16143707484966224,0.3533419859014424,0.16143707484966224
30088,0.08144485125299833,0.32457577012830796,0.08144485125299833
30089,0.10481882047814191,0.3909924510809235,0.10481882047814191
30090,0.056958845388845485,0.15175930502638368,0.056958845388845485
30091,0.6579680843967279,0.683177943438862,0.6579680843967279
30092,0.008916338309768337,0.027727883806871148,0.008916338309768337
30093,0.4719230173821969,0.37919840466605487,0.4719230173821969
30094,0.03742032912414518,0.8503910677639978,0.03742032912414518
30095,0.06293057863287843,0.25685317320596884,0.06293057863287843
30096,0.1909173906168843,0.13912787287186482,0.1909173906168843
30097,0.5478866311430507,0.5805654331711882,0.5478866311430507
30098,0.2362957227684711,0.4981428529869226,0.2362957227684711
30099,0.04072080031479635,0.11277012413764746,0.04072080031479635
30100,0.03127252790505873,0.07145206690385705,0.03127252790505873
30101,0.028297348446280953,0.02490372281565286,0.028297348446280953
30102,0.09989225118107628,0.3957869443492793,0.09989225118107628
30103,0.44551430593574715,0.4822687511591297,0.44551430593574715
30104,0.7617880237103813,0.4694201036982706,0.7617880237103813
30105,0.041815885753044145,0.37409856736156344,0.041815885753044145
30106,0.3799873408014708,0.8370230942364337,0.3799873408014708
30107,0.21808024316825897,0.5982007873058052,0.21808024316825897
30108,0.2146623391588823,0.1088670613367495,0.2146623391588823
30109,0.015422683077250402,0.05041887742295132,0.015422683077250402
30110,0.20424532160823028,0.9182969411708891,0.20424532160823028
30111,0.1439961854392054,0.937900292029708,0.1439961854392054
30112,0.2909758130597472,0.1850997325772415,0.2909758130597472
30113,0.02355676274935051,0.5552893955912708,0.02355676274935051
30114,0.2012121751957734,0.6374969148266618,0.2012121751957734
30115,0.5468884511418308,0.7575673038858745,0.5468884511418308
30116,0.09707903222859064,0.43369205711441566,0.09707903222859064
30117,0.11711054090037926,0.2134393659351875,0.11711054090037926
30118,0.18515077498540686,0.11779468683726604,0.18515077498540686
30119,0.12945151020636095,0.3544761301970349,0.12945151020636095
30120,0.13373781003178045,0.6587125297457386,0.13373781003178045
30121,0.16584266078833135,0.8659656535832548,0.16584266078833135
30122,0.03915340352505248,0.18755048111341321,0.03915340352505248
30123,0.1496062310181158,0.3045081473549879,0.1496062310181158
30124,0.5366736465477796,0.6570836126245339,0.5366736465477796
30125,0.36635825651574117,0.5435308306986404,0.36635825651574117
30126,0.02126402193107869,0.16984137637917196,0.02126402193107869
30127,0.149042053415342,0.6095823676174008,0.149042053415342
30128,0.44460654595464166,0.5496973952082697,0.44460654595464166
30129,0.16644922369725226,0.774032512602667,0.16644922369725226
30130,0.16293424989855246,0.243348217370483,0.16293424989855246
30131,0.09104567608059665,0.6987597513198298,0.09104567608059665
30132,0.08468299797574871,0.06944126696199403,0.08468299797574871
30133,0.11119291159555388,0.3242687758972413,0.11119291159555388
30134,0.07245232149005272,0.8076358876316286,0.07245232149005272
30135,0.18921589251338977,0.6165850935868972,0.18921589251338977
30136,0.06387906948421744,0.43064801521202806,0.06387906948421744
30137,0.060685626881002146,0.22935435677154487,0.060685626881002146
30138,0.0809130758189776,0.5409113087609063,0.0809130758189776
30139,0.4974633371148945,0.8326780062315282,0.4974633371148945
30140,0.01561849523386136,0.09212344027419689,0.01561849523386136
30141,0.06791617287029672,0.13260822932258698,0.06791617287029672
30142,0.6469345647127296,0.8892388096579268,0.6469345647127296
30143,0.048718035985621966,0.5986349720685471,0.048718035985621966
30144,0.5681757262229776,0.7559952303567966,0.5681757262229776
30145,0.0849966634614825,0.46407571708021433,0.0849966634614825
30146,0.022404679283682564,0.10352053879820812,0.022404679283682564
30147,0.2602516166582811,0.6615126908414606,0.2602516166582811
30148,0.07331781604710277,0.5497955325422635,0.07331781604710277
30149,0.11062986645671702,0.27460276811787204,0.11062986645671702
30150,0.7086250528924463,0.7722448560578477,0.7086250528924463
30151,0.912499866946122,0.8786964687705893,0.912499866946122
30152,0.11571975288404607,0.18301285691988103,0.11571975288404607
30153,0.07874589334279483,0.7708737874134596,0.07874589334279483
30154,0.21679876267157863,0.9212228170718546,0.21679876267157863
30155,0.38766444156002383,0.4520584581227028,0.38766444156002383
30156,0.11431947126489288,0.7335629688266098,0.11431947126489288
30157,0.3930737483529442,0.4149625861387968,0.3930737483529442
30158,0.7016210491564506,0.7834667390691875,0.7016210491564506
30159,0.3016179697174689,0.18699086787776784,0.3016179697174689
30160,0.2328239959240408,0.8217923422510675,0.2328239959240408
30161,0.04914398371190707,0.28334465944905884,0.04914398371190707
30162,0.12993456547419585,0.5976828241957028,0.12993456547419585
30163,0.11152954380887672,0.39319613024006905,0.11152954380887672
30164,0.8310406500975204,0.7433821728823309,0.8310406500975204
30165,0.09067615151670613,0.28672597391636045,0.09067615151670613
30166,0.08920759485505217,0.8544795960062164,0.08920759485505217
30167,0.10746180578539605,0.35888275605031505,0.10746180578539605
30168,0.07764627550224551,0.13727687238884795,0.07764627550224551
30169,0.0845349056040239,0.18487667360152843,0.0845349056040239
30170,0.28774168448342724,0.03438842113745432,0.28774168448342724
30171,0.0604911130183054,0.06992728956204805,0.0604911130183054
30172,0.6172968593909444,0.39181211101883767,0.6172968593909444
30173,0.09240170365019089,0.8108559149382577,0.09240170365019089
30174,0.20800729953703298,0.7780994020170942,0.20800729953703298
30175,0.5291445991659527,0.2263728545675147,0.5291445991659527
30176,0.07524498949814908,0.691150467264475,0.07524498949814908
30177,0.23482558588876906,0.8892038634045083,0.23482558588876906
30178,0.07278517941027042,0.1743100130658223,0.07278517941027042
30179,0.07448707438316073,0.14219501525725428,0.07448707438316073
30180,0.04363929543688934,0.2634321485861354,0.04363929543688934
30181,0.0907429570791984,0.7172755768257801,0.0907429570791984
30182,0.7390783448701065,0.7946083788878904,0.7390783448701065
30183,0.7310061480551531,0.8978777033476082,0.7310061480551531
30184,0.1166922509076967,0.8252856787346277,0.1166922509076967
30185,0.08304996451338152,0.5038579952948034,0.08304996451338152
30186,0.14450618164809198,0.6360938362395158,0.14450618164809198
30187,0.13314520884679837,0.3332509421882937,0.13314520884679837
30188,0.5832888394528574,0.7059884054462426,0.5832888394528574
30189,0.014621291683365175,0.02561364887386571,0.014621291683365175
30190,0.06419090500255079,0.13687242940495375,0.06419090500255079
30191,0.055436033467904426,0.29551769033127334,0.055436033467904426
30192,0.10673669876798539,0.8011734900613617,0.10673669876798539
30193,0.07302926660711538,0.38284370065799544,0.07302926660711538
30194,0.07384271847529238,0.1106986156590376,0.07384271847529238
30195,0.17185297821276008,0.46716053503384014,0.17185297821276008
30196,0.6930397942266006,0.6148245794399466,0.6930397942266006
30197,0.2397156899109371,0.7412452753068567,0.2397156899109371
30198,0.16799353333675784,0.8020444217857012,0.16799353333675784
30199,0.1289859774104299,0.19013391342269648,0.1289859774104299
30200,0.4766099423783055,0.8055825744000095,0.4766099423783055
30201,0.09386615396883892,0.3019518982933013,0.09386615396883892
30202,0.15060458368507862,0.34764707922315885,0.15060458368507862
30203,0.5592176925271666,0.200779396896115,0.5592176925271666
30204,0.14634838174778625,0.1758470956625518,0.14634838174778625
30205,0.03733518372253676,0.025819492626359217,0.03733518372253676
30206,0.10382299384283732,0.47380235197777976,0.10382299384283732
30207,0.39780384176385575,0.6842875073286999,0.39780384176385575
30208,0.08986609289165792,0.35737675688608994,0.08986609289165792
30209,0.07892174043775538,0.2705899265632929,0.07892174043775538
30210,0.036557542879721364,0.3074139846019704,0.036557542879721364
30211,0.08924979779654788,0.41406911556935566,0.08924979779654788
30212,0.24717550290027357,0.4524532198609875,0.24717550290027357
30213,0.060220318656032536,0.7005016639936574,0.060220318656032536
30214,0.08118719163764432,0.1381344239903909,0.08118719163764432
30215,0.09248193512644627,0.27412834262652463,0.09248193512644627
30216,0.20886657798950023,0.24500658636101727,0.20886657798950023
30217,0.8217464472124629,0.8238012300811218,0.8217464472124629
30218,0.05519613140038727,0.14210042590386301,0.05519613140038727
30219,0.1135816604045661,0.5185523519486579,0.1135816604045661
30220,0.10571823063051815,0.9218297485218068,0.10571823063051815
30221,0.16365131839192043,0.5074146396264534,0.16365131839192043
30222,0.10757862140517681,0.09196327945885786,0.10757862140517681
30223,0.783164013089977,0.7607821907407736,0.783164013089977
30224,0.09955495195821987,0.2983842129533345,0.09955495195821987
30225,0.015988256503635508,0.030914042309814645,0.015988256503635508
30226,0.21604932515489433,0.6605427348703955,0.21604932515489433
30227,0.07474300533815365,0.7567397803137641,0.07474300533815365
30228,0.19654504390798364,0.16131403502705213,0.19654504390798364
30229,0.045645920293160155,0.5061162052748374,0.045645920293160155
30230,0.11331562071886599,0.38061443582848375,0.11331562071886599
30231,0.07304965521296032,0.5157521844091882,0.07304965521296032
30232,0.11981261053303995,0.35949807815753265,0.11981261053303995
30233,0.29539816484756487,0.5882644240076902,0.29539816484756487
30234,0.10323856369177446,0.45401562126108824,0.10323856369177446
30235,0.04872847509548487,0.2864893086129798,0.04872847509548487
30236,0.1712311377338702,0.8416813751319153,0.1712311377338702
30237,0.11753738166759303,0.5443587003239062,0.11753738166759303
30238,0.12594713404163863,0.41120734347336646,0.12594713404163863
30239,0.1560629003373937,0.1993374454969317,0.1560629003373937
30240,0.1150850235843454,0.7490791310836563,0.1150850235843454
30241,0.11853004689984929,0.4473102151679625,0.11853004689984929
30242,0.18132543970243567,0.7680249154130744,0.18132543970243567
30243,0.1497172857989612,0.5177026202302927,0.1497172857989612
30244,0.06332623779236247,0.31126007996966953,0.06332623779236247
30245,0.1007540594663449,0.36806709314069386,0.1007540594663449
30246,0.038072129454037394,0.9283028679491551,0.038072129454037394
30247,0.03175917836650044,0.3440498144421191,0.03175917836650044
30248,0.43997002329584806,0.6633096242331037,0.43997002329584806
30249,0.6346045463037374,0.8986933168586352,0.6346045463037374
30250,0.15849949950360284,0.26189783118233473,0.15849949950360284
30251,0.035236420882910166,0.6644408377919273,0.035236420882910166
30252,0.2284630347312232,0.6553419413586629,0.2284630347312232
30253,0.16155210281447935,0.9018697134388445,0.16155210281447935
30254,0.05991242462320725,0.029077794149156427,0.05991242462320725
30255,0.25697516967313583,0.06191441787826467,0.25697516967313583
30256,0.573346983305279,0.34078297051317635,0.573346983305279
30257,0.05809668329268926,0.676710996033237,0.05809668329268926
30258,0.4175038094058178,0.3158884062124979,0.4175038094058178
30259,0.08841206363804366,0.08106506656858448,0.08841206363804366
30260,0.13122482825496953,0.5128864223238815,0.13122482825496953
30261,0.05084181035253665,0.7644733854615736,0.05084181035253665
30262,0.13375134041928458,0.5971781825074493,0.13375134041928458
30263,0.022366798137069932,0.14631070445944494,0.022366798137069932
30264,0.11770638837577543,0.37215445437673056,0.11770638837577543
30265,0.03254950542055988,0.4040846430336672,0.03254950542055988
30266,0.013165792679615384,0.036840349387251704,0.013165792679615384
30267,0.024708947741088613,0.07684960973024797,0.024708947741088613
30268,0.10907023284646636,0.416876611063044,0.10907023284646636
30269,0.007256401467726044,0.7112225453571861,0.007256401467726044
30270,0.08117057652404285,0.6066939022781175,0.08117057652404285
30271,0.09348818423203412,0.6496538452304284,0.09348818423203412
30272,0.050851426442424776,0.13889677923323102,0.050851426442424776
30273,0.5172356249224502,0.20690529213418812,0.5172356249224502
30274,0.7634310759432528,0.6468372814449642,0.7634310759432528
30275,0.04315661590688505,0.5737038888341681,0.04315661590688505
30276,0.05367337905789681,0.2982854917170467,0.05367337905789681
30277,0.02900069543925938,0.43056792526263116,0.02900069543925938
30278,0.028916917890213827,0.5030480748281676,0.028916917890213827
30279,0.1150845152179339,0.777328733331972,0.1150845152179339
30280,0.6038350618323812,0.5240286442880051,0.6038350618323812
30281,0.13751882097374446,0.16597454512978435,0.13751882097374446
30282,0.14238783606345554,0.19298571128609196,0.14238783606345554
30283,0.13542874734671634,0.4244451561328115,0.13542874734671634
30284,0.1320381591590549,0.20002048067224448,0.1320381591590549
30285,0.07354377306571372,0.46086734239244753,0.07354377306571372
30286,0.012272860163739024,0.13291402839076705,0.012272860163739024
30287,0.04982720984439859,0.11739386910009726,0.04982720984439859
30288,0.15521525766065952,0.5948270572671345,0.15521525766065952
30289,0.14457289236160129,0.2453691519434651,0.14457289236160129
30290,0.09254374319754535,0.22132230818905602,0.09254374319754535
30291,0.0574991507028384,0.1921022990953445,0.0574991507028384
30292,0.4142064193786907,0.6440404983271563,0.4142064193786907
30293,0.11920217075227181,0.41277722861507216,0.11920217075227181
30294,0.5807007302396541,0.6186681629092786,0.5807007302396541
30295,0.031851987381401534,0.08929468101556325,0.031851987381401534
30296,0.1590233216389746,0.7242810153810392,0.1590233216389746
30297,0.03094628499060938,0.05385269604729913,0.03094628499060938
30298,0.07982575338924461,0.5304119204233843,0.07982575338924461
30299,0.04553700154926314,0.666849458814933,0.04553700154926314
30300,0.2595804975958107,0.9259087130134399,0.2595804975958107
30301,0.282578167883158,0.32796714751075373,0.282578167883158
30302,0.02626405757495133,0.3964938810788806,0.02626405757495133
30303,0.8796116009561608,0.6310806694595422,0.8796116009561608
30304,0.03291069253381499,0.4855951448511274,0.03291069253381499
30305,0.04843088265625663,0.4156893852693733,0.04843088265625663
30306,0.10520390115670539,0.8638865562695038,0.10520390115670539
30307,0.7083119570849108,0.9390110943319461,0.7083119570849108
30308,0.19500236134751645,0.8390421357690335,0.19500236134751645
30309,0.07907312295550137,0.6069965651293523,0.07907312295550137
30310,0.8217974260771496,0.8729108968023648,0.8217974260771496
30311,0.031237670142950903,0.15100672510664798,0.031237670142950903
30312,0.09155208367567028,0.7313456159792235,0.09155208367567028
30313,0.04548441404331784,0.24508889998868255,0.04548441404331784
30314,0.0586184268322825,0.16212729186771607,0.0586184268322825
30315,0.1331580290581948,0.36975188033673617,0.1331580290581948
30316,0.17455757297462168,0.48886752313655746,0.17455757297462168
30317,0.08482113989001402,0.7155408064308787,0.08482113989001402
30318,0.0970006549923752,0.6550015959950934,0.0970006549923752
30319,0.04855467108380965,0.8617732039686695,0.04855467108380965
30320,0.2735453291609914,0.7152985283738788,0.2735453291609914
30321,0.06566144026417275,0.11384669237275645,0.06566144026417275
30322,0.10958780662295306,0.24914511960475982,0.10958780662295306
30323,0.18936797546989942,0.5852682240641479,0.18936797546989942
30324,0.04497940964047383,0.3142055081631535,0.04497940964047383
30325,0.020479622587703358,0.019059573263850292,0.020479622587703358
30326,0.026599735895513576,0.19823116593598808,0.026599735895513576
30327,0.16344996908225834,0.8167086326053703,0.16344996908225834
30328,0.17421040660861964,0.7808741230974852,0.17421040660861964
30329,0.06641278872614148,0.1560849553941128,0.06641278872614148
30330,0.015203344238302692,0.07580342598850902,0.015203344238302692
30331,0.10240928519261708,0.6643021422673008,0.10240928519261708
30332,0.12654782700722356,0.10504869964516536,0.12654782700722356
30333,0.018048351535067654,0.046394812318045785,0.018048351535067654
30334,0.08424155837924428,0.5514843550442481,0.08424155837924428
30335,0.27200284677414,0.9037206723221407,0.27200284677414
30336,0.011329716964128335,0.0977815306605416,0.011329716964128335
30337,0.7730650586222142,0.9419082867575564,0.7730650586222142
30338,0.24580248396407056,0.5084767977363175,0.24580248396407056
30339,0.4356750335379871,0.26458808705374975,0.4356750335379871
30340,0.11600198598361337,0.3596710494995822,0.11600198598361337
30341,0.8412679838605347,0.10795040552893065,0.8412679838605347
30342,0.4143141165838641,0.49325279434348,0.4143141165838641
30343,0.03741096306739334,0.2860117083757766,0.03741096306739334
30344,0.8929600598210741,0.7138658538481322,0.8929600598210741
30345,0.3497166789510203,0.05698044840814954,0.3497166789510203
30346,0.25478656656438836,0.3981210166296526,0.25478656656438836
30347,0.1073007749955278,0.5875322090666626,0.1073007749955278
30348,0.04367074923738957,0.09122593895427486,0.04367074923738957
30349,0.11775774943343806,0.5025779865157286,0.11775774943343806
30350,0.5084194997048918,0.3916610349243779,0.5084194997048918
30351,0.0707537642246044,0.2605115915923411,0.0707537642246044
30352,0.13461140131423766,0.26444151728755055,0.13461140131423766
30353,0.19588170676338265,0.34269064329867205,0.19588170676338265
30354,0.07219382863480557,0.18935895707676537,0.07219382863480557
30355,0.19357933943019048,0.28089853441188967,0.19357933943019048
30356,0.04367987408610112,0.13019464640135225,0.04367987408610112
30357,0.12426760071370709,0.24604366096000516,0.12426760071370709
30358,0.6870829665609457,0.9023351285851916,0.6870829665609457
30359,0.05819872291248677,0.10526801717693796,0.05819872291248677
30360,0.5463704957350107,0.9259811276307102,0.5463704957350107
30361,0.050217673368280286,0.3187584719553862,0.050217673368280286
30362,0.220793387485119,0.12396302856316702,0.220793387485119
30363,0.16160327267093927,0.3213677651934851,0.16160327267093927
30364,0.37795397240543943,0.8106765468915967,0.37795397240543943
30365,0.0724969455438098,0.8091039795319609,0.0724969455438098
30366,0.12409529239059333,0.41121269193727245,0.12409529239059333
30367,0.7041949114692446,0.8673079412522596,0.7041949114692446
30368,0.0705036228901723,0.059973892000930056,0.0705036228901723
30369,0.06436400101108986,0.06173556140206816,0.06436400101108986
30370,0.27976878612380784,0.570273088809005,0.27976878612380784
30371,0.08026141865645191,0.1664522106224088,0.08026141865645191
30372,0.05075298997683199,0.06943712866320062,0.05075298997683199
30373,0.05923835987327817,0.10226748568293226,0.05923835987327817
30374,0.18798403900338845,0.2966390990337999,0.18798403900338845
30375,0.10417951490297347,0.5913926919069685,0.10417951490297347
30376,0.41485108340168736,0.31339731897893364,0.41485108340168736
30377,0.11345814099974205,0.12364919523760472,0.11345814099974205
30378,0.577830520351859,0.8733745773735326,0.577830520351859
30379,0.2516571480432788,0.7918993947326407,0.2516571480432788
30380,0.09574444400963313,0.6213765052577921,0.09574444400963313
30381,0.05417207167382951,0.38631853894954316,0.05417207167382951
30382,0.3696398808144346,0.8893965114559619,0.3696398808144346
30383,0.18947141279434002,0.5377097672485466,0.18947141279434002
30384,0.1422432348614522,0.3369656727022748,0.1422432348614522
30385,0.4311541494251636,0.26527470425561595,0.4311541494251636
30386,0.666618436378706,0.6553993112719811,0.666618436378706
30387,0.36653765090692936,0.9109646865321033,0.36653765090692936
30388,0.03382876967227191,0.1256604263734398,0.03382876967227191
30389,0.2267583760614938,0.40884703613243445,0.2267583760614938
30390,0.027931629451084985,0.19000559847482656,0.027931629451084985
30391,0.6622839944017761,0.9186278273053833,0.6622839944017761
30392,0.3480357461179963,0.3958178249428768,0.3480357461179963
30393,0.09761543662207306,0.16193299998503674,0.09761543662207306
30394,0.23909521547711732,0.11329174549264247,0.23909521547711732
30395,0.06145565955454717,0.06548699871849945,0.06145565955454717
30396,0.07332911061310664,0.12098801437907544,0.07332911061310664
30397,0.2562949541936879,0.16479886967476146,0.2562949541936879
30398,0.6705303199481942,0.9172328900480075,0.6705303199481942
30399,0.12912943673614913,0.13772891863436215,0.12912943673614913
30400,0.038666982989187505,0.43819493624303574,0.038666982989187505
30401,0.12405233324142,0.6887715138999644,0.12405233324142
30402,0.02274906215849295,0.25235772495155423,0.02274906215849295
30403,0.2099275654533938,0.5901194699480214,0.2099275654533938
30404,0.1396964180790969,0.787622867266459,0.1396964180790969
30405,0.08191627436436057,0.19258739332042732,0.08191627436436057
30406,0.03665429762519412,0.17927834422740238,0.03665429762519412
30407,0.06340082275012016,0.17114268132186716,0.06340082275012016
30408,0.14904593203651542,0.3243898097306878,0.14904593203651542
30409,0.2706604546435425,0.682157529982803,0.2706604546435425
30410,0.13563909388650336,0.5944562086694066,0.13563909388650336
30411,0.017937734679153248,0.26833844679911406,0.017937734679153248
30412,0.4387186138985874,0.6045386815646461,0.4387186138985874
30413,0.04659574056510366,0.0373359647950891,0.04659574056510366
30414,0.10866581811528812,0.12269100945136682,0.10866581811528812
30415,0.2517046343710792,0.8494874708910057,0.2517046343710792
30416,0.046064079141216845,0.39641402358951694,0.046064079141216845
30417,0.09532117558814052,0.35830677427936186,0.09532117558814052
30418,0.027958152502897335,0.10548003704950765,0.027958152502897335
30419,0.05152359957086249,0.21485973340937087,0.05152359957086249
30420,0.02185226858635257,0.24813605532508326,0.02185226858635257
30421,0.586427205687387,0.6278985212266196,0.586427205687387
30422,0.04480570551309632,0.23539195432203988,0.04480570551309632
30423,0.09537732651871836,0.6223412069084754,0.09537732651871836
30424,0.029326649019394295,0.05089654139733996,0.029326649019394295
30425,0.7500488016862182,0.8696996837552206,0.7500488016862182
30426,0.7909864282023544,0.9486450581607692,0.7909864282023544
30427,0.855550639608415,0.8624234202973203,0.855550639608415
30428,0.0721072986282962,0.7910041786758109,0.0721072986282962
30429,0.21588958266054667,0.9316119277571588,0.21588958266054667
30430,0.287605368211252,0.8074219313278883,0.287605368211252
30431,0.0875104196826253,0.5464561488284313,0.0875104196826253
30432,0.22819694776981012,0.5249208674022373,0.22819694776981012
30433,0.15882682097617876,0.09813701999979323,0.15882682097617876
30434,0.07667357223375607,0.5442006838346092,0.07667357223375607
30435,0.14556452848870421,0.366582463702817,0.14556452848870421
30436,0.05572120133471151,0.09651652661176581,0.05572120133471151
30437,0.6460262803690539,0.6699801974949607,0.6460262803690539
30438,0.05384584442260926,0.16888991364028674,0.05384584442260926
30439,0.11284930957081932,0.4189833964665328,0.11284930957081932
30440,0.24172271326269204,0.379749929369373,0.24172271326269204
30441,0.29496425477831,0.10825306460312303,0.29496425477831
30442,0.5656606303429697,0.292253671089296,0.5656606303429697
30443,0.0655558552406497,0.49085383365675933,0.0655558552406497
30444,0.07474581300044873,0.07664056601799388,0.07474581300044873
30445,0.06669209288283058,0.6627976571971821,0.06669209288283058
30446,0.05779943796368845,0.10188375303576588,0.05779943796368845
30447,0.060262613921092834,0.43174236683298356,0.060262613921092834
30448,0.04780940627562489,0.42556806586026125,0.04780940627562489
30449,0.14361038396016754,0.39766611123241147,0.14361038396016754
30450,0.16473219160084146,0.5425396834564743,0.16473219160084146
30451,0.12915455213845098,0.2855524649593658,0.12915455213845098
30452,0.13432407670031973,0.5079232730368541,0.13432407670031973
30453,0.05254296369823943,0.20960069305014428,0.05254296369823943
30454,0.14557094953404057,0.5183033145331074,0.14557094953404057
30455,0.3662486942708351,0.41269732048163654,0.3662486942708351
30456,0.2515010324340559,0.5148918568501374,0.2515010324340559
30457,0.15909685274414445,0.10435690258160112,0.15909685274414445
30458,0.14727830131223177,0.533532409202018,0.14727830131223177
30459,0.0234732280239123,0.053375625981954035,0.0234732280239123
30460,0.3801492938754872,0.4317948798657781,0.3801492938754872
30461,0.17499556658681695,0.8197446101391819,0.17499556658681695
30462,0.03511955401781908,0.15326248236060225,0.03511955401781908
30463,0.07004508355616788,0.41981566304248435,0.07004508355616788
30464,0.2037829911936474,0.5755479949805041,0.2037829911936474
30465,0.14451225555618008,0.7021547231392825,0.14451225555618008
30466,0.057331412957477214,0.263167830462222,0.057331412957477214
30467,0.4733325897334362,0.27969458685904786,0.4733325897334362
30468,0.026850242166860112,0.1525417704615053,0.026850242166860112
30469,0.06782513557381659,0.11256500027010119,0.06782513557381659
30470,0.04984857321205316,0.07358409720617752,0.04984857321205316
30471,0.4483526882653058,0.6303942634696679,0.4483526882653058
30472,0.03646639750684754,0.041858064128575984,0.03646639750684754
30473,0.1264286677451222,0.14489424401174042,0.1264286677451222
30474,0.23610029334482405,0.2918157428139378,0.23610029334482405
30475,0.026534228178095646,0.05509261030637108,0.026534228178095646
30476,0.03043131686147692,0.15403752491178088,0.03043131686147692
30477,0.06334016696487109,0.3570611719790039,0.06334016696487109
30478,0.2449003969506298,0.8302471340117035,0.2449003969506298
30479,0.9254587975969469,0.9467696403326618,0.9254587975969469
30480,0.09093073670827027,0.4313636486572947,0.09093073670827027
30481,0.031174051246015775,0.5679184224970824,0.031174051246015775
30482,0.1859063930156113,0.6044456250252581,0.1859063930156113
30483,0.03611930927623174,0.1657752719481295,0.03611930927623174
30484,0.06336020492296404,0.522042215753124,0.06336020492296404
30485,0.04343407032185374,0.79308223960111,0.04343407032185374
30486,0.06727734382775312,0.474510707734512,0.06727734382775312
30487,0.39683623764372455,0.6485415489957989,0.39683623764372455
30488,0.13102986100531153,0.40953802771448494,0.13102986100531153
30489,0.5767057702196589,0.5624721517309005,0.5767057702196589
30490,0.4034136035280444,0.5575817994844815,0.4034136035280444
30491,0.2024546682048893,0.411917225622547,0.2024546682048893
30492,0.07750671481115477,0.3755607365163532,0.07750671481115477
30493,0.16783858447524377,0.6210485230578191,0.16783858447524377
30494,0.11317445523121762,0.18251690015277244,0.11317445523121762
30495,0.08882886440243745,0.22930861685992004,0.08882886440243745
30496,0.05561651650839587,0.2602051920017575,0.05561651650839587
30497,0.13225091489967522,0.8201032299374851,0.13225091489967522
30498,0.07851230346450902,0.11653591170726699,0.07851230346450902
30499,0.3965052914500202,0.8994121606270857,0.3965052914500202
30500,0.05252413497041116,0.04528729947765667,0.05252413497041116
30501,0.39482098330281484,0.6586245465913111,0.39482098330281484
30502,0.21310085890455138,0.6365380900992634,0.21310085890455138
30503,0.23664379251226206,0.3679017645858047,0.23664379251226206
30504,0.47398911707964536,0.8486200858896125,0.47398911707964536
30505,0.15492738552904028,0.2100080552555207,0.15492738552904028
30506,0.10475639129773955,0.8189750479001342,0.10475639129773955
30507,0.4944892142198785,0.4482837677095305,0.4944892142198785
30508,0.18274351518781187,0.2421242839070188,0.18274351518781187
30509,0.4144371147688209,0.8075360817637753,0.4144371147688209
30510,0.013313859250741106,0.09365190585490256,0.013313859250741106
30511,0.5143546383496685,0.2956206234498296,0.5143546383496685
30512,0.043143744548530386,0.14570399175218984,0.043143744548530386
30513,0.04334931288504594,0.25603596681103474,0.04334931288504594
30514,0.4700188517195868,0.4521566723578615,0.4700188517195868
30515,0.14179389129405878,0.21424102800513323,0.14179389129405878
30516,0.014602066330149906,0.34104922096454354,0.014602066330149906
30517,0.038099968265588424,0.2777164794474947,0.038099968265588424
30518,0.10343841779253521,0.2710205623880746,0.10343841779253521
30519,0.12319746684620698,0.6516139253702631,0.12319746684620698
30520,0.08290376537406459,0.1509164976916391,0.08290376537406459
30521,0.018096446758971298,0.027529897217855853,0.018096446758971298
30522,0.6223819345219084,0.8017632601044808,0.6223819345219084
30523,0.3328523140025875,0.8510153280103844,0.3328523140025875
30524,0.018337018630472633,0.22787112549685196,0.018337018630472633
30525,0.6631371066273121,0.7755622536912458,0.6631371066273121
30526,0.15713010059478938,0.4324182443082183,0.15713010059478938
30527,0.46484995970116477,0.31583894788681904,0.46484995970116477
30528,0.15015493554417217,0.6672082472560711,0.15015493554417217
30529,0.235120608088722,0.4618573755566955,0.235120608088722
30530,0.06697636826711424,0.5806091633727842,0.06697636826711424
30531,0.15341230959407828,0.6678355853202771,0.15341230959407828
30532,0.033865708135853,0.24126095218635843,0.033865708135853
30533,0.41596070466706636,0.6845372509475153,0.41596070466706636
30534,0.4880847762129558,0.8854798541933531,0.4880847762129558
30535,0.04617111272154724,0.07000635949364094,0.04617111272154724
30536,0.538618126116254,0.6302332513464417,0.538618126116254
30537,0.06761440192871455,0.46913124217438257,0.06761440192871455
30538,0.0185262653046703,0.14088093687269987,0.0185262653046703
30539,0.09365091076577954,0.7647984574862614,0.09365091076577954
30540,0.10091116170804558,0.48352631317338796,0.10091116170804558
30541,0.5137570946366135,0.2549335608901979,0.5137570946366135
30542,0.6897584617903731,0.5016428099445713,0.6897584617903731
30543,0.5851526826880584,0.8173101503439997,0.5851526826880584
30544,0.03374239683204841,0.05422560854004693,0.03374239683204841
30545,0.12187959221020504,0.30497286206305063,0.12187959221020504
30546,0.2072585537280624,0.9329141766654926,0.2072585537280624
30547,0.0700998830568337,0.8031150836706774,0.0700998830568337
30548,0.0685588106811001,0.7215695529148575,0.0685588106811001
30549,0.09371354611608115,0.6971865318423013,0.09371354611608115
30550,0.07336828210376878,0.24898244738066924,0.07336828210376878
30551,0.15827592012751093,0.8003204967146144,0.15827592012751093
30552,0.163127733574548,0.8878726194012945,0.163127733574548
30553,0.1429738766993469,0.5374155013054985,0.1429738766993469
30554,0.165658399667009,0.5681302217112952,0.165658399667009
30555,0.15207477422661234,0.0868562313597246,0.15207477422661234
30556,0.1880374321750233,0.7799582686463293,0.1880374321750233
30557,0.09103238513971693,0.5651639220373265,0.09103238513971693
30558,0.09349944517574632,0.8563893187483885,0.09349944517574632
30559,0.3872150539745293,0.4671922790133202,0.3872150539745293
30560,0.02049641456963363,0.07031811049764418,0.02049641456963363
30561,0.11684793248332387,0.37177712160151305,0.11684793248332387
30562,0.030254122132807412,0.2017582269087957,0.030254122132807412
30563,0.12233837341191306,0.8692083907184018,0.12233837341191306
30564,0.04168956485597937,0.6702317112646631,0.04168956485597937
30565,0.030519519634405988,0.17775241885330045,0.030519519634405988
30566,0.2870929615616019,0.1870198791467687,0.2870929615616019
30567,0.13870511647262546,0.6552024226886343,0.13870511647262546
30568,0.21224981077704397,0.5055835367937146,0.21224981077704397
30569,0.11953548545347573,0.2600213641482265,0.11953548545347573
30570,0.04154950005948396,0.4110703235694451,0.04154950005948396
30571,0.08413710318318801,0.8537957535229072,0.08413710318318801
30572,0.19459487430038092,0.42426865015816156,0.19459487430038092
30573,0.09566420019954078,0.41562689371032635,0.09566420019954078
30574,0.011893474608820056,0.03461453637344818,0.011893474608820056
30575,0.22176452326270113,0.5870172081118562,0.22176452326270113
30576,0.10803893426325259,0.112585734999887,0.10803893426325259
30577,0.06929707374291386,0.24050094693778332,0.06929707374291386
30578,0.10407430116007656,0.2043753151406796,0.10407430116007656
30579,0.20743078337187873,0.146478483180427,0.20743078337187873
30580,0.10768719896009371,0.09133454001839354,0.10768719896009371
30581,0.16741277206803926,0.6717010654105001,0.16741277206803926
30582,0.07544772423135288,0.2619578637134162,0.07544772423135288
30583,0.07155621757240553,0.3727086156327183,0.07155621757240553
30584,0.07757938059111273,0.4314548090395699,0.07757938059111273
30585,0.14261175771300316,0.9110237917014092,0.14261175771300316
30586,0.8762958893577951,0.25329962278399226,0.8762958893577951
30587,0.6208776649367203,0.725564543390999,0.6208776649367203
30588,0.0987763335117934,0.40485782020203087,0.0987763335117934
30589,0.10589909209507231,0.13868556937542442,0.10589909209507231
30590,0.042483723424750416,0.060504123187580014,0.042483723424750416
30591,0.09450136562495497,0.45574369978923573,0.09450136562495497
30592,0.3561217607625526,0.8968392174551774,0.3561217607625526
30593,0.031496210937482165,0.019666584571404164,0.031496210937482165
30594,0.16574694164741455,0.5632990999405997,0.16574694164741455
30595,0.06569002668561348,0.054647402736064964,0.06569002668561348
30596,0.05363524536528513,0.7579708418081226,0.05363524536528513
30597,0.029783728638409928,0.04943478097634834,0.029783728638409928
30598,0.02084284321820084,0.4775130778117366,0.02084284321820084
30599,0.12683823131276978,0.04145851325353502,0.12683823131276978
30600,0.3929169752766882,0.46642403113206954,0.3929169752766882
30601,0.23517987782987143,0.7292814255345522,0.23517987782987143
30602,0.07619080308419833,0.5208279520100516,0.07619080308419833
30603,0.1538294246218466,0.5134885614139288,0.1538294246218466
30604,0.05619631714594476,0.13652288610001873,0.05619631714594476
30605,0.06436807220769128,0.2531733980936061,0.06436807220769128
30606,0.13150244372396053,0.26306300580745395,0.13150244372396053
30607,0.13373135715412776,0.6290464555479632,0.13373135715412776
30608,0.08512833414984233,0.03098711418967984,0.08512833414984233
30609,0.5033427754462564,0.8801941950300455,0.5033427754462564
30610,0.052651845635278124,0.13438641651155195,0.052651845635278124
30611,0.03189992389778142,0.06255753185000902,0.03189992389778142
30612,0.03470782272842216,0.06775832156838828,0.03470782272842216
30613,0.5786025163175823,0.4936345110156029,0.5786025163175823
30614,0.3029655007894123,0.773799673530798,0.3029655007894123
30615,0.1659806805510369,0.29730325884019604,0.1659806805510369
30616,0.02361273311475203,0.03519945918182196,0.02361273311475203
30617,0.17610342571655233,0.3669258940129932,0.17610342571655233
30618,0.12735806477470463,0.6155929495908861,0.12735806477470463
30619,0.03299535478576335,0.06857262496533803,0.03299535478576335
30620,0.05063042865812148,0.779082007945856,0.05063042865812148
30621,0.12596864625354207,0.7104912776300987,0.12596864625354207
30622,0.0347222204958843,0.27300266491108627,0.0347222204958843
30623,0.10771382543670174,0.6276215405293579,0.10771382543670174
30624,0.04272665498392434,0.5977061267810524,0.04272665498392434
30625,0.05083967393020337,0.4324798786373014,0.05083967393020337
30626,0.1336021011202431,0.6870116416379847,0.1336021011202431
30627,0.16835245203078197,0.46972340594524203,0.16835245203078197
30628,0.24323354243041478,0.6849969725486831,0.24323354243041478
30629,0.026780903854243178,0.6036566878522489,0.026780903854243178
30630,0.1376770106861597,0.3912526466788537,0.1376770106861597
30631,0.037529762893067836,0.3889908405683,0.037529762893067836
30632,0.1811711805160364,0.3512319895170995,0.1811711805160364
30633,0.41249911478542506,0.8251637643000655,0.41249911478542506
30634,0.040754095192069587,0.025123475994299444,0.040754095192069587
30635,0.05546770548332521,0.20721935580362785,0.05546770548332521
30636,0.49790009659079126,0.3992149762459795,0.49790009659079126
30637,0.09709420052384658,0.31388998648189914,0.09709420052384658
30638,0.22100382325724988,0.8365352341677449,0.22100382325724988
30639,0.26203362585029766,0.42357825949753386,0.26203362585029766
30640,0.15091398823214544,0.5749393888041184,0.15091398823214544
30641,0.1264879781953082,0.5813541690898397,0.1264879781953082
30642,0.048407518555872615,0.16194138820443224,0.048407518555872615
30643,0.8345463625574361,0.9587880845174724,0.8345463625574361
30644,0.023486220931352803,0.1010888476643681,0.023486220931352803
30645,0.16880144277534653,0.350860438213332,0.16880144277534653
30646,0.0716591858711096,0.2889713224520445,0.0716591858711096
30647,0.8721598998076168,0.8677624229176029,0.8721598998076168
30648,0.0237360860789644,0.7648507814066454,0.0237360860789644
30649,0.06866820522583285,0.1511837806263934,0.06866820522583285
30650,0.036640198871145294,0.08927632604855101,0.036640198871145294
30651,0.133298146447183,0.8629433979324707,0.133298146447183
30652,0.04834046613817675,0.5116021303069537,0.04834046613817675
30653,0.44023752746873446,0.39987556724682766,0.44023752746873446
30654,0.0402044875500165,0.28414557160764714,0.0402044875500165
30655,0.061003552007173494,0.25741886392138125,0.061003552007173494
30656,0.02654229423586449,0.08687730762524071,0.02654229423586449
30657,0.07096866124807798,0.19016763173739754,0.07096866124807798
30658,0.052661818545494586,0.2018745394557764,0.052661818545494586
30659,0.160476221841105,0.7138520163508857,0.160476221841105
30660,0.07170765842181774,0.3323233066718459,0.07170765842181774
30661,0.07543462552459977,0.7166341657016444,0.07543462552459977
30662,0.12841640860888737,0.1930952592075128,0.12841640860888737
30663,0.09311730727580493,0.4954698003177492,0.09311730727580493
30664,0.03993718181923524,0.06215685992548544,0.03993718181923524
30665,0.15226654866041348,0.41346717929978477,0.15226654866041348
30666,0.03907446219586834,0.1653871665467599,0.03907446219586834
30667,0.026049545903717414,0.7866505819108591,0.026049545903717414
30668,0.1377258500699324,0.32380245071956165,0.1377258500699324
30669,0.24786590668544378,0.47007873615557655,0.24786590668544378
30670,0.044716197735076194,0.5541662180054973,0.044716197735076194
30671,0.07103152633717814,0.36452920315860576,0.07103152633717814
30672,0.19993224302019202,0.3904915211180426,0.19993224302019202
30673,0.14892173191236607,0.4012651253661345,0.14892173191236607
30674,0.03334379715396677,0.3079463938997149,0.03334379715396677
30675,0.09415684994262301,0.4460363606255519,0.09415684994262301
30676,0.01599196887230235,0.17997440290309974,0.01599196887230235
30677,0.06085791776556951,0.14933022256307946,0.06085791776556951
30678,0.3935831878010198,0.9162945653555832,0.3935831878010198
30679,0.024803836875126082,0.49203505340233566,0.024803836875126082
30680,0.6173814665275111,0.44707152384900606,0.6173814665275111
30681,0.34672295549245014,0.34505114532566433,0.34672295549245014
30682,0.2302648714902175,0.37911073221691,0.2302648714902175
30683,0.3180344189185766,0.39961071732223863,0.3180344189185766
30684,0.03410612922471159,0.25086468902475645,0.03410612922471159
30685,0.05322577685609536,0.37770119028599836,0.05322577685609536
30686,0.48255072054112963,0.5655569119623954,0.48255072054112963
30687,0.06558572581482974,0.079817343293896,0.06558572581482974
30688,0.13922749547685456,0.26465639245700306,0.13922749547685456
30689,0.13423423165069287,0.5389353254865875,0.13423423165069287
30690,0.050782882913742756,0.5906450344320191,0.050782882913742756
30691,0.08632833740932734,0.24173843578692383,0.08632833740932734
30692,0.22738029379841865,0.6473942560476016,0.22738029379841865
30693,0.00967103585589163,0.036227808854813866,0.00967103585589163
30694,0.05959688286512513,0.28291068628151234,0.05959688286512513
30695,0.5250620300866387,0.6386526682497279,0.5250620300866387
30696,0.2112269761637082,0.15740236730071772,0.2112269761637082
30697,0.17613299442915084,0.37940940997097405,0.17613299442915084
30698,0.0589836446726668,0.267700024147924,0.0589836446726668
30699,0.09471531913042493,0.24135240364904617,0.09471531913042493
30700,0.28979896842670483,0.6481666390372519,0.28979896842670483
30701,0.5134954670288292,0.5629768251268675,0.5134954670288292
30702,0.12431636716400848,0.8218009563811381,0.12431636716400848
30703,0.15470184723855668,0.9140562381735087,0.15470184723855668
30704,0.3812239950475677,0.10048109656561517,0.3812239950475677
30705,0.048927883624574356,0.19913150883874534,0.048927883624574356
30706,0.13843704155981362,0.5223922207393229,0.13843704155981362
30707,0.2357708686051669,0.6014791141870296,0.2357708686051669
30708,0.20456373559926327,0.10093537019832437,0.20456373559926327
30709,0.500522837309345,0.9254890186718542,0.500522837309345
30710,0.7363003477908984,0.9191743374698648,0.7363003477908984
30711,0.08719492049933034,0.16434767658786292,0.08719492049933034
30712,0.1283629994979784,0.6497518347030622,0.1283629994979784
30713,0.41191712039570305,0.9143352497877563,0.41191712039570305
30714,0.4145807139026816,0.4727646687948613,0.4145807139026816
30715,0.052903805776351266,0.2697724761162894,0.052903805776351266
30716,0.13503029520024895,0.9524258883407843,0.13503029520024895
30717,0.05752330040518076,0.4948343223836406,0.05752330040518076
30718,0.03279025503836644,0.460872014416412,0.03279025503836644
30719,0.023740794218764596,0.04008569628462446,0.023740794218764596
30720,0.10030655894848729,0.11847847229797688,0.10030655894848729
30721,0.0682558612899766,0.13373171118649135,0.0682558612899766
30722,0.05258996720342004,0.09543476716867388,0.05258996720342004
30723,0.2886304462300494,0.9129633821541875,0.2886304462300494
30724,0.053273376844584344,0.8453824704151912,0.053273376844584344
30725,0.06366887275934957,0.6370873460009786,0.06366887275934957
30726,0.04389784082731209,0.2544313586336576,0.04389784082731209
30727,0.17516859636200294,0.8850853982499292,0.17516859636200294
30728,0.6989815159438094,0.8521997003605735,0.6989815159438094
30729,0.023912698584699608,0.06919401193657981,0.023912698584699608
30730,0.1669705101119329,0.5321448221680872,0.1669705101119329
30731,0.9361102765989994,0.9656979403572313,0.9361102765989994
30732,0.2135466912695997,0.27526287455802273,0.2135466912695997
30733,0.36639668420496513,0.5047099803778344,0.36639668420496513
30734,0.1836834038726558,0.4856391445834447,0.1836834038726558
30735,0.2172760964650589,0.8659578906073608,0.2172760964650589
30736,0.44073645896579683,0.5870923924085286,0.44073645896579683
30737,0.046411983947842454,0.09150156487924144,0.046411983947842454
30738,0.2689839016425513,0.1444274689685986,0.2689839016425513
30739,0.06351444937231937,0.2797962289070641,0.06351444937231937
30740,0.032259043694279704,0.20970403546060357,0.032259043694279704
30741,0.10536029512510266,0.3508954168266506,0.10536029512510266
30742,0.10136805731307402,0.0942348866601237,0.10136805731307402
30743,0.030387159994655143,0.2198381894739912,0.030387159994655143
30744,0.09934020928063891,0.37254470866233524,0.09934020928063891
30745,0.0517235048800584,0.8739235611627502,0.0517235048800584
30746,0.6868369017870314,0.6789609917487759,0.6868369017870314
30747,0.055372747721912786,0.09960924632422649,0.055372747721912786
30748,0.0728798425264061,0.4771067910764426,0.0728798425264061
30749,0.12156427992415549,0.5002555026413122,0.12156427992415549
30750,0.042056570545041375,0.11961632738598596,0.042056570545041375
30751,0.07100419928014998,0.3037766101378348,0.07100419928014998
30752,0.5884595068539661,0.4937701170001099,0.5884595068539661
30753,0.06178955688557765,0.8507771698491207,0.06178955688557765
30754,0.20488103463524387,0.8478749360893971,0.20488103463524387
30755,0.25883548287049085,0.11847079114256762,0.25883548287049085
30756,0.08035585950985227,0.49508704249209656,0.08035585950985227
30757,0.01935541618917574,0.6545758466993488,0.01935541618917574
30758,0.0452586919091509,0.2785344080928723,0.0452586919091509
30759,0.02558497166598781,0.40511810782374547,0.02558497166598781
30760,0.11221904773892694,0.5493893773060986,0.11221904773892694
30761,0.8562569857778156,0.8982770474994052,0.8562569857778156
30762,0.33215165980702055,0.7364793442536085,0.33215165980702055
30763,0.2085053991263335,0.45595411845400097,0.2085053991263335
30764,0.06377181874292331,0.3933001844151006,0.06377181874292331
30765,0.6506039665815777,0.8326485819397959,0.6506039665815777
30766,0.06471822970693183,0.7932015490466927,0.06471822970693183
30767,0.0832485370349335,0.1720065804799671,0.0832485370349335
30768,0.03127430441856089,0.1434627302867266,0.03127430441856089
30769,0.1241796634060417,0.3019191121049769,0.1241796634060417
30770,0.2625416540324877,0.1106523004837049,0.2625416540324877
30771,0.0982340707896853,0.7872456411485443,0.0982340707896853
30772,0.18277209299986555,0.9756846429516767,0.18277209299986555
30773,0.05103881276132065,0.11797610002446039,0.05103881276132065
30774,0.20935221522213995,0.39063712952761226,0.20935221522213995
30775,0.054335687646919734,0.31227996476132214,0.054335687646919734
30776,0.04620332427913483,0.18331043054970242,0.04620332427913483
30777,0.1212837862041309,0.7177898786462125,0.1212837862041309
30778,0.2766616616195168,0.7516333860978117,0.2766616616195168
30779,0.21651455507824893,0.8279259821613663,0.21651455507824893
30780,0.08030273297266054,0.15771855669913573,0.08030273297266054
30781,0.03856810289631751,0.0365248493864156,0.03856810289631751
30782,0.12058598731540777,0.34891959564631453,0.12058598731540777
30783,0.03508874180534963,0.32277240408123115,0.03508874180534963
30784,0.14569230572355105,0.3891898394256862,0.14569230572355105
30785,0.7244318216539024,0.9204646234313818,0.7244318216539024
30786,0.0810177286148426,0.2222180275957818,0.0810177286148426
30787,0.47205306094534866,0.7725475567268373,0.47205306094534866
30788,0.24381293182145555,0.17686234015357194,0.24381293182145555
30789,0.35967591260325216,0.1964590397214865,0.35967591260325216
30790,0.13517974015626413,0.25146530976388126,0.13517974015626413
30791,0.14454379169859954,0.3420844803170926,0.14454379169859954
30792,0.5466533681018655,0.8700098703384175,0.5466533681018655
30793,0.05134226242522761,0.18439707094311542,0.05134226242522761
30794,0.013917151878926795,0.011181247356821914,0.013917151878926795
30795,0.2902931677101566,0.27115766327783997,0.2902931677101566
30796,0.30173434985664943,0.7553421036726771,0.30173434985664943
30797,0.09388002731207395,0.3457769146963348,0.09388002731207395
30798,0.07083880300757325,0.1545407541363352,0.07083880300757325
30799,0.08122447237384295,0.23297548589927097,0.08122447237384295
30800,0.6984647488023613,0.7908488125762649,0.6984647488023613
30801,0.021242594675482455,0.013535784810176877,0.021242594675482455
30802,0.046801390744492424,0.3331947241588608,0.046801390744492424
30803,0.0939256596342066,0.7365154632845639,0.0939256596342066
30804,0.20673164737965366,0.9214869732541595,0.20673164737965366
30805,0.06445613057948425,0.33487052491773045,0.06445613057948425
30806,0.12633514566084378,0.6607647321292082,0.12633514566084378
30807,0.16055647025735073,0.5053461318539137,0.16055647025735073
30808,0.09398738642933072,0.3447628540232994,0.09398738642933072
30809,0.08624149266530039,0.37124388252950236,0.08624149266530039
30810,0.45697898854270724,0.06465837435981138,0.45697898854270724
30811,0.6004741617407926,0.8513004397419572,0.6004741617407926
30812,0.06154444469227281,0.13794401864116262,0.06154444469227281
30813,0.1590984433486891,0.2435476601543418,0.1590984433486891
30814,0.6356144852040864,0.8839779595348871,0.6356144852040864
30815,0.09319395748471257,0.6824426091889565,0.09319395748471257
30816,0.15564030290651876,0.4524195117151889,0.15564030290651876
30817,0.13312942447551102,0.8367632893784849,0.13312942447551102
30818,0.16867495017600279,0.9295249933773253,0.16867495017600279
30819,0.02726579144433059,0.4641380099596612,0.02726579144433059
30820,0.026198501816161363,0.032687599624990356,0.026198501816161363
30821,0.07040355915033632,0.5617369864055066,0.07040355915033632
30822,0.0841843646408124,0.5813246858597328,0.0841843646408124
30823,0.11756445093156824,0.28295058948384944,0.11756445093156824
30824,0.8744181527258792,0.8845533721438419,0.8744181527258792
30825,0.06676595326885747,0.21532669513358976,0.06676595326885747
30826,0.11747823538937183,0.36829403988050463,0.11747823538937183
30827,0.6572502449583658,0.02913333931526231,0.6572502449583658
30828,0.026890970327323488,0.12279081108437039,0.026890970327323488
30829,0.08450264763878301,0.11108108074201616,0.08450264763878301
30830,0.35425754046668867,0.39039628218706357,0.35425754046668867
30831,0.10196921280208407,0.29993552479746843,0.10196921280208407
30832,0.030866376571472415,0.0556222069373152,0.030866376571472415
30833,0.12489545292792713,0.46296578403324,0.12489545292792713
30834,0.28661547565711787,0.37328957629918363,0.28661547565711787
30835,0.2222217557220634,0.6914421023631564,0.2222217557220634
30836,0.03789796604256727,0.06072968092744128,0.03789796604256727
30837,0.1805554712031218,0.6137679995850429,0.1805554712031218
30838,0.12737962739842099,0.5986604495622029,0.12737962739842099
30839,0.09963530248168818,0.44891762775089317,0.09963530248168818
30840,0.15326384355739506,0.4396657867962937,0.15326384355739506
30841,0.04063721126222845,0.22885609468922377,0.04063721126222845
30842,0.07738543128314146,0.7150768202146635,0.07738543128314146
30843,0.18770363978320123,0.44091123845779506,0.18770363978320123
30844,0.19017534288724097,0.23398707878481093,0.19017534288724097
30845,0.17758526377455408,0.4223735370414972,0.17758526377455408
30846,0.03829017410432005,0.4174997202373992,0.03829017410432005
30847,0.0593070368151129,0.13244386160425575,0.0593070368151129
30848,0.016151869962497272,0.1819209641255418,0.016151869962497272
30849,0.0692879302102982,0.1515241387205923,0.0692879302102982
30850,0.06277638453474653,0.15121487382570528,0.06277638453474653
30851,0.16981447201367186,0.4175223575936055,0.16981447201367186
30852,0.043693981602235206,0.06192352420182923,0.043693981602235206
30853,0.04955231124992172,0.3241406793605827,0.04955231124992172
30854,0.13080894456120526,0.46578290284263724,0.13080894456120526
30855,0.14237497038629673,0.4770241799522714,0.14237497038629673
30856,0.025058713969920793,0.09592125485103625,0.025058713969920793
30857,0.04149685147048016,0.45426994845178165,0.04149685147048016
30858,0.2384508880264789,0.142774286726581,0.2384508880264789
30859,0.029344645260096284,0.2760225823076258,0.029344645260096284
30860,0.1430084809906739,0.3982671929091088,0.1430084809906739
30861,0.6943430687993746,0.6165536565173643,0.6943430687993746
30862,0.3264262677551054,0.5863374044163852,0.3264262677551054
30863,0.04912533632820901,0.40529153959991515,0.04912533632820901
30864,0.04406225649924419,0.06796037922140505,0.04406225649924419
30865,0.05237379139336626,0.33228417434048946,0.05237379139336626
30866,0.05217713630841988,0.032620757212452285,0.05217713630841988
30867,0.3973161893410418,0.3988769483508603,0.3973161893410418
30868,0.1835112722420796,0.7398057970849433,0.1835112722420796
30869,0.20929260050597284,0.5424097956913729,0.20929260050597284
30870,0.10090974568393743,0.8361404316583588,0.10090974568393743
30871,0.19117023447112935,0.4710090976224116,0.19117023447112935
30872,0.0824733976583923,0.231359117820258,0.0824733976583923
30873,0.6315149795379026,0.7079736702928325,0.6315149795379026
30874,0.33377961247006,0.2407058425551021,0.33377961247006
30875,0.03644967641276893,0.19318240207346699,0.03644967641276893
30876,0.0633180782952961,0.4390981634980836,0.0633180782952961
30877,0.1411124095773145,0.572821402780861,0.1411124095773145
30878,0.03045587334803231,0.0685177665542812,0.03045587334803231
30879,0.12154904943167578,0.18101648384982608,0.12154904943167578
30880,0.06281200949233998,0.184786856708792,0.06281200949233998
30881,0.14484251791237174,0.8440839701964089,0.14484251791237174
30882,0.13616631415077524,0.3659428439450961,0.13616631415077524
30883,0.06924094693428773,0.12425332690529586,0.06924094693428773
30884,0.04392589086054406,0.8650551532721512,0.04392589086054406
30885,0.04622180831954824,0.30986545292927375,0.04622180831954824
30886,0.04836386750363952,0.8920076020486676,0.04836386750363952
30887,0.04310581597573873,0.16043401337723873,0.04310581597573873
30888,0.04369588870189837,0.28978494296177465,0.04369588870189837
30889,0.3827152256009466,0.4333749720194687,0.3827152256009466
30890,0.7692402778104942,0.34218133815760454,0.7692402778104942
30891,0.0034890988859819895,0.06512726266732682,0.0034890988859819895
30892,0.03529525885778633,0.06738164475720891,0.03529525885778633
30893,0.08413447593207837,0.28848810390953045,0.08413447593207837
30894,0.3302651592937616,0.16119398619681594,0.3302651592937616
30895,0.21941336456118385,0.7709833633132199,0.21941336456118385
30896,0.6774671965897824,0.4890085247991821,0.6774671965897824
30897,0.12032651411187051,0.6432029563590937,0.12032651411187051
30898,0.07732771837153042,0.42697163876737587,0.07732771837153042
30899,0.07961825395226559,0.8205661684960126,0.07961825395226559
30900,0.1606531372670108,0.2809207693474303,0.1606531372670108
30901,0.7885198600182252,0.9178642925770374,0.7885198600182252
30902,0.012792818100576581,0.023404524115644965,0.012792818100576581
30903,0.06673794036645914,0.3068325450771367,0.06673794036645914
30904,0.047150728104089386,0.14599026854573158,0.047150728104089386
30905,0.3997487797908149,0.5199752121075475,0.3997487797908149
30906,0.0787914876567734,0.27416912918748815,0.0787914876567734
30907,0.06123374451920035,0.1805845004255286,0.06123374451920035
30908,0.21050331138369358,0.11446125446295152,0.21050331138369358
30909,0.031771438180341886,0.5371258178964916,0.031771438180341886
30910,0.7189520883226919,0.8177753342072401,0.7189520883226919
30911,0.22122525883628735,0.59663644234385,0.22122525883628735
30912,0.030272350988286123,0.2154289710486237,0.030272350988286123
30913,0.04339395297332454,0.27334293728397774,0.04339395297332454
30914,0.05898765384960468,0.0501850271353578,0.05898765384960468
30915,0.8060883204994,0.8041952111301296,0.8060883204994
30916,0.08930890763382768,0.14378261885762086,0.08930890763382768
30917,0.5828445694696192,0.6473903201423391,0.5828445694696192
30918,0.058601122936949614,0.44752240170321916,0.058601122936949614
30919,0.07081089828499285,0.3032601528335286,0.07081089828499285
30920,0.033972599532766906,0.01643838804134485,0.033972599532766906
30921,0.23842086398830475,0.23997510877447853,0.23842086398830475
30922,0.23983145801637257,0.17802435102398498,0.23983145801637257
30923,0.04960685782678473,0.2762541097292797,0.04960685782678473
30924,0.0680000166957517,0.13123843027679719,0.0680000166957517
30925,0.5830003482126792,0.7709652251476399,0.5830003482126792
30926,0.45567336491349364,0.6976722835244981,0.45567336491349364
30927,0.0432227214475271,0.3410694372130416,0.0432227214475271
30928,0.7121837274675971,0.5818162948036988,0.7121837274675971
30929,0.08605876109175266,0.15945734401665085,0.08605876109175266
30930,0.33531014022547845,0.6664975219729886,0.33531014022547845
30931,0.06044224292913573,0.8139528202480497,0.06044224292913573
30932,0.15420123956205828,0.7111022750914637,0.15420123956205828
30933,0.12078289175394454,0.38261571424004237,0.12078289175394454
30934,0.05975752173049946,0.17039730489673802,0.05975752173049946
30935,0.06996643473341539,0.4086970948608898,0.06996643473341539
30936,0.36855773196106023,0.5046615431604989,0.36855773196106023
30937,0.11243079760969292,0.5218059117036593,0.11243079760969292
30938,0.08562536416137677,0.8375781495791896,0.08562536416137677
30939,0.05585623035400942,0.4801433450985775,0.05585623035400942
30940,0.05921394273296457,0.8715786969424386,0.05921394273296457
30941,0.02673241640094394,0.05574086468796089,0.02673241640094394
30942,0.06958767129446919,0.6920280469585472,0.06958767129446919
30943,0.07430022920050401,0.8391005710642115,0.07430022920050401
30944,0.3227244256883811,0.24653947947283672,0.3227244256883811
30945,0.006429011030366119,0.013546909454739348,0.006429011030366119
30946,0.050258336576036816,0.4602387909892008,0.050258336576036816
30947,0.19173405530546783,0.30462651328778056,0.19173405530546783
30948,0.06101128625628891,0.5443319760715989,0.06101128625628891
30949,0.1468351100861142,0.737755718845103,0.1468351100861142
30950,0.1031893362672656,0.5534437000118108,0.1031893362672656
30951,0.09004103920592227,0.22165094309163338,0.09004103920592227
30952,0.05030256825328694,0.27429144750274875,0.05030256825328694
30953,0.033285874105622164,0.41222655335222885,0.033285874105622164
30954,0.6269820171061667,0.8166806993405687,0.6269820171061667
30955,0.03550690298137411,0.7023342498673774,0.03550690298137411
30956,0.3738042599653678,0.5990509664401404,0.3738042599653678
30957,0.030994522955112215,0.06621040634339699,0.030994522955112215
30958,0.1747216998183157,0.7842573797112408,0.1747216998183157
30959,0.7853438877855616,0.7961247551509945,0.7853438877855616
30960,0.195278865381143,0.13895892291850723,0.195278865381143
30961,0.2597407212272403,0.7137748932834044,0.2597407212272403
30962,0.10538981638721345,0.298654873281134,0.10538981638721345
30963,0.11471899751330018,0.8069939181703606,0.11471899751330018
30964,0.1683480508719645,0.6028482420231286,0.1683480508719645
30965,0.03974733000174343,0.2244202000311981,0.03974733000174343
30966,0.038428312675184234,0.09519729904846395,0.038428312675184234
30967,0.8624412429299642,0.8024127165661161,0.8624412429299642
30968,0.10534848327318505,0.5444065152225434,0.10534848327318505
30969,0.3879802057593846,0.8284518886108534,0.3879802057593846
30970,0.07385579949203194,0.17552416155128825,0.07385579949203194
30971,0.14928361474264976,0.26008968023427836,0.14928361474264976
30972,0.1071176017167115,0.33797428687044195,0.1071176017167115
30973,0.18648700702071438,0.17669668715364692,0.18648700702071438
30974,0.05686097162326767,0.7546265591809572,0.05686097162326767
30975,0.2967009183363736,0.2579554098676893,0.2967009183363736
30976,0.11024884373146904,0.5155795410214964,0.11024884373146904
30977,0.11500495192563782,0.3262765737167824,0.11500495192563782
30978,0.0947960083762728,0.44250376358792093,0.0947960083762728
30979,0.3064535583611572,0.8401718142034834,0.3064535583611572
30980,0.7583413604717347,0.913152520464142,0.7583413604717347
30981,0.2595157949272542,0.2605870866037395,0.2595157949272542
30982,0.07123652881024817,0.21936855775852404,0.07123652881024817
30983,0.023865683696219456,0.943007655231121,0.023865683696219456
30984,0.3125000761701664,0.5348825383585953,0.3125000761701664
30985,0.6935023608855397,0.576986064957221,0.6935023608855397
30986,0.03518347622139028,0.030542185948141808,0.03518347622139028
30987,0.030487549703281963,0.1062663765384455,0.030487549703281963
30988,0.4643513298840568,0.6207790525015062,0.4643513298840568
30989,0.12693263044230899,0.8512163685641718,0.12693263044230899
30990,0.49614198524816094,0.8250053270275063,0.49614198524816094
30991,0.040731308892790634,0.21923449465348355,0.040731308892790634
30992,0.28663918006914546,0.32602328600837144,0.28663918006914546
30993,0.005336042316306114,0.05705877385234597,0.005336042316306114
30994,0.043562663732935776,0.18097340485474592,0.043562663732935776
30995,0.10611837696713518,0.1900206963854874,0.10611837696713518
30996,0.0597564087101346,0.3652143503558317,0.0597564087101346
30997,0.2708319078048576,0.5050858439356941,0.2708319078048576
30998,0.12794944527384064,0.8267134337314941,0.12794944527384064
30999,0.07208297363016242,0.5191767527263343,0.07208297363016242
31000,0.08654609962986509,0.12107215528716707,0.08654609962986509
31001,0.5766046085110516,0.4261775782841288,0.5766046085110516
31002,0.09644023038031625,0.4370796998315024,0.09644023038031625
31003,0.13173857164733285,0.4252357183427265,0.13173857164733285
31004,0.44944096559339286,0.8162375394204295,0.44944096559339286
31005,0.7772279552328558,0.5538839985549737,0.7772279552328558
31006,0.08769141795615507,0.18686982664495533,0.08769141795615507
31007,0.0979910884977088,0.37025585976328623,0.0979910884977088
31008,0.13229370131805981,0.20106618475669882,0.13229370131805981
31009,0.12549473742741774,0.3431455749414746,0.12549473742741774
31010,0.5898767040174395,0.6590728262478407,0.5898767040174395
31011,0.04751102709096476,0.6319614265520577,0.04751102709096476
31012,0.7654359770000648,0.4488364738443262,0.7654359770000648
31013,0.2954129412649686,0.06883179889161813,0.2954129412649686
31014,0.38683122020679944,0.7230874197156254,0.38683122020679944
31015,0.01652008721078163,0.05477883008735265,0.01652008721078163
31016,0.3868667233066335,0.3941749453529971,0.3868667233066335
31017,0.23723372841080984,0.36877719055525476,0.23723372841080984
31018,0.24878550838252128,0.2708745822573543,0.24878550838252128
31019,0.0940553733323512,0.3501428429817074,0.0940553733323512
31020,0.1409586388658807,0.1906654993972511,0.1409586388658807
31021,0.059049806025865945,0.04203602958739639,0.059049806025865945
31022,0.33490956929339555,0.7293447268502159,0.33490956929339555
31023,0.08653183480773191,0.22622427411967666,0.08653183480773191
31024,0.009997057744752073,0.008973360592162617,0.009997057744752073
31025,0.646587649592907,0.8812459857452951,0.646587649592907
31026,0.07151071066316678,0.14482795080364086,0.07151071066316678
31027,0.537120235279139,0.45397453415907807,0.537120235279139
31028,0.02502392282591376,0.5869088406249148,0.02502392282591376
31029,0.11563444541226656,0.10213429659475944,0.11563444541226656
31030,0.027679056618927122,0.1211984850665281,0.027679056618927122
31031,0.0527661680272028,0.40843385119493975,0.0527661680272028
31032,0.028737819345001782,0.2850886367306841,0.028737819345001782
31033,0.1462753974663764,0.4675678150195326,0.1462753974663764
31034,0.039456977506180546,0.7277532864251058,0.039456977506180546
31035,0.41388267292500264,0.6742210545072406,0.41388267292500264
31036,0.40931899917792547,0.5577375544557881,0.40931899917792547
31037,0.056863920961079645,0.3795524215942539,0.056863920961079645
31038,0.04770651108097696,0.22194756922664308,0.04770651108097696
31039,0.05436063964981998,0.6554987886578081,0.05436063964981998
31040,0.068804722463936,0.31864798136274913,0.068804722463936
31041,0.027048612246691,0.8954007764306188,0.027048612246691
31042,0.06353229746326733,0.23769259178406837,0.06353229746326733
31043,0.043576066275508196,0.21508680228169436,0.043576066275508196
31044,0.013593073763220725,0.12852147292604532,0.013593073763220725
31045,0.0706145469996496,0.7368300958564921,0.0706145469996496
31046,0.1153485018006122,0.5026708868520618,0.1153485018006122
31047,0.042666600638551294,0.17472131696515042,0.042666600638551294
31048,0.21269508074837928,0.6633248615626998,0.21269508074837928
31049,0.08092084986551704,0.09678596454201605,0.08092084986551704
31050,0.18946723098637938,0.44743525452558924,0.18946723098637938
31051,0.06919377276059767,0.195230419194055,0.06919377276059767
31052,0.6397329445500196,0.6136068849379559,0.6397329445500196
31053,0.1129502590747132,0.20155371215676035,0.1129502590747132
31054,0.28174160297996564,0.22866695170527213,0.28174160297996564
31055,0.1639360607016438,0.2480772915424692,0.1639360607016438
31056,0.15375078794556196,0.0614912684045213,0.15375078794556196
31057,0.47361862083336354,0.11221340047897438,0.47361862083336354
31058,0.040195563892519284,0.5583029949714593,0.040195563892519284
31059,0.0630328507687375,0.25382478257943414,0.0630328507687375
31060,0.4104096039984375,0.8078176263566579,0.4104096039984375
31061,0.022434533930960683,0.19894268614196564,0.022434533930960683
31062,0.35664019415299236,0.5455489074463616,0.35664019415299236
31063,0.33516387623558086,0.7125372825148534,0.33516387623558086
31064,0.2435081982428962,0.18519278560073935,0.2435081982428962
31065,0.2213244368918405,0.11758953916604786,0.2213244368918405
31066,0.14410746137079544,0.8025358646287933,0.14410746137079544
31067,0.07886738754287516,0.014623065522118972,0.07886738754287516
31068,0.08667731226149136,0.5092738529532805,0.08667731226149136
31069,0.7466740518688695,0.608833926438113,0.7466740518688695
31070,0.051351929873610105,0.505281724794078,0.051351929873610105
31071,0.6346237416827655,0.5965345284648925,0.6346237416827655
31072,0.0788595496931969,0.2928358717348224,0.0788595496931969
31073,0.3332347064598217,0.8144605476049704,0.3332347064598217
31074,0.07897932522376683,0.8588527825563934,0.07897932522376683
31075,0.05492603110872896,0.4118391054848309,0.05492603110872896
31076,0.2874340527650224,0.8567348809426916,0.2874340527650224
31077,0.17185599422850248,0.2745807863840103,0.17185599422850248
31078,0.049728814729593715,0.163439986826825,0.049728814729593715
31079,0.36936587436459634,0.9115009645867557,0.36936587436459634
31080,0.626707898457195,0.6197825942664379,0.626707898457195
31081,0.034818488755083636,0.292881197540889,0.034818488755083636
31082,0.09868116794037006,0.7654354060532618,0.09868116794037006
31083,0.037780082994469166,0.8107212746577699,0.037780082994469166
31084,0.06918107575019049,0.17340414806376675,0.06918107575019049
31085,0.1450974775845257,0.34704782422908853,0.1450974775845257
31086,0.04409220702648152,0.6265618764344584,0.04409220702648152
31087,0.13133721447240174,0.9053769339010869,0.13133721447240174
31088,0.05380537725021596,0.5637502224563332,0.05380537725021596
31089,0.04509526077522569,0.12068432502877288,0.04509526077522569
31090,0.30324112622758287,0.20289282388916446,0.30324112622758287
31091,0.04349035106166865,0.3287208556028809,0.04349035106166865
31092,0.12131444548178787,0.1991137916240123,0.12131444548178787
31093,0.09147753585295587,0.10267661412921798,0.09147753585295587
31094,0.05202720317563123,0.8310241116516253,0.05202720317563123
31095,0.08401883612937247,0.16782869030319045,0.08401883612937247
31096,0.09890886347806224,0.08829040911440644,0.09890886347806224
31097,0.5313093549456187,0.6999500316077618,0.5313093549456187
31098,0.013736916320976318,0.06824769856353996,0.013736916320976318
31099,0.027917989097228767,0.15708209224340097,0.027917989097228767
31100,0.07616029795699246,0.7959135600005148,0.07616029795699246
31101,0.08398204082809804,0.276271310806242,0.08398204082809804
31102,0.0773098924131314,0.3477708208086263,0.0773098924131314
31103,0.39627312450283414,0.8211828691628567,0.39627312450283414
31104,0.08540794020563694,0.5435386347013206,0.08540794020563694
31105,0.10028876763596807,0.43015293234103336,0.10028876763596807
31106,0.12052883894656835,0.4730146095880151,0.12052883894656835
31107,0.12300509038616808,0.7559086458523615,0.12300509038616808
31108,0.0908710385167611,0.1146568047798488,0.0908710385167611
31109,0.1597059097351711,0.07057055362378414,0.1597059097351711
31110,0.04190131387327981,0.24836532201826514,0.04190131387327981
31111,0.1235650782807924,0.3576847830366519,0.1235650782807924
31112,0.11749504876025235,0.3891026711893372,0.11749504876025235
31113,0.09360905896992618,0.4831366791927031,0.09360905896992618
31114,0.0616245038636742,0.7121290271253266,0.0616245038636742
31115,0.010933014385610862,0.11446903028741442,0.010933014385610862
31116,0.12789689817401587,0.19572432327055364,0.12789689817401587
31117,0.301952321900806,0.8917369633155584,0.301952321900806
31118,0.019629477948270233,0.24167695718237184,0.019629477948270233
31119,0.04947689058134184,0.32624857284144104,0.04947689058134184
31120,0.15848253822791583,0.386680465305859,0.15848253822791583
31121,0.42691979727504104,0.7299346217995953,0.42691979727504104
31122,0.7069561526441345,0.7100332827916247,0.7069561526441345
31123,0.058896931456946806,0.18110977060015032,0.058896931456946806
31124,0.045596972925610525,0.11689296864346048,0.045596972925610525
31125,0.15690905257955864,0.1203650975745387,0.15690905257955864
31126,0.037626818918948604,0.15676993018267718,0.037626818918948604
31127,0.2677483621631723,0.05717065897983068,0.2677483621631723
31128,0.10456303266929343,0.7743436140135761,0.10456303266929343
31129,0.04654556894404969,0.15761069000453548,0.04654556894404969
31130,0.01702845939156228,0.05076944194976453,0.01702845939156228
31131,0.6364197605593623,0.7969758258614491,0.6364197605593623
31132,0.09568505687225762,0.6188343211353435,0.09568505687225762
31133,0.05425347754846954,0.32666406687349686,0.05425347754846954
31134,0.10511540341524653,0.609723692135166,0.10511540341524653
31135,0.03774220011076999,0.7104636954507793,0.03774220011076999
31136,0.42428831636037917,0.7718731116810827,0.42428831636037917
31137,0.019911060453322197,0.03737185667623427,0.019911060453322197
31138,0.7629203160290199,0.5267431245163241,0.7629203160290199
31139,0.18338824753517755,0.6328227698257143,0.18338824753517755
31140,0.03797318550723845,0.15687389549883307,0.03797318550723845
31141,0.35274788101504384,0.9191603826371969,0.35274788101504384
31142,0.8610228693331522,0.9273112293498622,0.8610228693331522
31143,0.2829508504879687,0.2870705260742796,0.2829508504879687
31144,0.041095986219063324,0.6230235946791669,0.041095986219063324
31145,0.559588211159258,0.498512331533506,0.559588211159258
31146,0.09494443645104071,0.12053020027098238,0.09494443645104071
31147,0.36664707849539263,0.39809903059902413,0.36664707849539263
31148,0.17028857040878267,0.5534485094920061,0.17028857040878267
31149,0.013665725899777322,0.1887467283089025,0.013665725899777322
31150,0.07315931810775868,0.5764010308668047,0.07315931810775868
31151,0.06288401536842854,0.19496344357670356,0.06288401536842854
31152,0.06896036088055986,0.40156014400581463,0.06896036088055986
31153,0.07540045988529613,0.2472856158297646,0.07540045988529613
31154,0.09701548529716075,0.2009214644183584,0.09701548529716075
31155,0.6196946702786017,0.9505927363026545,0.6196946702786017
31156,0.058870614315402886,0.1677161114250901,0.058870614315402886
31157,0.18848507820813046,0.6214416325020659,0.18848507820813046
31158,0.8936822184669676,0.9400894903273104,0.8936822184669676
31159,0.028510012270788587,0.06407749252141043,0.028510012270788587
31160,0.06615216556249157,0.3484035356678894,0.06615216556249157
31161,0.3385100021627014,0.5961646541959547,0.3385100021627014
31162,0.8055437253714559,0.8874899576391141,0.8055437253714559
31163,0.2892488038044085,0.21752067167925498,0.2892488038044085
31164,0.042629169358809255,0.5269191412470413,0.042629169358809255
31165,0.22474673797825365,0.04376161753952273,0.22474673797825365
31166,0.04265978458279345,0.17145247630996005,0.04265978458279345
31167,0.022820886756700826,0.25139814301626845,0.022820886756700826
31168,0.060693069146812106,0.7099576459770229,0.060693069146812106
31169,0.02816854641959374,0.19179950411980526,0.02816854641959374
31170,0.13147610703015072,0.05883225931435044,0.13147610703015072
31171,0.2646359171812627,0.21809948906288984,0.2646359171812627
31172,0.6282254339546663,0.6506444323350049,0.6282254339546663
31173,0.052396670632729216,0.45611115935989965,0.052396670632729216
31174,0.22230825249361166,0.29220432452676337,0.22230825249361166
31175,0.15976643979153832,0.16216738309449508,0.15976643979153832
31176,0.6484827536351906,0.5699426051424984,0.6484827536351906
31177,0.08248431125904472,0.7524490160735536,0.08248431125904472
31178,0.4949175052928032,0.7328384389276196,0.4949175052928032
31179,0.3424689923625091,0.8314720905216001,0.3424689923625091
31180,0.036249245943857256,0.5343785309011306,0.036249245943857256
31181,0.225757608543679,0.31398730358812366,0.225757608543679
31182,0.0467878627358684,0.3210122455502348,0.0467878627358684
31183,0.11566323163477706,0.27875253182553805,0.11566323163477706
31184,0.0098516634233445,0.008122975115499392,0.0098516634233445
31185,0.0819822923435125,0.22509576735862882,0.0819822923435125
31186,0.12953389176574615,0.4545507998476087,0.12953389176574615
31187,0.02709435737788161,0.04151919741670838,0.02709435737788161
31188,0.14412962535665333,0.24956750630239477,0.14412962535665333
31189,0.12260940180786956,0.18389083776259152,0.12260940180786956
31190,0.10398923359033775,0.4086320230347816,0.10398923359033775
31191,0.053233153628854814,0.19277111294669516,0.053233153628854814
31192,0.08004915609881379,0.391675560449713,0.08004915609881379
31193,0.08191507283249408,0.3817182496769978,0.08191507283249408
31194,0.062235205490892724,0.16285934210475494,0.062235205490892724
31195,0.6152995052145874,0.14594298370505496,0.6152995052145874
31196,0.26414439962245173,0.6783074991376775,0.26414439962245173
31197,0.0833990080009674,0.30533978923289173,0.0833990080009674
31198,0.01299479565258728,0.014883523362858848,0.01299479565258728
31199,0.056351572135168074,0.5317599665164752,0.056351572135168074
31200,0.09930291450008547,0.7227558735748678,0.09930291450008547
31201,0.051895144524865176,0.1635852846606708,0.051895144524865176
31202,0.45107309919199473,0.8058651727255222,0.45107309919199473
31203,0.052023739086572235,0.06620259685706052,0.052023739086572235
31204,0.0404022609113066,0.1401346081996383,0.0404022609113066
31205,0.04791643722298029,0.9159807026239097,0.04791643722298029
31206,0.09127725522472314,0.1922597090855838,0.09127725522472314
31207,0.15045449444922585,0.15443600785425957,0.15045449444922585
31208,0.2658106372284863,0.81834751179064,0.2658106372284863
31209,0.11130530340717058,0.5035564849009501,0.11130530340717058
31210,0.12533141666777367,0.7570168360776257,0.12533141666777367
31211,0.1554468895525435,0.0954575792998769,0.1554468895525435
31212,0.04589397008333795,0.22950188004024924,0.04589397008333795
31213,0.10015406718135061,0.49401575335991105,0.10015406718135061
31214,0.04126386121855282,0.23149030030236367,0.04126386121855282
31215,0.12045475642171503,0.6870893708699718,0.12045475642171503
31216,0.11982818030467006,0.3199619351617339,0.11982818030467006
31217,0.1021976099213079,0.7294521546563866,0.1021976099213079
31218,0.6622978325928067,0.6836313203667322,0.6622978325928067
31219,0.2554840051366807,0.5426093361541705,0.2554840051366807
31220,0.2711748462684326,0.5737522488021092,0.2711748462684326
31221,0.09846623804153866,0.23990102510459582,0.09846623804153866
31222,0.09867816568391635,0.40751037798892714,0.09867816568391635
31223,0.25021509019877297,0.22852393488928646,0.25021509019877297
31224,0.07095951219911975,0.7754218431389267,0.07095951219911975
31225,0.03210227764975847,0.06203100545171119,0.03210227764975847
31226,0.47569683543067026,0.9120035008984572,0.47569683543067026
31227,0.1256587367669936,0.33396418973185826,0.1256587367669936
31228,0.38176785371064287,0.5726753054144935,0.38176785371064287
31229,0.40852016718975087,0.6041066547359729,0.40852016718975087
31230,0.05080637829960196,0.18638547591504118,0.05080637829960196
31231,0.04653897522916652,0.0739745548143136,0.04653897522916652
31232,0.057432724806953626,0.6427408816068978,0.057432724806953626
31233,0.5922665436859963,0.47444355931966203,0.5922665436859963
31234,0.49964699507733173,0.8130448743097995,0.49964699507733173
31235,0.20056592237876167,0.5862269705673062,0.20056592237876167
31236,0.24030552766337576,0.8643981378632605,0.24030552766337576
31237,0.0556907882888639,0.2646174291527054,0.0556907882888639
31238,0.2648744562106198,0.9307609638863475,0.2648744562106198
31239,0.8986393682595295,0.6023707041494469,0.8986393682595295
31240,0.7050623324870035,0.567629488420113,0.7050623324870035
31241,0.14022960489632746,0.36325306670228513,0.14022960489632746
31242,0.1879656485047077,0.23247700417827805,0.1879656485047077
31243,0.03560827350267682,0.6705851161360156,0.03560827350267682
31244,0.5895840596673237,0.9002145559668835,0.5895840596673237
31245,0.23330451050037337,0.5410600423843139,0.23330451050037337
31246,0.05822224698183115,0.20002953456084277,0.05822224698183115
31247,0.0668497407974566,0.35720784446848497,0.0668497407974566
31248,0.3700685932111314,0.7288144768855647,0.3700685932111314
31249,0.04696982630962714,0.08775180224162968,0.04696982630962714
31250,0.3452117514141709,0.77651072919048,0.3452117514141709
31251,0.3143867542626677,0.45200696414608194,0.3143867542626677
31252,0.30748273385464736,0.14323176017853562,0.30748273385464736
31253,0.22048802945929705,0.7194821205810756,0.22048802945929705
31254,0.08137608332308015,0.3598851254801479,0.08137608332308015
31255,0.03360709789221262,0.5966738085874346,0.03360709789221262
31256,0.04005249208438112,0.14885469120670802,0.04005249208438112
31257,0.10048863619720069,0.43256109491810407,0.10048863619720069
31258,0.0599386326457979,0.10165776258461688,0.0599386326457979
31259,0.18575888189910478,0.8968136995505341,0.18575888189910478
31260,0.0812627994855156,0.06247959443352829,0.0812627994855156
31261,0.045004677636907714,0.18515461814904538,0.045004677636907714
31262,0.4175175036777338,0.8081724986172654,0.4175175036777338
31263,0.13292674392726256,0.26298062599241545,0.13292674392726256
31264,0.10758213730730541,0.49195949444737863,0.10758213730730541
31265,0.6734754143094486,0.6634193261930075,0.6734754143094486
31266,0.06106677361043364,0.04509264187657971,0.06106677361043364
31267,0.20420847340902332,0.9482395795811732,0.20420847340902332
31268,0.4774069592002725,0.8532353255653367,0.4774069592002725
31269,0.07626246965579422,0.24549622718979613,0.07626246965579422
31270,0.2705368979133184,0.8620529195976883,0.2705368979133184
31271,0.022755509004196695,0.022599535087534338,0.022755509004196695
31272,0.5202656682976847,0.7885726808920491,0.5202656682976847
31273,0.3596662428261669,0.3924159708422224,0.3596662428261669
31274,0.07836224611106912,0.4251385688093952,0.07836224611106912
31275,0.14981518161918161,0.056593404474647446,0.14981518161918161
31276,0.05739292703268693,0.6973375601029658,0.05739292703268693
31277,0.10176485257652541,0.3598265978600875,0.10176485257652541
31278,0.20588870818768895,0.483723391141711,0.20588870818768895
31279,0.11063594531918595,0.231293374317299,0.11063594531918595
31280,0.10210992648140038,0.5677814726903506,0.10210992648140038
31281,0.015696605731183165,0.0323986274151493,0.015696605731183165
31282,0.2528050275097171,0.6597225507403508,0.2528050275097171
31283,0.0704329357413258,0.20439753948120817,0.0704329357413258
31284,0.038393791230210646,0.1761139150392601,0.038393791230210646
31285,0.05070983199179547,0.9405566078213446,0.05070983199179547
31286,0.4547505203134896,0.44840817270221806,0.4547505203134896
31287,0.120440120519149,0.6787878382777416,0.120440120519149
31288,0.05718941602103082,0.05116254421167557,0.05718941602103082
31289,0.20121006329350175,0.5643860800193952,0.20121006329350175
31290,0.019575285469836563,0.1552855775089493,0.019575285469836563
31291,0.07943990889567042,0.056630443105744215,0.07943990889567042
31292,0.03327250809174859,0.38275890358777437,0.03327250809174859
31293,0.0962914946385853,0.6011803459399664,0.0962914946385853
31294,0.6039359788381564,0.8966128021371578,0.6039359788381564
31295,0.07146574977010385,0.2824535381106345,0.07146574977010385
31296,0.6136972475028124,0.34792680235528667,0.6136972475028124
31297,0.08615025072770048,0.6615510928804936,0.08615025072770048
31298,0.16200815952418154,0.7979635822810585,0.16200815952418154
31299,0.08829275797665999,0.185280044180775,0.08829275797665999
31300,0.3015564581335216,0.4731053100213326,0.3015564581335216
31301,0.6043468063928732,0.8224145855268281,0.6043468063928732
31302,0.18105091876296378,0.6834628026386352,0.18105091876296378
31303,0.11516943000818564,0.142087498341264,0.11516943000818564
31304,0.022326717916928234,0.09911760853107489,0.022326717916928234
31305,0.3973088320672529,0.40392356422792713,0.3973088320672529
31306,0.2095523610397581,0.713146871381878,0.2095523610397581
31307,0.016037689694420577,0.1163096359456406,0.016037689694420577
31308,0.3603495865976222,0.1733174124004867,0.3603495865976222
31309,0.09604781289980158,0.6555974025533602,0.09604781289980158
31310,0.30156102817708996,0.46543757483522286,0.30156102817708996
31311,0.10274958820956985,0.466988566942313,0.10274958820956985
31312,0.37902876722345974,0.731783997705568,0.37902876722345974
31313,0.23232886690642582,0.2144475264700161,0.23232886690642582
31314,0.2977965122194563,0.5474006088981066,0.2977965122194563
31315,0.04497804380268891,0.187643924198866,0.04497804380268891
31316,0.0688133929987482,0.14578733812894248,0.0688133929987482
31317,0.10485834192061975,0.29528961941051735,0.10485834192061975
31318,0.12971351553526242,0.8339453868080261,0.12971351553526242
31319,0.1116509949150305,0.3891043430294222,0.1116509949150305
31320,0.0522602288268121,0.6517984813267307,0.0522602288268121
31321,0.2839428774754007,0.1292214905101531,0.2839428774754007
31322,0.5330065539730019,0.6469668550282957,0.5330065539730019
31323,0.4337756189604504,0.5727248760846714,0.4337756189604504
31324,0.3416587000019602,0.6696773646412112,0.3416587000019602
31325,0.20308796205431953,0.8774133772464177,0.20308796205431953
31326,0.5058091279722666,0.414421789247008,0.5058091279722666
31327,0.05915890206245077,0.47426653155160836,0.05915890206245077
31328,0.9023606807410531,0.9223799707087681,0.9023606807410531
31329,0.2498848611488197,0.8252470140483943,0.2498848611488197
31330,0.009512013281726135,0.0615927032045166,0.009512013281726135
31331,0.10905373826429723,0.33972513294087914,0.10905373826429723
31332,0.6877925919079286,0.555872887851137,0.6877925919079286
31333,0.4605923303684707,0.8463845898683365,0.4605923303684707
31334,0.31266569461968524,0.2985006058986369,0.31266569461968524
31335,0.07586597719282893,0.38624125311542135,0.07586597719282893
31336,0.11183366129020487,0.38927216729024733,0.11183366129020487
31337,0.040219059737347296,0.28619846410900823,0.040219059737347296
31338,0.0959283173725,0.200717947661578,0.0959283173725
31339,0.060925355593566446,0.6005022022239822,0.060925355593566446
31340,0.04287109633231212,0.10816535537173737,0.04287109633231212
31341,0.09380464522480488,0.3305661021879165,0.09380464522480488
31342,0.30405733632535076,0.2746884100452342,0.30405733632535076
31343,0.027984076911681848,0.30193361745112224,0.027984076911681848
31344,0.48649297912395606,0.48563074642918364,0.48649297912395606
31345,0.6176714451356402,0.9073695442229051,0.6176714451356402
31346,0.31233089581648904,0.7088932033470445,0.31233089581648904
31347,0.11197722352747286,0.22246211285447018,0.11197722352747286
31348,0.3725965526549189,0.8479764749690606,0.3725965526549189
31349,0.1768255202130473,0.4216733817867817,0.1768255202130473
31350,0.092763349235822,0.8775871431730919,0.092763349235822
31351,0.05865398206913491,0.3985193757223354,0.05865398206913491
31352,0.021346626717418073,0.13194857486017542,0.021346626717418073
31353,0.07182823196887976,0.23414215054415324,0.07182823196887976
31354,0.0545157199927176,0.4966502440990295,0.0545157199927176
31355,0.06916611896774252,0.46539292500056795,0.06916611896774252
31356,0.06866766862660759,0.32147849751100366,0.06866766862660759
31357,0.2611647005395497,0.17191491304079712,0.2611647005395497
31358,0.0747357596309188,0.380040891989767,0.0747357596309188
31359,0.059105860328198354,0.09477632605975249,0.059105860328198354
31360,0.23787554144159406,0.3657454102830758,0.23787554144159406
31361,0.1819990366004084,0.35736402754320984,0.1819990366004084
31362,0.028672212025680256,0.5176254936022978,0.028672212025680256
31363,0.43328026509379125,0.5656158648956655,0.43328026509379125
31364,0.11720270888981116,0.6791199227238182,0.11720270888981116
31365,0.47794616282320035,0.5701472057479847,0.47794616282320035
31366,0.1287830975837834,0.05425144488163283,0.1287830975837834
31367,0.09514001578567124,0.17673981454732904,0.09514001578567124
31368,0.051911675664204335,0.35472296107667195,0.051911675664204335
31369,0.4973676265800372,0.6908075883034638,0.4973676265800372
31370,0.1354180766063238,0.19068765918929947,0.1354180766063238
31371,0.07407717704277927,0.12100342897270484,0.07407717704277927
31372,0.7414557779352996,0.6346739230118899,0.7414557779352996
31373,0.024194035917643908,0.32521991238517217,0.024194035917643908
31374,0.2908458624977891,0.26429992765242216,0.2908458624977891
31375,0.1967820029237828,0.6340919104372746,0.1967820029237828
31376,0.04951251924021869,0.42691118515330334,0.04951251924021869
31377,0.7309390432760146,0.9075909374020251,0.7309390432760146
31378,0.061538864991052246,0.4029611040434427,0.061538864991052246
31379,0.5705741236563606,0.7772103884078271,0.5705741236563606
31380,0.19387657308305056,0.22531615838641747,0.19387657308305056
31381,0.06190118519452501,0.05682273615502899,0.06190118519452501
31382,0.04356770939449335,0.3440793561656781,0.04356770939449335
31383,0.7974466102924023,0.9039586478004001,0.7974466102924023
31384,0.6798704606534345,0.6243015415749963,0.6798704606534345
31385,0.24208073264717897,0.6344584734311433,0.24208073264717897
31386,0.4250644155993883,0.4822849891202324,0.4250644155993883
31387,0.18806322672567347,0.5144359441774033,0.18806322672567347
31388,0.8624213574586825,0.4647082553868845,0.8624213574586825
31389,0.06298996796216487,0.8597757608627132,0.06298996796216487
31390,0.032519004084278984,0.6344001433877591,0.032519004084278984
31391,0.6540134642435532,0.9065461248811721,0.6540134642435532
31392,0.11138260483756789,0.6356407687703566,0.11138260483756789
31393,0.030573070226880314,0.10333465609327545,0.030573070226880314
31394,0.5910611413244725,0.3918254950487504,0.5910611413244725
31395,0.05364827659122157,0.159129848782306,0.05364827659122157
31396,0.6305433262587481,0.644602327253411,0.6305433262587481
31397,0.07226966194045982,0.30892632155330474,0.07226966194045982
31398,0.28800996151912894,0.34535590382371195,0.28800996151912894
31399,0.8472106916498642,0.9467129486498687,0.8472106916498642
31400,0.8649477151696838,0.8698015619170265,0.8649477151696838
31401,0.06771460926002273,0.7290898359079916,0.06771460926002273
31402,0.25999632421283486,0.7135143417847628,0.25999632421283486
31403,0.36633760565336787,0.013066105143575701,0.36633760565336787
31404,0.16117064101711404,0.31966967216342645,0.16117064101711404
31405,0.021932134125756328,0.7172770778226931,0.021932134125756328
31406,0.04575430512525587,0.4367972083111411,0.04575430512525587
31407,0.7272592176680397,0.5681395005995463,0.7272592176680397
31408,0.03131915351658312,0.1268586654311855,0.03131915351658312
31409,0.07164447594490254,0.2387353045507796,0.07164447594490254
31410,0.1816231747682792,0.37345977657362994,0.1816231747682792
31411,0.29662972056547177,0.19344566363244156,0.29662972056547177
31412,0.11161095722769807,0.6187926917147973,0.11161095722769807
31413,0.1260907244764699,0.2322151156852451,0.1260907244764699
31414,0.08865535787581783,0.23972507621674186,0.08865535787581783
31415,0.03411370644814038,0.2537312999511131,0.03411370644814038
31416,0.1295538247774056,0.6093500076607048,0.1295538247774056
31417,0.05282011775198424,0.7605101248023843,0.05282011775198424
31418,0.021377345264931506,0.08952597188874971,0.021377345264931506
31419,0.8480375526115629,0.920718324022197,0.8480375526115629
31420,0.022784150927215384,0.044083959590692154,0.022784150927215384
31421,0.040876733813197764,0.13181517194469664,0.040876733813197764
31422,0.03830652472280951,0.06523007542029252,0.03830652472280951
31423,0.636783817297393,0.8619562897500308,0.636783817297393
31424,0.17722476272638918,0.6401498852165739,0.17722476272638918
31425,0.052793752254291205,0.10631679855516127,0.052793752254291205
31426,0.13712481676606683,0.7863377071360896,0.13712481676606683
31427,0.21577510077283193,0.5960120944296037,0.21577510077283193
31428,0.16179542680974665,0.8103181037466338,0.16179542680974665
31429,0.128031182271149,0.663859386271848,0.128031182271149
31430,0.07945029451202912,0.5341492426328114,0.07945029451202912
31431,0.06801472312465032,0.075651305244076,0.06801472312465032
31432,0.08286565368133388,0.050566584866068166,0.08286565368133388
31433,0.9139420069360485,0.9518338144221857,0.9139420069360485
31434,0.46494432966475724,0.4170927786427373,0.46494432966475724
31435,0.22191070067202737,0.5373730015856555,0.22191070067202737
31436,0.2764577364555912,0.3828239051651314,0.2764577364555912
31437,0.2979133049289433,0.49565759116733954,0.2979133049289433
31438,0.5014444452758622,0.505191005380204,0.5014444452758622
31439,0.34034130910069293,0.891525236770054,0.34034130910069293
31440,0.11726262936387136,0.5653028573251847,0.11726262936387136
31441,0.46238646978415593,0.7406853378279391,0.46238646978415593
31442,0.6922482447767394,0.5729630896550877,0.6922482447767394
31443,0.02110536131316548,0.0921018586502757,0.02110536131316548
31444,0.019567017688062644,0.11586407661461999,0.019567017688062644
31445,0.20157602878984052,0.5725150208478488,0.20157602878984052
31446,0.38249996281257953,0.9149884751031289,0.38249996281257953
31447,0.23082594944264823,0.47088775760154844,0.23082594944264823
31448,0.8017598900081027,0.9647828760037085,0.8017598900081027
31449,0.029117611961887013,0.025451577764856476,0.029117611961887013
31450,0.10225171361611578,0.7686983402353136,0.10225171361611578
31451,0.2436816505692119,0.8091627456550986,0.2436816505692119
31452,0.28809208503324407,0.24638853586534573,0.28809208503324407
31453,0.06641225750360943,0.27158126780540737,0.06641225750360943
31454,0.4605561679374391,0.7198633642118452,0.4605561679374391
31455,0.13471518078849054,0.8523584766864883,0.13471518078849054
31456,0.026157279367127056,0.17644694881476142,0.026157279367127056
31457,0.07942035918247506,0.01605612781113257,0.07942035918247506
31458,0.1471536470660326,0.5278086464857141,0.1471536470660326
31459,0.03428953661214075,0.2677899461439414,0.03428953661214075
31460,0.055284607577088286,0.34003042281573104,0.055284607577088286
31461,0.12221244748116923,0.3291573388286669,0.12221244748116923
31462,0.07690742215072978,0.780241433589234,0.07690742215072978
31463,0.04700247819146113,0.8102065302814093,0.04700247819146113
31464,0.11386826357972613,0.20870379979498727,0.11386826357972613
31465,0.6488557989208132,0.8475021771496845,0.6488557989208132
31466,0.0327806386767265,0.0839594932270002,0.0327806386767265
31467,0.2994543989311322,0.8686653665075981,0.2994543989311322
31468,0.2610694649396377,0.45847268128544255,0.2610694649396377
31469,0.47816013521493905,0.35794379420959593,0.47816013521493905
31470,0.13229501552172032,0.6722457422428734,0.13229501552172032
31471,0.12708043883229286,0.5632988869109345,0.12708043883229286
31472,0.08275306878124244,0.5422744981715097,0.08275306878124244
31473,0.7221081645548033,0.840854298344724,0.7221081645548033
31474,0.13307129825069533,0.6594711203138863,0.13307129825069533
31475,0.5951447571156379,0.7904687893664298,0.5951447571156379
31476,0.040276979776833,0.12026411754166759,0.040276979776833
31477,0.0673264632944068,0.11184119591802522,0.0673264632944068
31478,0.04341797268178211,0.07841261440743472,0.04341797268178211
31479,0.47797964672703136,0.8342711460309895,0.47797964672703136
31480,0.05559092046240326,0.07623790056919078,0.05559092046240326
31481,0.07821816657087233,0.42235595396197756,0.07821816657087233
31482,0.31871991265566235,0.9415120164691201,0.31871991265566235
31483,0.09516597091831978,0.1522537531400779,0.09516597091831978
31484,0.03669892006382873,0.04017178850283959,0.03669892006382873
31485,0.04067463906385702,0.08355714965506363,0.04067463906385702
31486,0.12254835096872099,0.46025453182607007,0.12254835096872099
31487,0.6469465338403703,0.621065772593115,0.6469465338403703
31488,0.06521013630566767,0.1561828491691499,0.06521013630566767
31489,0.4655327032442539,0.761918331811981,0.4655327032442539
31490,0.5999569240700747,0.7866146883030813,0.5999569240700747
31491,0.07005005887285992,0.1791648716713055,0.07005005887285992
31492,0.05855232663846518,0.3068844242725719,0.05855232663846518
31493,0.098746211491731,0.24156708026009988,0.098746211491731
31494,0.04737971310279347,0.22204618909668,0.04737971310279347
31495,0.08146563157925317,0.6523654572757873,0.08146563157925317
31496,0.0572531330302688,0.1613229476920087,0.0572531330302688
31497,0.20280619210711293,0.49758221078522386,0.20280619210711293
31498,0.15066712555874018,0.2129544162185353,0.15066712555874018
31499,0.08036949875833585,0.23186898474778248,0.08036949875833585
31500,0.7333168837593924,0.7057058180411173,0.7333168837593924
31501,0.06805413252347124,0.39433513800155323,0.06805413252347124
31502,0.011526430365542977,0.3631473833101995,0.011526430365542977
31503,0.1059796795929713,0.14844504086756782,0.1059796795929713
31504,0.16647104514264405,0.6816526893876438,0.16647104514264405
31505,0.30972086503496565,0.873042798384977,0.30972086503496565
31506,0.0720124142619906,0.18263580594551435,0.0720124142619906
31507,0.04943524631508516,0.8841493313598899,0.04943524631508516
31508,0.09559640731283482,0.377747375560906,0.09559640731283482
31509,0.15218794907014133,0.8037575853254072,0.15218794907014133
31510,0.26713997845780446,0.9157347511955958,0.26713997845780446
31511,0.06912941655313684,0.21712910175150296,0.06912941655313684
31512,0.11827588390566722,0.5169810968577443,0.11827588390566722
31513,0.11957366290646021,0.26005471915715306,0.11957366290646021
31514,0.6321531383671292,0.8973698436809739,0.6321531383671292
31515,0.3272051625045663,0.43533634386864917,0.3272051625045663
31516,0.15242383223960676,0.1029487552399557,0.15242383223960676
31517,0.3782081980671555,0.3337185805459583,0.3782081980671555
31518,0.05851155216590248,0.6919286312955018,0.05851155216590248
31519,0.11014678694433855,0.79987865367513,0.11014678694433855
31520,0.04889190570040792,0.41483452997123377,0.04889190570040792
31521,0.07447260116751324,0.614942748252262,0.07447260116751324
31522,0.5346577855727341,0.8614371955150056,0.5346577855727341
31523,0.09678529454428927,0.5406761781284523,0.09678529454428927
31524,0.03374222801183966,0.12202083903936078,0.03374222801183966
31525,0.31505466272247945,0.8270111336903732,0.31505466272247945
31526,0.1892295839278064,0.768392593446425,0.1892295839278064
31527,0.10722099141554904,0.5479192356299306,0.10722099141554904
31528,0.08241381640245422,0.33551289090665887,0.08241381640245422
31529,0.0425686683273982,0.18369836741632328,0.0425686683273982
31530,0.0844108150636186,0.23975546996609784,0.0844108150636186
31531,0.3817881767922755,0.476098248846277,0.3817881767922755
31532,0.023963630846969827,0.05923049167652037,0.023963630846969827
31533,0.8113826793370631,0.8784448018552894,0.8113826793370631
31534,0.049187746848147695,0.062061769850537574,0.049187746848147695
31535,0.2423673140143995,0.6704033488825026,0.2423673140143995
31536,0.07016837940740359,0.683680154433569,0.07016837940740359
31537,0.17389531582648685,0.5064311747261403,0.17389531582648685
31538,0.16846793685447986,0.274519975513683,0.16846793685447986
31539,0.45929732121446964,0.5552912859880779,0.45929732121446964
31540,0.09970074012420019,0.5112078589121495,0.09970074012420019
31541,0.07286012930692148,0.45504472568694165,0.07286012930692148
31542,0.10440538271790628,0.3146875377829492,0.10440538271790628
31543,0.11030561757163439,0.1926079629217516,0.11030561757163439
31544,0.5491692015476092,0.7475450586477498,0.5491692015476092
31545,0.05071973421964672,0.5924903439074668,0.05071973421964672
31546,0.016701116235566818,0.2182001790220553,0.016701116235566818
31547,0.8670724998023304,0.9448673356038351,0.8670724998023304
31548,0.2789126610477162,0.5705332886522522,0.2789126610477162
31549,0.14267362384944857,0.6277885113643897,0.14267362384944857
31550,0.17265466003635213,0.2809756879324408,0.17265466003635213
31551,0.7820670054105743,0.650919342869891,0.7820670054105743
31552,0.05381983978815902,0.6751941098441718,0.05381983978815902
31553,0.05614256333626433,0.29967203798766195,0.05614256333626433
31554,0.0983459530909142,0.09838515526474632,0.0983459530909142
31555,0.3880658374723359,0.5096189546627112,0.3880658374723359
31556,0.2643135753214422,0.40242190871592304,0.2643135753214422
31557,0.06658201367262927,0.1527398418030511,0.06658201367262927
31558,0.17218813813728537,0.21427649036597257,0.17218813813728537
31559,0.5038944475503686,0.8432408730592627,0.5038944475503686
31560,0.15431928407972476,0.39055150008381245,0.15431928407972476
31561,0.037233259736523056,0.07984534109909953,0.037233259736523056
31562,0.05862031638719995,0.03242516039149113,0.05862031638719995
31563,0.11296080543779362,0.1574437556614376,0.11296080543779362
31564,0.1254880184781546,0.5141938706996425,0.1254880184781546
31565,0.1927498314439843,0.9285492941193839,0.1927498314439843
31566,0.08868211892676152,0.31695129528709054,0.08868211892676152
31567,0.10462717720478908,0.3041482925798931,0.10462717720478908
31568,0.12204419641950641,0.7483215964255536,0.12204419641950641
31569,0.02302630756521136,0.025402936288335398,0.02302630756521136
31570,0.16357010835938943,0.5804986129898204,0.16357010835938943
31571,0.05464217161579908,0.3375615569733502,0.05464217161579908
31572,0.0662575235518832,0.13514737862420512,0.0662575235518832
31573,0.30513798203119336,0.2697628227324462,0.30513798203119336
31574,0.18628087128862011,0.5623594162603412,0.18628087128862011
31575,0.5177164946235873,0.05606868134814828,0.5177164946235873
31576,0.049079001786808366,0.8124839399197933,0.049079001786808366
31577,0.04099614346521814,0.43810208422047797,0.04099614346521814
31578,0.21214901320258478,0.5565996723423643,0.21214901320258478
31579,0.03244044930571457,0.15531030581348426,0.03244044930571457
31580,0.23718738060040073,0.6495169216215442,0.23718738060040073
31581,0.372147401130393,0.8877299482487039,0.372147401130393
31582,0.13492195756350225,0.4486505253528211,0.13492195756350225
31583,0.22736365359588465,0.8730239499687203,0.22736365359588465
31584,0.09990783394731681,0.41249895882194354,0.09990783394731681
31585,0.0833018779119004,0.13124952775057352,0.0833018779119004
31586,0.04860069807223357,0.16555043766812885,0.04860069807223357
31587,0.07405820760904418,0.35651473067427736,0.07405820760904418
31588,0.44611079665767345,0.5819035171604524,0.44611079665767345
31589,0.04567894811999664,0.10803299058672243,0.04567894811999664
31590,0.4650904295080206,0.2877417578182475,0.4650904295080206
31591,0.0716723181551475,0.5574138610828889,0.0716723181551475
31592,0.18365742662472662,0.20359850246271627,0.18365742662472662
31593,0.050243399728030935,0.15012112728105825,0.050243399728030935
31594,0.05663692634696073,0.398498794397607,0.05663692634696073
31595,0.1331476074915779,0.2875025132248231,0.1331476074915779
31596,0.8369217811979776,0.8350464552555029,0.8369217811979776
31597,0.05756016830787923,0.3914003986549139,0.05756016830787923
31598,0.13241032312933543,0.7391453207241673,0.13241032312933543
31599,0.13095222159605435,0.8469960515807126,0.13095222159605435
31600,0.08717693779521256,0.4357677392139251,0.08717693779521256
31601,0.0736362118171412,0.6621142740742466,0.0736362118171412
31602,0.10650406227345113,0.11716945606592702,0.10650406227345113
31603,0.037108365064702,0.3763591955839037,0.037108365064702
31604,0.04941424334829221,0.09708611060161071,0.04941424334829221
31605,0.025070496531052103,0.23888787333012834,0.025070496531052103
31606,0.061126105425340915,0.22139188034498833,0.061126105425340915
31607,0.16207616973088756,0.41657168523962124,0.16207616973088756
31608,0.3066550853769745,0.35069830076932584,0.3066550853769745
31609,0.04046487117071223,0.14309734592839632,0.04046487117071223
31610,0.030159536832750442,0.06875973545207476,0.030159536832750442
31611,0.06355851587650345,0.34282386947035026,0.06355851587650345
31612,0.32126060476221363,0.3634753743112139,0.32126060476221363
31613,0.03688142915106625,0.05234791845215624,0.03688142915106625
31614,0.0356193112199849,0.2241427698923472,0.0356193112199849
31615,0.6052119209010476,0.5622210180400399,0.6052119209010476
31616,0.13176195122704748,0.1590558214337648,0.13176195122704748
31617,0.2969587585358709,0.5652145974731523,0.2969587585358709
31618,0.11420240767108714,0.5541868345185553,0.11420240767108714
31619,0.19702395809399315,0.37771995905500755,0.19702395809399315
31620,0.05073064403194447,0.13339205964138107,0.05073064403194447
31621,0.007741597146990218,0.018047014630306026,0.007741597146990218
31622,0.8254052578017244,0.9064509284412303,0.8254052578017244
31623,0.11456227544023394,0.33642582153915057,0.11456227544023394
31624,0.18343805127075472,0.03910906353783709,0.18343805127075472
31625,0.06871410185017497,0.7101465485479381,0.06871410185017497
31626,0.23882711278603383,0.40678283843376234,0.23882711278603383
31627,0.0891273060960007,0.28398234091404223,0.0891273060960007
31628,0.11837622023236966,0.7891273262641662,0.11837622023236966
31629,0.649027478251855,0.5130060295436231,0.649027478251855
31630,0.04211554257102068,0.9110160449323397,0.04211554257102068
31631,0.029515316281185065,0.03824886776323118,0.029515316281185065
31632,0.3222917812407757,0.3641761264054103,0.3222917812407757
31633,0.075766774904377,0.2938772830586067,0.075766774904377
31634,0.10488462377869294,0.4704550124486067,0.10488462377869294
31635,0.0670980696132231,0.11325267931682975,0.0670980696132231
31636,0.1601009104515236,0.4178452037987861,0.1601009104515236
31637,0.04022775050616656,0.27495126082904664,0.04022775050616656
31638,0.3843262644709088,0.7122640585829199,0.3843262644709088
31639,0.29383511264213324,0.7262602432210821,0.29383511264213324
31640,0.06517187171431887,0.28882531198601424,0.06517187171431887
31641,0.722262120226256,0.9206058066198309,0.722262120226256
31642,0.5348890032247136,0.6372851241530372,0.5348890032247136
31643,0.08685518277527708,0.1558073528219623,0.08685518277527708
31644,0.033713419482840054,0.5721621372966632,0.033713419482840054
31645,0.035633615107625916,0.20419284511738256,0.035633615107625916
31646,0.1281167846968801,0.9433075415151442,0.1281167846968801
31647,0.228183977724624,0.851868283286773,0.228183977724624
31648,0.4479228571978834,0.817946414808827,0.4479228571978834
31649,0.5178152566788393,0.8748397871056697,0.5178152566788393
31650,0.2281793327434513,0.06947328184359136,0.2281793327434513
31651,0.6874730781818352,0.6513115880916303,0.6874730781818352
31652,0.7242588813076406,0.5742744015744412,0.7242588813076406
31653,0.04482395023382649,0.41622601897018874,0.04482395023382649
31654,0.06310251100501303,0.07267804390045748,0.06310251100501303
31655,0.1872223834929671,0.43147621290801175,0.1872223834929671
31656,0.08504620709039283,0.6525759542727121,0.08504620709039283
31657,0.08067277915076497,0.29809060826103717,0.08067277915076497
31658,0.10420339076348593,0.3587169004488419,0.10420339076348593
31659,0.17577786695577188,0.6332359206162733,0.17577786695577188
31660,0.7371932942162893,0.8851131786317616,0.7371932942162893
31661,0.21472371692005043,0.8659568618458146,0.21472371692005043
31662,0.1894178853376745,0.02327957246219938,0.1894178853376745
31663,0.354615486590921,0.4370681172703037,0.354615486590921
31664,0.5269127901400626,0.8263894474878747,0.5269127901400626
31665,0.06122287948123252,0.8728365797609321,0.06122287948123252
31666,0.14583851895515532,0.7814418660024959,0.14583851895515532
31667,0.1461972156080575,0.4672034891374435,0.1461972156080575
31668,0.08691508254158231,0.20429743083001295,0.08691508254158231
31669,0.027136461329530705,0.14663415224108847,0.027136461329530705
31670,0.06331126545557128,0.7909740668641887,0.06331126545557128
31671,0.08445032196162221,0.40282209256826496,0.08445032196162221
31672,0.10764677919860956,0.059554017440980316,0.10764677919860956
31673,0.04667503754203626,0.49876012776775436,0.04667503754203626
31674,0.10884937390896983,0.5430555060937717,0.10884937390896983
31675,0.3862788203970749,0.5744407085065504,0.3862788203970749
31676,0.07381296308572652,0.44818759009055903,0.07381296308572652
31677,0.12258692830885086,0.20973018654717396,0.12258692830885086
31678,0.46245059952975764,0.6689026260711314,0.46245059952975764
31679,0.2566611096952125,0.6993707298816029,0.2566611096952125
31680,0.09486173349442367,0.6982208400763567,0.09486173349442367
31681,0.18212215818417327,0.4298884562654338,0.18212215818417327
31682,0.09755237696308165,0.44713692586347026,0.09755237696308165
31683,0.06230635538250383,0.12899047583918635,0.06230635538250383
31684,0.0702423482492516,0.14882427734231826,0.0702423482492516
31685,0.17216939622963331,0.59459341754844,0.17216939622963331
31686,0.047138686033580166,0.007399294307202078,0.047138686033580166
31687,0.056012188404812625,0.31334804105830916,0.056012188404812625
31688,0.07220060402386189,0.042334092350489676,0.07220060402386189
31689,0.022427776026706016,0.8311417852570402,0.022427776026706016
31690,0.06675928449070222,0.3548248910698191,0.06675928449070222
31691,0.09326530583812773,0.43043160736260266,0.09326530583812773
31692,0.06369984034324978,0.3318203093523081,0.06369984034324978
31693,0.05126826800857747,0.09443730412724545,0.05126826800857747
31694,0.24846131415565015,0.6313795170706887,0.24846131415565015
31695,0.11524013735209213,0.3848998724947704,0.11524013735209213
31696,0.15599303587750304,0.5898456889354405,0.15599303587750304
31697,0.6049811305627097,0.5577167644299534,0.6049811305627097
31698,0.1599519659720736,0.11988813261920236,0.1599519659720736
31699,0.28069027612678643,0.8266131520352915,0.28069027612678643
31700,0.10611245619893603,0.16514946108678577,0.10611245619893603
31701,0.08286972928085097,0.7757581557661088,0.08286972928085097
31702,0.06592839138013785,0.7625147932363634,0.06592839138013785
31703,0.03753745831713052,0.13300781350965776,0.03753745831713052
31704,0.6754292976891215,0.6325656502252451,0.6754292976891215
31705,0.24503464951296916,0.7414892151358072,0.24503464951296916
31706,0.06873006508038808,0.5871044739153023,0.06873006508038808
31707,0.40017379605109576,0.6736758775097955,0.40017379605109576
31708,0.24051155562387005,0.7619390973889167,0.24051155562387005
31709,0.529377689843226,0.6239422628108995,0.529377689843226
31710,0.147358272648738,0.27914607319058155,0.147358272648738
31711,0.09039308478894112,0.3944816128198621,0.09039308478894112
31712,0.07365350235050486,0.5264996041456137,0.07365350235050486
31713,0.039973643937682275,0.1990318604682373,0.039973643937682275
31714,0.0804630450642807,0.43838859970391647,0.0804630450642807
31715,0.3351306522946892,0.7331296772557945,0.3351306522946892
31716,0.0387872095466906,0.12855826957532437,0.0387872095466906
31717,0.25234432481812846,0.8551340937398401,0.25234432481812846
31718,0.15966754473667133,0.37944204714429414,0.15966754473667133
31719,0.17421148365870268,0.3277154308553353,0.17421148365870268
31720,0.2557934757860511,0.8610033001255522,0.2557934757860511
31721,0.09845399919066533,0.4704897323586084,0.09845399919066533
31722,0.2159512488969353,0.8410940163124617,0.2159512488969353
31723,0.12837700525257037,0.1185992312239471,0.12837700525257037
31724,0.3558095937491193,0.34719720048487324,0.3558095937491193
31725,0.03657235108279295,0.18853677632546575,0.03657235108279295
31726,0.08288230038625366,0.326894217612382,0.08288230038625366
31727,0.10834154062263034,0.5397053281001745,0.10834154062263034
31728,0.15444080445117594,0.5535152878243939,0.15444080445117594
31729,0.1273426088910476,0.3137958545875274,0.1273426088910476
31730,0.314598840000075,0.8448046670551487,0.314598840000075
31731,0.011129535145288272,0.20749984005801442,0.011129535145288272
31732,0.3791894765393001,0.41537218742601967,0.3791894765393001
31733,0.18503452869111867,0.3976789575983468,0.18503452869111867
31734,0.06468787102556431,0.5472981299259579,0.06468787102556431
31735,0.20434510705313558,0.5802439595940782,0.20434510705313558
31736,0.06511974945979264,0.37126633678647125,0.06511974945979264
31737,0.22736158115401228,0.3772024026714443,0.22736158115401228
31738,0.10963244622679064,0.2617754044641901,0.10963244622679064
31739,0.06529886423194653,0.8152764759733303,0.06529886423194653
31740,0.3796271881339737,0.35022947112525066,0.3796271881339737
31741,0.08449379024372163,0.33948815951022615,0.08449379024372163
31742,0.18624863189341725,0.5061582164121571,0.18624863189341725
31743,0.08306347380318323,0.3149568714002494,0.08306347380318323
31744,0.29234756447152555,0.6801765410259912,0.29234756447152555
31745,0.06887455068245946,0.2456913811066789,0.06887455068245946
31746,0.019520034005069492,0.13198107752922086,0.019520034005069492
31747,0.19531739325267594,0.5547278250820513,0.19531739325267594
31748,0.060144419646462416,0.12655015362655947,0.060144419646462416
31749,0.05063095291699145,0.7785729940377603,0.05063095291699145
31750,0.1737656213375169,0.2890480117253024,0.1737656213375169
31751,0.04692233983106945,0.016800104875309852,0.04692233983106945
31752,0.08611650045357395,0.17918648526466996,0.08611650045357395
31753,0.1342351631538788,0.7868162481433393,0.1342351631538788
31754,0.13813897250948912,0.5366418706629544,0.13813897250948912
31755,0.04877485767372729,0.1415540633299726,0.04877485767372729
31756,0.4677887248140151,0.9418098116279695,0.4677887248140151
31757,0.35174830399498247,0.8677875586009244,0.35174830399498247
31758,0.8276922691210064,0.7502277781636716,0.8276922691210064
31759,0.06784353287798024,0.17714283503071906,0.06784353287798024
31760,0.1010026728328915,0.2609352387801431,0.1010026728328915
31761,0.33030663694478246,0.2319648513540227,0.33030663694478246
31762,0.09026635040472353,0.39517661771992024,0.09026635040472353
31763,0.6323600907843687,0.6863334811708359,0.6323600907843687
31764,0.0703516102891233,0.3486077012505559,0.0703516102891233
31765,0.15072492268703097,0.7644110613416173,0.15072492268703097
31766,0.06321244952886032,0.055160210518002926,0.06321244952886032
31767,0.4495424296922567,0.921444189042496,0.4495424296922567
31768,0.06435740088655893,0.12858523842071848,0.06435740088655893
31769,0.06159550319680491,0.161072140158975,0.06159550319680491
31770,0.12849281121141432,0.49919309911356297,0.12849281121141432
31771,0.6733014327498762,0.8198885926927383,0.6733014327498762
31772,0.12695449139528353,0.5338645366583956,0.12695449139528353
31773,0.03337700383066201,0.15422521002480027,0.03337700383066201
31774,0.1128656929465981,0.8026106691531437,0.1128656929465981
31775,0.17423272305842535,0.8740058228562403,0.17423272305842535
31776,0.5180430427371534,0.512975163603301,0.5180430427371534
31777,0.1487323460797372,0.5223907221993652,0.1487323460797372
31778,0.07204269836694113,0.22038169879282157,0.07204269836694113
31779,0.022876468316090588,0.06898477318975386,0.022876468316090588
31780,0.10474506444475251,0.4487972056340515,0.10474506444475251
31781,0.03603611744160251,0.05175767845088838,0.03603611744160251
31782,0.03947385545150366,0.13761896953494615,0.03947385545150366
31783,0.07932452544509894,0.20391424448899598,0.07932452544509894
31784,0.08043823792283639,0.14758521805382552,0.08043823792283639
31785,0.09967163253559651,0.2642371411099029,0.09967163253559651
31786,0.13131220628914814,0.16528685175272378,0.13131220628914814
31787,0.09258945228967728,0.28813376529726925,0.09258945228967728
31788,0.1063491266509784,0.30142116635682525,0.1063491266509784
31789,0.06406538989233632,0.22229996221418255,0.06406538989233632
31790,0.15941228064165022,0.17050425691525695,0.15941228064165022
31791,0.04822498054957347,0.13430411211445714,0.04822498054957347
31792,0.15813639167869323,0.5668322974287205,0.15813639167869323
31793,0.050874257370017086,0.38627724533103736,0.050874257370017086
31794,0.10486465775651994,0.5407308693704634,0.10486465775651994
31795,0.13286061878822067,0.11479033398719693,0.13286061878822067
31796,0.3051625710309466,0.35610034425601766,0.3051625710309466
31797,0.2190336065906075,0.5362819332530016,0.2190336065906075
31798,0.09646468236595415,0.4691036918987765,0.09646468236595415
31799,0.027393254712554327,0.07140731537977822,0.027393254712554327
31800,0.3994980969763066,0.6834631244886309,0.3994980969763066
31801,0.41183545035805375,0.8416874122228376,0.41183545035805375
31802,0.596319191446499,0.8892147321627718,0.596319191446499
31803,0.12186434557540614,0.8077987700934243,0.12186434557540614
31804,0.05063121435228512,0.13831025359543522,0.05063121435228512
31805,0.049051124508401135,0.10700965867815354,0.049051124508401135
31806,0.19711313117495077,0.020199895904317724,0.19711313117495077
31807,0.5212305181386074,0.3642496420829506,0.5212305181386074
31808,0.008338433650903426,0.4822039053416685,0.008338433650903426
31809,0.23475075763195352,0.18880360605250313,0.23475075763195352
31810,0.009921642969558487,0.04514003889396679,0.009921642969558487
31811,0.4942436214391028,0.1361637712890933,0.4942436214391028
31812,0.09124450076827226,0.8677520198140093,0.09124450076827226
31813,0.2570201205086585,0.7068580918928336,0.2570201205086585
31814,0.1784280155155196,0.4892113699315545,0.1784280155155196
31815,0.10924720581044797,0.37591186139591776,0.10924720581044797
31816,0.08080192273757537,0.49291030481266435,0.08080192273757537
31817,0.10043816726527087,0.15870090597655873,0.10043816726527087
31818,0.357024476675081,0.9177385025726134,0.357024476675081
31819,0.051923234976046506,0.1392025049640466,0.051923234976046506
31820,0.059372983891559816,0.07899695071618834,0.059372983891559816
31821,0.09185128581435258,0.24351525125101525,0.09185128581435258
31822,0.35483334006971434,0.8367794854470408,0.35483334006971434
31823,0.08977707614704852,0.558268022254657,0.08977707614704852
31824,0.11659035458584197,0.8191816867530478,0.11659035458584197
31825,0.2940326012531008,0.19652771617216044,0.2940326012531008
31826,0.11702154017027887,0.6519638089803109,0.11702154017027887
31827,0.5559362140004921,0.4525909205565509,0.5559362140004921
31828,0.0356795616887787,0.24084061587066716,0.0356795616887787
31829,0.039407005488172525,0.10441628716006113,0.039407005488172525
31830,0.16070902004868487,0.6423144675176736,0.16070902004868487
31831,0.11987611049513343,0.4225600584973747,0.11987611049513343
31832,0.16340443657847317,0.8516671925172715,0.16340443657847317
31833,0.0716119831570172,0.5770167050886199,0.0716119831570172
31834,0.035224881797473684,0.4771895979414103,0.035224881797473684
31835,0.04599156769857871,0.07475670056056415,0.04599156769857871
31836,0.08030851221342254,0.01987202036174983,0.08030851221342254
31837,0.6334755825835338,0.9552627239657925,0.6334755825835338
31838,0.11094566624216819,0.6258020452922735,0.11094566624216819
31839,0.0707615948700828,0.24041955200475684,0.0707615948700828
31840,0.01940135785596676,0.1849729672506626,0.01940135785596676
31841,0.04334051698682923,0.18801711037196409,0.04334051698682923
31842,0.07587944629174723,0.36396890367731405,0.07587944629174723
31843,0.7527406274446605,0.9114309555212856,0.7527406274446605
31844,0.1716023098712137,0.8034473586162083,0.1716023098712137
31845,0.5761807533669528,0.6083754902057326,0.5761807533669528
31846,0.4369614061727284,0.4528843394753693,0.4369614061727284
31847,0.058959511639678434,0.5582434814540056,0.058959511639678434
31848,0.06564208455752651,0.24253775249945525,0.06564208455752651
31849,0.07977638912661625,0.10109806143682934,0.07977638912661625
31850,0.021737067804567283,0.14714530179936824,0.021737067804567283
31851,0.17535208312834125,0.3129789668790783,0.17535208312834125
31852,0.07502891680971945,0.2202740186013252,0.07502891680971945
31853,0.5609265694725155,0.40174666291264477,0.5609265694725155
31854,0.80687598333985,0.7968703529716691,0.80687598333985
31855,0.5950723273207229,0.6562735685972325,0.5950723273207229
31856,0.10983860311358747,0.3832737931917577,0.10983860311358747
31857,0.1284839100728209,0.7041291058502324,0.1284839100728209
31858,0.03561073481575944,0.31877301415528025,0.03561073481575944
31859,0.435356431516124,0.2701604193275447,0.435356431516124
31860,0.13192815600593943,0.5471705610954399,0.13192815600593943
31861,0.040620363143935606,0.15491430562711175,0.040620363143935606
31862,0.04165883845102925,0.13184213638869732,0.04165883845102925
31863,0.12380675975950355,0.4637118022286639,0.12380675975950355
31864,0.0408671672300445,0.18435166699041014,0.0408671672300445
31865,0.07533005584576159,0.576050157242877,0.07533005584576159
31866,0.22222399542888685,0.29277588132122595,0.22222399542888685
31867,0.06784210117502745,0.30078524143306506,0.06784210117502745
31868,0.10987770860994196,0.06959812095452528,0.10987770860994196
31869,0.01761254807779483,0.049285529660934586,0.01761254807779483
31870,0.12783783271093568,0.32068904800513737,0.12783783271093568
31871,0.5344491357109132,0.8806072316077218,0.5344491357109132
31872,0.07480294742948229,0.15338845670110715,0.07480294742948229
31873,0.5009517901103168,0.7958202211682317,0.5009517901103168
31874,0.08797733374425029,0.3208165130853573,0.08797733374425029
31875,0.2594702306466105,0.48140150232317586,0.2594702306466105
31876,0.06572215462504419,0.17144151922100948,0.06572215462504419
31877,0.0443711401911375,0.17677036069606974,0.0443711401911375
31878,0.061701140266159776,0.5371273795250759,0.061701140266159776
31879,0.06776107088513897,0.2130845412166049,0.06776107088513897
31880,0.07072294743310208,0.15949307464804147,0.07072294743310208
31881,0.5231355021336306,0.480137286215726,0.5231355021336306
31882,0.024260419717919937,0.21256529273515956,0.024260419717919937
31883,0.054297686945140866,0.11341002964987858,0.054297686945140866
31884,0.060515030906758895,0.15250463518543722,0.060515030906758895
31885,0.08394069124180885,0.6938420704271533,0.08394069124180885
31886,0.10690181187681899,0.4389630340600114,0.10690181187681899
31887,0.02738109173402021,0.07733046030332888,0.02738109173402021
31888,0.06331544844639464,0.17038244174608852,0.06331544844639464
31889,0.10537482676756282,0.8537601119018812,0.10537482676756282
31890,0.1470167475566974,0.18632446869486446,0.1470167475566974
31891,0.018879154823163297,0.04566306569537942,0.018879154823163297
31892,0.1441222832502277,0.9090424574061071,0.1441222832502277
31893,0.10215103538382289,0.52466136735414,0.10215103538382289
31894,0.49766863365148906,0.8490748616733945,0.49766863365148906
31895,0.07762982859052125,0.15219667863903477,0.07762982859052125
31896,0.1400106375437925,0.6901124456636795,0.1400106375437925
31897,0.4750829198417155,0.6631667707403777,0.4750829198417155
31898,0.15736180417224058,0.15735026741565045,0.15736180417224058
31899,0.41114097576293035,0.7212716350138904,0.41114097576293035
31900,0.27049074277562735,0.368585104783229,0.27049074277562735
31901,0.11010083571465043,0.4171142364178325,0.11010083571465043
31902,0.02700274902203188,0.034119693502500235,0.02700274902203188
31903,0.34700529629256305,0.4200140455159311,0.34700529629256305
31904,0.07118764380610283,0.11135048081045339,0.07118764380610283
31905,0.06872993884403561,0.2263541491407567,0.06872993884403561
31906,0.03796691154705171,0.3059004654156834,0.03796691154705171
31907,0.00954062172293417,0.4439559594289509,0.00954062172293417
31908,0.02913303805091733,0.17240378694289515,0.02913303805091733
31909,0.08916754217871421,0.5218924761180027,0.08916754217871421
31910,0.022089932508187984,0.4135264715234919,0.022089932508187984
31911,0.04085721899513566,0.9211044067016031,0.04085721899513566
31912,0.10247024879788681,0.4856279492368761,0.10247024879788681
31913,0.06325197383249885,0.32944876016742847,0.06325197383249885
31914,0.051991648072664584,0.8033961473890997,0.051991648072664584
31915,0.08056707137028347,0.4748778755098461,0.08056707137028347
31916,0.049532062154594915,0.8315190760981636,0.049532062154594915
31917,0.7359111372394795,0.15548487875369468,0.7359111372394795
31918,0.18481127148960771,0.9271021989242543,0.18481127148960771
31919,0.5954404394928426,0.487860342047272,0.5954404394928426
31920,0.03391857195824813,0.6707768992133064,0.03391857195824813
31921,0.16170824578419368,0.607665698346131,0.16170824578419368
31922,0.11187603460840612,0.07201550755011608,0.11187603460840612
31923,0.047104637279402686,0.16629285087640175,0.047104637279402686
31924,0.1336203701449988,0.11834383357116504,0.1336203701449988
31925,0.037170998444244666,0.5031927084349584,0.037170998444244666
31926,0.03041895697052824,0.08757077366720516,0.03041895697052824
31927,0.12818069805412688,0.46948663239107935,0.12818069805412688
31928,0.2434390673339607,0.9269502941578678,0.2434390673339607
31929,0.03951152152473432,0.19031657576899771,0.03951152152473432
31930,0.21464607759122245,0.26917469122225757,0.21464607759122245
31931,0.15671300582263809,0.8228451867200456,0.15671300582263809
31932,0.02566216120635481,0.1886345881322515,0.02566216120635481
31933,0.40874027554504183,0.07168350977817994,0.40874027554504183
31934,0.14744981452606665,0.37714000547486226,0.14744981452606665
31935,0.46621281799918235,0.7228139839797699,0.46621281799918235
31936,0.040395940764808694,0.03352061200313905,0.040395940764808694
31937,0.10036623166288561,0.44084381471048856,0.10036623166288561
31938,0.5437547254275051,0.5195088935173312,0.5437547254275051
31939,0.11079255439401735,0.34613996214417597,0.11079255439401735
31940,0.09366647157110176,0.06666807052271631,0.09366647157110176
31941,0.02591943213754598,0.44989708976785686,0.02591943213754598
31942,0.053801350688071826,0.034083961032326665,0.053801350688071826
31943,0.07033414941821935,0.3794313231839718,0.07033414941821935
31944,0.06802739353360672,0.6996414655914402,0.06802739353360672
31945,0.2688693874471811,0.40932293368890066,0.2688693874471811
31946,0.4553140711192646,0.07674180140622819,0.4553140711192646
31947,0.06970754119718331,0.16029332548988445,0.06970754119718331
31948,0.07499312671475496,0.7256447172148667,0.07499312671475496
31949,0.058900264450295434,0.39932780537079565,0.058900264450295434
31950,0.027914244919502396,0.09429266364423802,0.027914244919502396
31951,0.3378984774407551,0.17089169258416814,0.3378984774407551
31952,0.11968651499185484,0.7395112916967035,0.11968651499185484
31953,0.05909849627807643,0.33250836198048345,0.05909849627807643
31954,0.7209796428992544,0.8756865512862626,0.7209796428992544
31955,0.02877359040746502,0.21644926796883399,0.02877359040746502
31956,0.10400605914453863,0.18185211360781195,0.10400605914453863
31957,0.1386897352577747,0.5071665060084217,0.1386897352577747
31958,0.02834855664449401,0.011384696573848822,0.02834855664449401
31959,0.13200611155981232,0.2442318198559515,0.13200611155981232
31960,0.05456032448977505,0.2551799357931114,0.05456032448977505
31961,0.04751024387423444,0.24887752637238858,0.04751024387423444
31962,0.09988326389539176,0.5441747164547532,0.09988326389539176
31963,0.45513332019533437,0.5042419985782131,0.45513332019533437
31964,0.056349975724400814,0.19056164802142075,0.056349975724400814
31965,0.0460311600541502,0.8438563725290276,0.0460311600541502
31966,0.15377616288416632,0.33651400824222666,0.15377616288416632
31967,0.05211558530296575,0.16994704930937266,0.05211558530296575
31968,0.552244354381196,0.30658252471826003,0.552244354381196
31969,0.12847234328591972,0.5506769610840349,0.12847234328591972
31970,0.6050053303529921,0.5944932178428526,0.6050053303529921
31971,0.07934634011062625,0.6225337096250856,0.07934634011062625
31972,0.07410115498913192,0.10013019483323404,0.07410115498913192
31973,0.13434378145967754,0.2842762012304539,0.13434378145967754
31974,0.06525309387478447,0.11338616744632896,0.06525309387478447
31975,0.03292972641765666,0.3216209779003178,0.03292972641765666
31976,0.040746875153739266,0.10762598760105467,0.040746875153739266
31977,0.024991669224918446,0.0742902122910473,0.024991669224918446
31978,0.22846801064830452,0.7191240198794043,0.22846801064830452
31979,0.022710910801847714,0.06222943846183118,0.022710910801847714
31980,0.09077278486548797,0.5956396997993649,0.09077278486548797
31981,0.13606669141618313,0.2641759925974915,0.13606669141618313
31982,0.1257818761529148,0.3033918094820374,0.1257818761529148
31983,0.4957118445277762,0.13458230978216482,0.4957118445277762
31984,0.04016233322553461,0.10348126474589714,0.04016233322553461
31985,0.07413463793823599,0.22332543202566002,0.07413463793823599
31986,0.27667510808048323,0.693696312051794,0.27667510808048323
31987,0.02246454694672791,0.5152541811054048,0.02246454694672791
31988,0.5137653665126813,0.2546769192265593,0.5137653665126813
31989,0.1566634924972156,0.9094595001753726,0.1566634924972156
31990,0.04386375038996229,0.9185949888612439,0.04386375038996229
31991,0.293857602132247,0.3522681333695575,0.293857602132247
31992,0.273551219930215,0.19998878062153982,0.273551219930215
31993,0.42841628702835133,0.10351567663479538,0.42841628702835133
31994,0.1268854773961945,0.2727673850812753,0.1268854773961945
31995,0.15196321490289605,0.18538158557785434,0.15196321490289605
31996,0.2705621773727636,0.07033720240533436,0.2705621773727636
31997,0.05176391934788213,0.830413654321335,0.05176391934788213
31998,0.05013142383181602,0.08705207136255318,0.05013142383181602
31999,0.0324800891476322,0.10191036155357465,0.0324800891476322
32000,0.10824472209702711,0.7755151841949152,0.10824472209702711
32001,0.030141934777057056,0.2941951008011461,0.030141934777057056
32002,0.4144423795432478,0.11865612357311761,0.4144423795432478
32003,0.19827102745312322,0.4406710415102923,0.19827102745312322
32004,0.5068712115217548,0.4501619016156946,0.5068712115217548
32005,0.04607069532043219,0.2595802477784632,0.04607069532043219
32006,0.06594849612889568,0.5759557673880115,0.06594849612889568
32007,0.6892850012871651,0.9639303103991397,0.6892850012871651
32008,0.09671792389408201,0.19759333877624527,0.09671792389408201
32009,0.14050170077030802,0.24850174507364114,0.14050170077030802
32010,0.15509922819236774,0.47735941170936913,0.15509922819236774
32011,0.14380842423585727,0.6035542236867576,0.14380842423585727
32012,0.055757759832129106,0.8717181106071112,0.055757759832129106
32013,0.42419378131049423,0.8693429370064191,0.42419378131049423
32014,0.07017014229145604,0.41379689037365125,0.07017014229145604
32015,0.20461005466917886,0.2440977584117736,0.20461005466917886
32016,0.21650510980509055,0.6090595120454398,0.21650510980509055
32017,0.09400351191673799,0.3937446037930404,0.09400351191673799
32018,0.07570476624349994,0.09721890657652302,0.07570476624349994
32019,0.16163549058967636,0.8219434886184969,0.16163549058967636
32020,0.29448285111617334,0.5598958393410061,0.29448285111617334
32021,0.03173313001141688,0.1735966873530018,0.03173313001141688
32022,0.3009518961889887,0.4818558483054514,0.3009518961889887
32023,0.1333307747097514,0.8143009901031617,0.1333307747097514
32024,0.08962224000341946,0.16912228601105544,0.08962224000341946
32025,0.20830652551943582,0.10380705127177581,0.20830652551943582
32026,0.30293718606491393,0.6654288230666536,0.30293718606491393
32027,0.03307762080472235,0.6256516689719491,0.03307762080472235
32028,0.6067194331607475,0.405698897087715,0.6067194331607475
32029,0.15347820883975227,0.2515936534107183,0.15347820883975227
32030,0.09411124630110423,0.19752547633093762,0.09411124630110423
32031,0.022796525754779993,0.11746681037444623,0.022796525754779993
32032,0.6461181296117068,0.4197201759859491,0.6461181296117068
32033,0.06896234294582954,0.21378182794201828,0.06896234294582954
32034,0.0978189443006447,0.7114816579234691,0.0978189443006447
32035,0.04805752637004421,0.1218494371511059,0.04805752637004421
32036,0.16674313655654485,0.7396125535610889,0.16674313655654485
32037,0.1506185629171084,0.6834824101086426,0.1506185629171084
32038,0.2996768180135624,0.4473612527734899,0.2996768180135624
32039,0.2326736106198732,0.4021988899726716,0.2326736106198732
32040,0.12850483815956257,0.669673955495213,0.12850483815956257
32041,0.663463607418273,0.9197571315740949,0.663463607418273
32042,0.06549471263345201,0.5787877849024226,0.06549471263345201
32043,0.3737677285056437,0.3027048559512065,0.3737677285056437
32044,0.014466713861785035,0.1634532189838453,0.014466713861785035
32045,0.11215972237393868,0.7770646473524228,0.11215972237393868
32046,0.12790535615059756,0.6174267466398919,0.12790535615059756
32047,0.8457825181698302,0.8856428075130066,0.8457825181698302
32048,0.08124296462956007,0.3708222058031888,0.08124296462956007
32049,0.027472577331842763,0.3412253542893198,0.027472577331842763
32050,0.18226444745634612,0.16639641621231094,0.18226444745634612
32051,0.026806948938657853,0.45782589522382555,0.026806948938657853
32052,0.6778271384510053,0.8829217091833745,0.6778271384510053
32053,0.04526449674016553,0.11458121515958898,0.04526449674016553
32054,0.07773516075209662,0.155691192872919,0.07773516075209662
32055,0.043502209397068156,0.2767389610042012,0.043502209397068156
32056,0.11652308274887334,0.41409979881869896,0.11652308274887334
32057,0.0428003135056767,0.05134654454424463,0.0428003135056767
32058,0.04076204887724607,0.24968910657090482,0.04076204887724607
32059,0.03510945386991599,0.6219188652628617,0.03510945386991599
32060,0.05509474390707927,0.8188770597033987,0.05509474390707927
32061,0.09619205469498389,0.09786884121989235,0.09619205469498389
32062,0.06850209496662067,0.34999373658954036,0.06850209496662067
32063,0.03804943961746793,0.4622255211165969,0.03804943961746793
32064,0.049243151754005295,0.3473173696618052,0.049243151754005295
32065,0.06119420438513895,0.5245916988128393,0.06119420438513895
32066,0.08587772331477864,0.19218532641846886,0.08587772331477864
32067,0.05431302765063901,0.07681367156900272,0.05431302765063901
32068,0.018223765754480162,0.1742152156455078,0.018223765754480162
32069,0.5108787286374047,0.8664697281362795,0.5108787286374047
32070,0.8581478521964994,0.9464726271787222,0.8581478521964994
32071,0.5487468103513894,0.7370737483458245,0.5487468103513894
32072,0.666700264696634,0.7826533989147628,0.666700264696634
32073,0.010809482923446303,0.0645450117341888,0.010809482923446303
32074,0.09056953250823727,0.3845853176171872,0.09056953250823727
32075,0.018694775073006917,0.06159293270847103,0.018694775073006917
32076,0.04175377423200147,0.5670667709179403,0.04175377423200147
32077,0.04164704550205161,0.11224638675788165,0.04164704550205161
32078,0.03718540974702007,0.1295205705517686,0.03718540974702007
32079,0.0683116613483424,0.1375370852316084,0.0683116613483424
32080,0.020280621206944675,0.17224043492820207,0.020280621206944675
32081,0.2585513049882491,0.8163474557058108,0.2585513049882491
32082,0.011502704475070357,0.04048849954227558,0.011502704475070357
32083,0.0792535648384161,0.3689434159379601,0.0792535648384161
32084,0.056492738185173925,0.5796470359660154,0.056492738185173925
32085,0.06314853071104967,0.5283168970193719,0.06314853071104967
32086,0.5384113164568199,0.6289336142212282,0.5384113164568199
32087,0.11422481927176709,0.6828661065432459,0.11422481927176709
32088,0.0642308638115865,0.35988900989761696,0.0642308638115865
32089,0.4341884184387529,0.8632660376408003,0.4341884184387529
32090,0.026968131463444355,0.4505245157751189,0.026968131463444355
32091,0.27098631023538394,0.2084347706785961,0.27098631023538394
32092,0.20778704026205258,0.4199517134537104,0.20778704026205258
32093,0.12629458975969965,0.3702654936221546,0.12629458975969965
32094,0.09128814635622676,0.14146680292194674,0.09128814635622676
32095,0.6765490903174955,0.8591012267701261,0.6765490903174955
32096,0.0998090649302983,0.8727391190864584,0.0998090649302983
32097,0.26420789228502056,0.4031589584417775,0.26420789228502056
32098,0.04593062844710361,0.1081944900082219,0.04593062844710361
32099,0.10106705514680446,0.35091995257768455,0.10106705514680446
32100,0.06959041408249755,0.4454970501049458,0.06959041408249755
32101,0.3978244209313244,0.3408221063326218,0.3978244209313244
32102,0.029703772394340366,0.11559565217818786,0.029703772394340366
32103,0.0972975558770799,0.6085640490545028,0.0972975558770799
32104,0.021893548254248815,0.28132036042689634,0.021893548254248815
32105,0.1173074253710318,0.5873671840216048,0.1173074253710318
32106,0.6744926212222683,0.7273375110353386,0.6744926212222683
32107,0.22455061995752168,0.3257977491393883,0.22455061995752168
32108,0.18241723466676527,0.09844995805002504,0.18241723466676527
32109,0.13246105027087798,0.3348306810443312,0.13246105027087798
32110,0.10434451580802047,0.46564483013163543,0.10434451580802047
32111,0.3823111999942671,0.43245642190363953,0.3823111999942671
32112,0.6394965003094171,0.5805729734015785,0.6394965003094171
32113,0.06532635364919745,0.3945003075967109,0.06532635364919745
32114,0.2981822860811392,0.5063231059800574,0.2981822860811392
32115,0.13044187975416513,0.2784835070468506,0.13044187975416513
32116,0.1706525320775044,0.11951743425611754,0.1706525320775044
32117,0.5861339986828377,0.8959824765744517,0.5861339986828377
32118,0.048383268361695354,0.4899100519413068,0.048383268361695354
32119,0.17543012109468867,0.8735453927677755,0.17543012109468867
32120,0.45423361420400205,0.8794929525431362,0.45423361420400205
32121,0.18211159922640854,0.21596473007531608,0.18211159922640854
32122,0.12974202133480048,0.7079972685084943,0.12974202133480048
32123,0.008747613467892408,0.07562687547929109,0.008747613467892408
32124,0.12804354368285345,0.9414448615793496,0.12804354368285345
32125,0.03544575008918395,0.18743831557466015,0.03544575008918395
32126,0.3927594646337839,0.6392076007988882,0.3927594646337839
32127,0.2802259200211971,0.8581904521852615,0.2802259200211971
32128,0.26831594512372625,0.880492894910374,0.26831594512372625
32129,0.14811757386237406,0.11197487941779313,0.14811757386237406
32130,0.46617724445381287,0.44187452761701457,0.46617724445381287
32131,0.8899906314880408,0.9585540419934154,0.8899906314880408
32132,0.09139473857153718,0.5790331793354564,0.09139473857153718
32133,0.14677413798219746,0.41789176754419904,0.14677413798219746
32134,0.09133735056703592,0.8179418657800662,0.09133735056703592
32135,0.03077396086855935,0.5259782708928343,0.03077396086855935
32136,0.13084477208068654,0.2627347037435176,0.13084477208068654
32137,0.206987965784416,0.7707535433651646,0.206987965784416
32138,0.23095862783044283,0.48816474167109625,0.23095862783044283
32139,0.07697766693618802,0.3172070312141913,0.07697766693618802
32140,0.6891889508385258,0.18877642775897,0.6891889508385258
32141,0.08008839761355331,0.4454696455176542,0.08008839761355331
32142,0.1618579674121004,0.9299173180502546,0.1618579674121004
32143,0.05860472575735841,0.3450846334137711,0.05860472575735841
32144,0.38539758594841794,0.4539711497738337,0.38539758594841794
32145,0.11713660640911956,0.30986702083249784,0.11713660640911956
32146,0.03916359010568831,0.08279267072152549,0.03916359010568831
32147,0.016186722591211393,0.4444698730685872,0.016186722591211393
32148,0.5715597496693059,0.7359993380873181,0.5715597496693059
32149,0.06610708757604984,0.41216887628113497,0.06610708757604984
32150,0.08987588121151455,0.7578926904331198,0.08987588121151455
32151,0.009653871266413977,0.03829143219351379,0.009653871266413977
32152,0.08153008314750969,0.6710803571117644,0.08153008314750969
32153,0.10997135013830035,0.37369535613134447,0.10997135013830035
32154,0.02471597372022084,0.020295539441543366,0.02471597372022084
32155,0.026260381671956632,0.15127209846759046,0.026260381671956632
32156,0.05484682441531948,0.18435627598315388,0.05484682441531948
32157,0.04071832467164583,0.10681413867444838,0.04071832467164583
32158,0.040810038583793,0.6705663387053639,0.040810038583793
32159,0.6108346864162904,0.6926264505610763,0.6108346864162904
32160,0.16943869362448508,0.3838427345022893,0.16943869362448508
32161,0.2954373530592627,0.16854801131880717,0.2954373530592627
32162,0.05991261952788208,0.18434369773816828,0.05991261952788208
32163,0.026950762184207007,0.12399443124055677,0.026950762184207007
32164,0.3559254967258973,0.08969398240007014,0.3559254967258973
32165,0.10785776089417586,0.6065247878704311,0.10785776089417586
32166,0.1165167417464153,0.18459345174999145,0.1165167417464153
32167,0.04603072296786966,0.4257108239738974,0.04603072296786966
32168,0.11321276166080782,0.2559746131338017,0.11321276166080782
32169,0.08932078010886836,0.30111941714369594,0.08932078010886836
32170,0.14190331675137616,0.485050715147883,0.14190331675137616
32171,0.007825726788766219,0.7803476062485829,0.007825726788766219
32172,0.7236727626810047,0.7988283438024577,0.7236727626810047
32173,0.13799420712762037,0.2751184188232166,0.13799420712762037
32174,0.11768144930168961,0.2398560685812787,0.11768144930168961
32175,0.14216438165629883,0.6256777615595424,0.14216438165629883
32176,0.7250366346523621,0.8666565239378232,0.7250366346523621
32177,0.033483534375970035,0.36966522141797387,0.033483534375970035
32178,0.05801715455103984,0.3003683235728024,0.05801715455103984
32179,0.13328821296483442,0.8735103274841989,0.13328821296483442
32180,0.0569300718242313,0.09974541976182112,0.0569300718242313
32181,0.43396573570522595,0.31927828242156325,0.43396573570522595
32182,0.19086537218775396,0.4587832844033925,0.19086537218775396
32183,0.21670891761017338,0.8805124118466273,0.21670891761017338
32184,0.08730735075750813,0.46685845280899085,0.08730735075750813
32185,0.42214741635759734,0.21525047243222595,0.42214741635759734
32186,0.1171871747934069,0.334272894592082,0.1171871747934069
32187,0.1072536387899961,0.35118719733903464,0.1072536387899961
32188,0.3112901769504707,0.12095502265788736,0.3112901769504707
32189,0.2749913473761387,0.5450742697430974,0.2749913473761387
32190,0.21943728263335413,0.5301207096880427,0.21943728263335413
32191,0.041058744493049644,0.07601840097472011,0.041058744493049644
32192,0.007905815864505457,0.1526089112510202,0.007905815864505457
32193,0.09116253072068661,0.2203907526273338,0.09116253072068661
32194,0.008310520484786192,0.01660548777107391,0.008310520484786192
32195,0.1907497368494363,0.33031554452658374,0.1907497368494363
32196,0.5432860998096747,0.41318899735200193,0.5432860998096747
32197,0.06884720825372247,0.30573546888771913,0.06884720825372247
32198,0.3762096682948879,0.505711431900903,0.3762096682948879
32199,0.751852241218859,0.9491400612830238,0.751852241218859
32200,0.161802636096067,0.6045539079105613,0.161802636096067
32201,0.10219071477030212,0.36535938164797704,0.10219071477030212
32202,0.04590762888049659,0.8350652955472425,0.04590762888049659
32203,0.271281948010129,0.8738360175262623,0.271281948010129
32204,0.1324460958125169,0.4145141446305603,0.1324460958125169
32205,0.0916213792533235,0.8864967919987842,0.0916213792533235
32206,0.04050148914657311,0.5858300955769531,0.04050148914657311
32207,0.6038912701858414,0.5120833227373618,0.6038912701858414
32208,0.0677699347653074,0.1240303227486215,0.0677699347653074
32209,0.06326118625898994,0.2313210469969051,0.06326118625898994
32210,0.020720276261423625,0.32468611930139407,0.020720276261423625
32211,0.02461901889877946,0.06356888350102712,0.02461901889877946
32212,0.04727757347144323,0.28080659287324644,0.04727757347144323
32213,0.04628640529660618,0.09218465407963156,0.04628640529660618
32214,0.06720578429118818,0.14823154244355013,0.06720578429118818
32215,0.4878171029154263,0.26294198836244737,0.4878171029154263
32216,0.7624477777362574,0.6955220714006202,0.7624477777362574
32217,0.030324796982153797,0.12754366808009185,0.030324796982153797
32218,0.13978221886732073,0.5323411530607389,0.13978221886732073
32219,0.02478034978632214,0.06533817868438756,0.02478034978632214
32220,0.8323285546590212,0.7663134804531642,0.8323285546590212
32221,0.36890163062472797,0.32311202632328667,0.36890163062472797
32222,0.06073088692633314,0.024071060386684585,0.06073088692633314
32223,0.1630310932984681,0.48072726469905347,0.1630310932984681
32224,0.6136848212135257,0.658718038178325,0.6136848212135257
32225,0.3208411559026609,0.3371723485880808,0.3208411559026609
32226,0.5479722372949182,0.9681170620762051,0.5479722372949182
32227,0.07562422371829616,0.36407246227429396,0.07562422371829616
32228,0.8525207982445651,0.43332853543864963,0.8525207982445651
32229,0.01209125573045476,0.1824238745134077,0.01209125573045476
32230,0.12345787968951837,0.32828070021461436,0.12345787968951837
32231,0.4751838989925861,0.7697787314399938,0.4751838989925861
32232,0.2402519707011371,0.0633927390985092,0.2402519707011371
32233,0.02985787110430854,0.6501865016299707,0.02985787110430854
32234,0.05131338097604079,0.4002507485781059,0.05131338097604079
32235,0.37719748757602306,0.8774125094703171,0.37719748757602306
32236,0.1022339322989489,0.9134168408373007,0.1022339322989489
32237,0.6689667243872504,0.8821569626185135,0.6689667243872504
32238,0.014853723717069488,0.041480458701435755,0.014853723717069488
32239,0.025099289212752042,0.04641214158962958,0.025099289212752042
32240,0.03158618082439822,0.12763897368808513,0.03158618082439822
32241,0.5545701382786604,0.6127331872988311,0.5545701382786604
32242,0.05874597063582147,0.5514447794019542,0.05874597063582147
32243,0.07997600464071038,0.3645937711802134,0.07997600464071038
32244,0.04653246528623171,0.2650063879777469,0.04653246528623171
32245,0.12308308110093112,0.3861529533924537,0.12308308110093112
32246,0.30659921156055,0.26523194229378805,0.30659921156055
32247,0.11468368191492058,0.6524352941054425,0.11468368191492058
32248,0.3798058854688676,0.6771916826567115,0.3798058854688676
32249,0.05024138743500293,0.3813745068408927,0.05024138743500293
32250,0.1062954927031449,0.4386447679843504,0.1062954927031449
32251,0.18663123517865535,0.4311461557525771,0.18663123517865535
32252,0.2583748109284889,0.1625636593335402,0.2583748109284889
32253,0.08809661867734138,0.11838772532595661,0.08809661867734138
32254,0.045351300145419084,0.15929829556189642,0.045351300145419084
32255,0.04570421386328566,0.44592388028567087,0.04570421386328566
32256,0.5890144825198598,0.6710153181521493,0.5890144825198598
32257,0.06486485718791403,0.4823389843963352,0.06486485718791403
32258,0.10136387924189605,0.2093838724868229,0.10136387924189605
32259,0.1517528520487364,0.7170683086997602,0.1517528520487364
32260,0.09566444714512391,0.7453152381516973,0.09566444714512391
32261,0.09638216601258083,0.6564515122291207,0.09638216601258083
32262,0.0820636396584133,0.1825616277519558,0.0820636396584133
32263,0.08805313141789023,0.34264593435487406,0.08805313141789023
32264,0.2516394230470932,0.664736448506233,0.2516394230470932
32265,0.16811242426500028,0.6491855882125351,0.16811242426500028
32266,0.07825783546919855,0.33975434456094006,0.07825783546919855
32267,0.08527481637786845,0.1995016299403718,0.08527481637786845
32268,0.035881852916868545,0.28498742505528984,0.035881852916868545
32269,0.3028517392305687,0.8083080857123665,0.3028517392305687
32270,0.22112682587056814,0.14844786056742143,0.22112682587056814
32271,0.4868623842472673,0.7498660847138013,0.4868623842472673
32272,0.028535359541578306,0.14273471105259358,0.028535359541578306
32273,0.09651009567972739,0.332653509570673,0.09651009567972739
32274,0.3722152545055022,0.7888366991506748,0.3722152545055022
32275,0.12018741045128663,0.4925632292615332,0.12018741045128663
32276,0.4894797794750609,0.33935173890497594,0.4894797794750609
32277,0.1336418829134766,0.17262374383813953,0.1336418829134766
32278,0.0548733138420714,0.3175954064096084,0.0548733138420714
32279,0.12718953829745216,0.4078374143548223,0.12718953829745216
32280,0.26029521857448074,0.08615148193754334,0.26029521857448074
32281,0.44257124423147337,0.5302158930036912,0.44257124423147337
32282,0.13756690727904017,0.11081195478397823,0.13756690727904017
32283,0.11313205879630511,0.5853958937883326,0.11313205879630511
32284,0.7808327211655535,0.4761983862879787,0.7808327211655535
32285,0.2909957674217716,0.42773605044775337,0.2909957674217716
32286,0.10120773721810407,0.6076500261908627,0.10120773721810407
32287,0.034152912623237934,0.2827983513452315,0.034152912623237934
32288,0.15133753486563858,0.6056104087946069,0.15133753486563858
32289,0.29217093291315316,0.5596010719035668,0.29217093291315316
32290,0.048721660298019026,0.38677223752478185,0.048721660298019026
32291,0.4707313123600898,0.37893031985189646,0.4707313123600898
32292,0.2787381341679128,0.3297980284539065,0.2787381341679128
32293,0.19835064598898064,0.8147867316956465,0.19835064598898064
32294,0.10799820890083468,0.1773819272492368,0.10799820890083468
32295,0.18819270670983893,0.4216939406694558,0.18819270670983893
32296,0.06490364674166399,0.7882196547380189,0.06490364674166399
32297,0.37740364751160155,0.7811992556702304,0.37740364751160155
32298,0.022117488292086148,0.025485328053721598,0.022117488292086148
32299,0.12340754015115361,0.21867382204227176,0.12340754015115361
32300,0.022628812023038486,0.1364299337539882,0.022628812023038486
32301,0.11861345277952176,0.377281618803302,0.11861345277952176
32302,0.02186734971384784,0.15960803363591552,0.02186734971384784
32303,0.19253206422437458,0.21370835172542088,0.19253206422437458
32304,0.04582924132351133,0.3547851263047289,0.04582924132351133
32305,0.035575616138345714,0.17149203827275328,0.035575616138345714
32306,0.3643898742290471,0.47491350294124585,0.3643898742290471
32307,0.11143477164680217,0.44641621306037343,0.11143477164680217
32308,0.26651500162451025,0.4697601160520534,0.26651500162451025
32309,0.12269766084709671,0.5955778971543191,0.12269766084709671
32310,0.46337490297885686,0.35982663925537445,0.46337490297885686
32311,0.07293301891072905,0.3563710780535897,0.07293301891072905
32312,0.29612251447681165,0.08428458436642591,0.29612251447681165
32313,0.05536586688714566,0.08567615253931275,0.05536586688714566
32314,0.08735978682142487,0.24139505466358815,0.08735978682142487
32315,0.10043781613988641,0.19699250365195634,0.10043781613988641
32316,0.09793346632729233,0.7828577582114878,0.09793346632729233
32317,0.05565261939148667,0.28571119000478845,0.05565261939148667
32318,0.05574407629967047,0.4131380929338127,0.05574407629967047
32319,0.2053136588515358,0.9234690277567364,0.2053136588515358
32320,0.0541353372173754,0.1355073588338906,0.0541353372173754
32321,0.15524829476247493,0.6151035248198281,0.15524829476247493
32322,0.068852964504898,0.35542807726181425,0.068852964504898
32323,0.6100511371199351,0.7682303378328862,0.6100511371199351
32324,0.06834689779573139,0.5759246795786843,0.06834689779573139
32325,0.1831357873358052,0.10857924644468084,0.1831357873358052
32326,0.3213853701552555,0.2409663151474956,0.3213853701552555
32327,0.016718777592345357,0.17810848328263024,0.016718777592345357
32328,0.08690276831719618,0.2562539810837744,0.08690276831719618
32329,0.08864196303700182,0.4347347050449009,0.08864196303700182
32330,0.20926289386047955,0.25622417399364783,0.20926289386047955
32331,0.17644596326027198,0.496589289239103,0.17644596326027198
32332,0.07897752965469036,0.4070500886367719,0.07897752965469036
32333,0.04073393681294981,0.11794501879933278,0.04073393681294981
32334,0.09560538365340056,0.49919191827602405,0.09560538365340056
32335,0.07768860280569398,0.20333493695180574,0.07768860280569398
32336,0.046304887915091034,0.09955500392470527,0.046304887915091034
32337,0.3868894433809743,0.21039076941353216,0.3868894433809743
32338,0.20934574385294624,0.6810671487519823,0.20934574385294624
32339,0.43333366728597666,0.7312659362719635,0.43333366728597666
32340,0.373211784381055,0.6106520423365883,0.373211784381055
32341,0.1310374352031542,0.39835357402659255,0.1310374352031542
32342,0.0792011080435787,0.5271415403227547,0.0792011080435787
32343,0.5491502992713566,0.6588396146223356,0.5491502992713566
32344,0.6810372277539742,0.9278987462312428,0.6810372277539742
32345,0.08014025946648408,0.3855463512586788,0.08014025946648408
32346,0.03963878694994591,0.14391311345922045,0.03963878694994591
32347,0.17177159988855137,0.4085431229016091,0.17177159988855137
32348,0.051295198675050904,0.8597000432351135,0.051295198675050904
32349,0.18506585683517066,0.8823176565669483,0.18506585683517066
32350,0.1480873877786562,0.6200344663472858,0.1480873877786562
32351,0.39761275166305654,0.6313370782784238,0.39761275166305654
32352,0.02298660327454501,0.0863679179543441,0.02298660327454501
32353,0.04322249486060065,0.2496430962923316,0.04322249486060065
32354,0.4254026082062437,0.1900242589513846,0.4254026082062437
32355,0.09303873878772208,0.5253534849290151,0.09303873878772208
32356,0.041501421718232775,0.29477751923828305,0.041501421718232775
32357,0.1664476537769994,0.3513494570162296,0.1664476537769994
32358,0.08766291881458818,0.7658855826087974,0.08766291881458818
32359,0.4147570460646435,0.6034994109497898,0.4147570460646435
32360,0.26487805107712703,0.6055103493446552,0.26487805107712703
32361,0.04342734420778091,0.5420861983112157,0.04342734420778091
32362,0.03620286820451242,0.13278844208176555,0.03620286820451242
32363,0.03262036497842964,0.5960009566135389,0.03262036497842964
32364,0.11611599001445341,0.04811593987652202,0.11611599001445341
32365,0.06378646858910633,0.22140912254221334,0.06378646858910633
32366,0.08532657991113052,0.27911279280022966,0.08532657991113052
32367,0.3617882584991373,0.7221979491162731,0.3617882584991373
32368,0.10477370643605184,0.7805818752104434,0.10477370643605184
32369,0.3035150356312572,0.7551879268703435,0.3035150356312572
32370,0.03925277156988437,0.24380354813453448,0.03925277156988437
32371,0.211996231940329,0.4122217860173361,0.211996231940329
32372,0.07100399062731359,0.23508552165606628,0.07100399062731359
32373,0.03107997603826913,0.505509205846592,0.03107997603826913
32374,0.14628025755240268,0.20694973567723543,0.14628025755240268
32375,0.42449443367192147,0.8088002354791097,0.42449443367192147
32376,0.16509410266060043,0.35511716326343895,0.16509410266060043
32377,0.0553768902557122,0.5364495281262783,0.0553768902557122
32378,0.16313165581631447,0.6889464382910196,0.16313165581631447
32379,0.051039779069307685,0.20605493904794253,0.051039779069307685
32380,0.07270061146432262,0.48889634690822276,0.07270061146432262
32381,0.036928572460429354,0.36473623609644285,0.036928572460429354
32382,0.22669762178906866,0.764942686975036,0.22669762178906866
32383,0.1288316469553651,0.4541862650342445,0.1288316469553651
32384,0.10414610294810898,0.3617420886148823,0.10414610294810898
32385,0.025893126495419784,0.12026211291598121,0.025893126495419784
32386,0.0418733809214389,0.3096196237884895,0.0418733809214389
32387,0.4264475858860255,0.18734268953887326,0.4264475858860255
32388,0.048410189829399035,0.45305213144286993,0.048410189829399035
32389,0.019281439502799723,0.051133086968944925,0.019281439502799723
32390,0.03415177979137222,0.6467448021389618,0.03415177979137222
32391,0.3116386500391352,0.8736276025221572,0.3116386500391352
32392,0.14197322287890693,0.7859945162758725,0.14197322287890693
32393,0.5235566933610241,0.5201244918244954,0.5235566933610241
32394,0.08499309840705244,0.39659736147019675,0.08499309840705244
32395,0.35172992070760234,0.8840234918005874,0.35172992070760234
32396,0.042727026116470786,0.3002799147317095,0.042727026116470786
32397,0.02496387332771044,0.3002643548852537,0.02496387332771044
32398,0.12051025255587462,0.18515294637004673,0.12051025255587462
32399,0.6021688370448471,0.6907496456496808,0.6021688370448471
32400,0.7267064715857392,0.45558075141297233,0.7267064715857392
32401,0.040750610844521126,0.6666420707178219,0.040750610844521126
32402,0.01712296227165397,0.07319725072422861,0.01712296227165397
32403,0.05588325254156594,0.4117168174244745,0.05588325254156594
32404,0.06604601809145959,0.2043659535534049,0.06604601809145959
32405,0.20187526695096353,0.8814341241579688,0.20187526695096353
32406,0.11241269778530891,0.17677847874359945,0.11241269778530891
32407,0.05825073449931932,0.08420869620318383,0.05825073449931932
32408,0.078944405147911,0.26973810125026254,0.078944405147911
32409,0.12273370373380982,0.6126143987561097,0.12273370373380982
32410,0.05673313056511451,0.29867370180605807,0.05673313056511451
32411,0.09384594293852046,0.2985868084325202,0.09384594293852046
32412,0.08066849234131175,0.15946248662567802,0.08066849234131175
32413,0.06308404748924137,0.4308623183811936,0.06308404748924137
32414,0.0831439557062155,0.6596146318788616,0.0831439557062155
32415,0.054332595216008896,0.18349062500496424,0.054332595216008896
32416,0.620871041301748,0.9109888189239336,0.620871041301748
32417,0.051856359323367754,0.4109707622537325,0.051856359323367754
32418,0.0635409198793259,0.32620609607403034,0.0635409198793259
32419,0.33153291743831,0.16919210087828276,0.33153291743831
32420,0.5224950987499842,0.4729863673643222,0.5224950987499842
32421,0.0816350798346498,0.23254105258661914,0.0816350798346498
32422,0.010043015514302544,0.04360439015133549,0.010043015514302544
32423,0.07586885306306318,0.7676475207503887,0.07586885306306318
32424,0.2655452810412211,0.20246919409778819,0.2655452810412211
32425,0.5918068558165837,0.7795645756122629,0.5918068558165837
32426,0.10446772125953425,0.1102503630577853,0.10446772125953425
32427,0.21895719234836966,0.27861655840955174,0.21895719234836966
32428,0.17842734883337796,0.1674354203385045,0.17842734883337796
32429,0.22360566141873045,0.5378203211246151,0.22360566141873045
32430,0.13932837594164166,0.34578053772874623,0.13932837594164166
32431,0.7739783466888954,0.8962821590807886,0.7739783466888954
32432,0.13977164968795103,0.29598638415050255,0.13977164968795103
32433,0.26801947718432945,0.11568871264477328,0.26801947718432945
32434,0.14881752387846292,0.6731116152221817,0.14881752387846292
32435,0.13486662087600348,0.9152996741118524,0.13486662087600348
32436,0.0783396067640815,0.48809683352864086,0.0783396067640815
32437,0.07241871812042819,0.16290337184992906,0.07241871812042819
32438,0.0994503885336566,0.13173128015855898,0.0994503885336566
32439,0.34100213553704345,0.800549401516222,0.34100213553704345
32440,0.04427071144490797,0.23447730058994137,0.04427071144490797
32441,0.4167216003324338,0.20960829458115915,0.4167216003324338
32442,0.05060937420312702,0.47302833097500857,0.05060937420312702
32443,0.10199875010653822,0.4775933692114831,0.10199875010653822
32444,0.7160317275383743,0.5531387102270837,0.7160317275383743
32445,0.01327425261069998,0.07985693438456093,0.01327425261069998
32446,0.16748300156638168,0.7981420131415895,0.16748300156638168
32447,0.07741647944769504,0.2745863718177611,0.07741647944769504
32448,0.15485107629942074,0.6263208341447044,0.15485107629942074
32449,0.07034255646160079,0.16464346037652144,0.07034255646160079
32450,0.590186951641724,0.8429026364588644,0.590186951641724
32451,0.01829872939358387,0.13173003516559265,0.01829872939358387
32452,0.07605746175092729,0.5659096681139397,0.07605746175092729
32453,0.3859838856645144,0.34819983642499935,0.3859838856645144
32454,0.27726455862655036,0.522465060770651,0.27726455862655036
32455,0.29351448708082856,0.0796565441840462,0.29351448708082856
32456,0.04929241193618822,0.26858685115674014,0.04929241193618822
32457,0.051781020755316175,0.4914535354363351,0.051781020755316175
32458,0.25400008485891606,0.5532841518992107,0.25400008485891606
32459,0.053090660049660905,0.33514704983202714,0.053090660049660905
32460,0.07930322369676478,0.7705329468596932,0.07930322369676478
32461,0.09312497176408008,0.1295668380135011,0.09312497176408008
32462,0.03138489041280409,0.7131462364216726,0.03138489041280409
32463,0.280844517969831,0.5196195684238584,0.280844517969831
32464,0.18495855258911703,0.6592760900221485,0.18495855258911703
32465,0.07930800081485091,0.6524601764165767,0.07930800081485091
32466,0.059847114669710065,0.12882721159334282,0.059847114669710065
32467,0.05173843257404729,0.1553773818338644,0.05173843257404729
32468,0.08245656931275941,0.0791661510206883,0.08245656931275941
32469,0.04988814459440241,0.39501146848140883,0.04988814459440241
32470,0.023630660752189805,0.3624588156658839,0.023630660752189805
32471,0.0989620307620366,0.30458329618250884,0.0989620307620366
32472,0.11839978358883571,0.393677619006663,0.11839978358883571
32473,0.042028527610100834,0.20904807414718965,0.042028527610100834
32474,0.02984006266545615,0.19233830175245545,0.02984006266545615
32475,0.16754533643889866,0.9557825215490104,0.16754533643889866
32476,0.016541311213645913,0.3904658476013923,0.016541311213645913
32477,0.06894633975754845,0.3775762934771008,0.06894633975754845
32478,0.24256468839091827,0.5179903346206931,0.24256468839091827
32479,0.0252332973670271,0.20950365292531173,0.0252332973670271
32480,0.18278388177218446,0.08167532273542474,0.18278388177218446
32481,0.17193200068784742,0.2803825128482461,0.17193200068784742
32482,0.031748678793148695,0.411952665764375,0.031748678793148695
32483,0.29955893351699653,0.5433356607967736,0.29955893351699653
32484,0.2196770553690371,0.7364832812603712,0.2196770553690371
32485,0.06793736456079057,0.32845014637016656,0.06793736456079057
32486,0.14437319035605783,0.24829497882084384,0.14437319035605783
32487,0.31551620447292145,0.3262106788353784,0.31551620447292145
32488,0.29392439761104006,0.5577152614033927,0.29392439761104006
32489,0.32997771731092707,0.9233180748775773,0.32997771731092707
32490,0.14255323002156833,0.5958406353793321,0.14255323002156833
32491,0.5163812044128799,0.8909998416955366,0.5163812044128799
32492,0.18371021603285276,0.6095274958288703,0.18371021603285276
32493,0.02870984053842187,0.15492602030269503,0.02870984053842187
32494,0.07951585848200789,0.7688627941813054,0.07951585848200789
32495,0.22636222724217187,0.4861569950776512,0.22636222724217187
32496,0.0470114026600155,0.3630779739070876,0.0470114026600155
32497,0.07872002617787788,0.18523229958077655,0.07872002617787788
32498,0.7373907077197024,0.7751532197237434,0.7373907077197024
32499,0.046345067319321566,0.3198117413331268,0.046345067319321566
32500,0.04430578284569456,0.12698120993342593,0.04430578284569456
32501,0.702904827466645,0.47232121007455474,0.702904827466645
32502,0.47008793846659735,0.3779519263998797,0.47008793846659735
32503,0.10139335086068714,0.23482512184382734,0.10139335086068714
32504,0.34709695688261993,0.2820710167712281,0.34709695688261993
32505,0.01590161589616906,0.4818058495965546,0.01590161589616906
32506,0.7643595846084461,0.8766429070563337,0.7643595846084461
32507,0.023072416612834698,0.23929606830559058,0.023072416612834698
32508,0.37362068536677523,0.6637342380822181,0.37362068536677523
32509,0.05071704143503576,0.7178713805159038,0.05071704143503576
32510,0.15862154812066812,0.8800612849844847,0.15862154812066812
32511,0.21259667659624534,0.18636600615016188,0.21259667659624534
32512,0.022393872494641757,0.09729542768349433,0.022393872494641757
32513,0.16658989231265697,0.28009933935849785,0.16658989231265697
32514,0.050250523178568186,0.2788934219980637,0.050250523178568186
32515,0.3218408925915242,0.1693523729648842,0.3218408925915242
32516,0.11249423995056962,0.2932310220789104,0.11249423995056962
32517,0.07633836438375848,0.19066779249258892,0.07633836438375848
32518,0.13422782986086132,0.21811956370244023,0.13422782986086132
32519,0.5075433036135443,0.9127969582369855,0.5075433036135443
32520,0.02957363833257328,0.2553159639195594,0.02957363833257328
32521,0.10843880430501958,0.4475106303001455,0.10843880430501958
32522,0.19340477639638556,0.4916584094646827,0.19340477639638556
32523,0.07921631627025776,0.5693637624442905,0.07921631627025776
32524,0.11027272928731895,0.3609539351379794,0.11027272928731895
32525,0.4156578593601476,0.6389328501808269,0.4156578593601476
32526,0.09435239521460173,0.6560528521604752,0.09435239521460173
32527,0.10254367694867257,0.2189655813406819,0.10254367694867257
32528,0.1733881650919956,0.7722325394221136,0.1733881650919956
32529,0.025266970210533826,0.20591257053452647,0.025266970210533826
32530,0.13594308109879136,0.6837703004578383,0.13594308109879136
32531,0.08138518882419232,0.29747568442839956,0.08138518882419232
32532,0.10127546678254556,0.37630453418130616,0.10127546678254556
32533,0.5837964541241237,0.8604558456047886,0.5837964541241237
32534,0.5565484399733281,0.6275500718608673,0.5565484399733281
32535,0.08354402003170777,0.08570413971646701,0.08354402003170777
32536,0.3301425202239181,0.1734126080586465,0.3301425202239181
32537,0.7580427646983103,0.6873344973182058,0.7580427646983103
32538,0.05858290403478411,0.09422479873082117,0.05858290403478411
32539,0.1550369374683434,0.09830953623756257,0.1550369374683434
32540,0.06755930965904619,0.12246418543536366,0.06755930965904619
32541,0.06431337667977577,0.2566870751557758,0.06431337667977577
32542,0.08731205381124323,0.44202411766478794,0.08731205381124323
32543,0.07858577186325387,0.2952241038735453,0.07858577186325387
32544,0.045162358583514556,0.22166474728297952,0.045162358583514556
32545,0.3130122632330045,0.8605286969949086,0.3130122632330045
32546,0.22795473864932658,0.18156600434882714,0.22795473864932658
32547,0.29813826424175344,0.9140215015013772,0.29813826424175344
32548,0.06741297746391896,0.25419004212741203,0.06741297746391896
32549,0.08158049733523577,0.15639583644234856,0.08158049733523577
32550,0.13748468762379787,0.81504196400601,0.13748468762379787
32551,0.14125431839044547,0.3665987996949071,0.14125431839044547
32552,0.5121200997476312,0.8230284031435667,0.5121200997476312
32553,0.011623601601422793,0.06512660661410064,0.011623601601422793
32554,0.5281063241125284,0.6105717704303569,0.5281063241125284
32555,0.06790403480108877,0.4654810618710942,0.06790403480108877
32556,0.5478948375452513,0.6179584548271394,0.5478948375452513
32557,0.07140012129976388,0.14932379387343261,0.07140012129976388
32558,0.18073392744202038,0.21806516829958475,0.18073392744202038
32559,0.06787497568726913,0.3339332878145683,0.06787497568726913
32560,0.8287067871364567,0.8919276822342068,0.8287067871364567
32561,0.09828357703888325,0.1953206517716031,0.09828357703888325
32562,0.07850383122262708,0.12692495503788465,0.07850383122262708
32563,0.3970469486663895,0.7253180828427626,0.3970469486663895
32564,0.24333024802327968,0.8875872078048096,0.24333024802327968
32565,0.05936516399647791,0.11527208200855613,0.05936516399647791
32566,0.027079412782027298,0.3426291626498976,0.027079412782027298
32567,0.14484080002165664,0.7919674389631133,0.14484080002165664
32568,0.07747796211511344,0.2439463849022514,0.07747796211511344
32569,0.1231078810337476,0.6778527723621404,0.1231078810337476
32570,0.025700987643877397,0.36309472573684426,0.025700987643877397
32571,0.43524076024975616,0.45538902719298063,0.43524076024975616
32572,0.08431577634231147,0.8063758730536827,0.08431577634231147
32573,0.09632018607567351,0.08207314425961815,0.09632018607567351
32574,0.10060323965943702,0.8733046635791006,0.10060323965943702
32575,0.04255318069864762,0.07947504094060126,0.04255318069864762
32576,0.10095890013811425,0.6094898575477242,0.10095890013811425
32577,0.025761479112954684,0.02124497095962923,0.025761479112954684
32578,0.11628750916150216,0.7556268415724012,0.11628750916150216
32579,0.6643742938630269,0.7381988677085917,0.6643742938630269
32580,0.2784209560069112,0.4854237639157019,0.2784209560069112
32581,0.11488737324569465,0.5136663646171645,0.11488737324569465
32582,0.15624726899345318,0.8914833179776478,0.15624726899345318
32583,0.06042006458222392,0.7364593788302292,0.06042006458222392
32584,0.6441869070116635,0.6955599974545223,0.6441869070116635
32585,0.06132241155895375,0.06762182615245521,0.06132241155895375
32586,0.11049850821243218,0.36870963074439583,0.11049850821243218
32587,0.04183878842436216,0.621086869462546,0.04183878842436216
32588,0.04972085509664856,0.23791384557242226,0.04972085509664856
32589,0.13406120061897878,0.5045185528187213,0.13406120061897878
32590,0.1925982496143652,0.13699835958834866,0.1925982496143652
32591,0.09222951788159345,0.7609151054589731,0.09222951788159345
32592,0.6951881910660035,0.4502097791043968,0.6951881910660035
32593,0.08879194753005616,0.6818511027350863,0.08879194753005616
32594,0.049620453021762975,0.3474889542521869,0.049620453021762975
32595,0.0630267110336721,0.6202648418461004,0.0630267110336721
32596,0.05471092202975693,0.27504500026978773,0.05471092202975693
32597,0.030863813132212422,0.6890439842177376,0.030863813132212422
32598,0.1570989393730941,0.30059553960717883,0.1570989393730941
32599,0.04684987269202868,0.2621890557470156,0.04684987269202868
32600,0.14979036135584514,0.34724750617088684,0.14979036135584514
32601,0.10530477878933815,0.5877306562724246,0.10530477878933815
32602,0.6636536463141015,0.8356493724339644,0.6636536463141015
32603,0.05542872570647051,0.15790093367510435,0.05542872570647051
32604,0.13047082332860657,0.3744943037559099,0.13047082332860657
32605,0.08987780077065131,0.20768895792025244,0.08987780077065131
32606,0.02920703527176862,0.3808557259530566,0.02920703527176862
32607,0.19175959129172984,0.641660667368919,0.19175959129172984
32608,0.04767907637713467,0.0757489468631228,0.04767907637713467
32609,0.4349111080841221,0.7316996758643884,0.4349111080841221
32610,0.7589394593648362,0.8523983806476801,0.7589394593648362
32611,0.551152718694433,0.9000730872542555,0.551152718694433
32612,0.057313651175271346,0.33325905108517284,0.057313651175271346
32613,0.08853565121848486,0.23786478221781818,0.08853565121848486
32614,0.20764032052999917,0.46048085035145214,0.20764032052999917
32615,0.13864774436711796,0.9046203618120975,0.13864774436711796
32616,0.10773204551810867,0.8173698837001413,0.10773204551810867
32617,0.11652975745521495,0.9115974909945781,0.11652975745521495
32618,0.3846145919641476,0.0981253628333524,0.3846145919641476
32619,0.09991008527639442,0.3521270651658737,0.09991008527639442
32620,0.33893076151627916,0.8151222393660487,0.33893076151627916
32621,0.038326894794579076,0.13252002297689594,0.038326894794579076
32622,0.10379012918537216,0.3668646121238327,0.10379012918537216
32623,0.03296903416205033,0.07694399306950835,0.03296903416205033
32624,0.35426226402150024,0.31026980965358036,0.35426226402150024
32625,0.09090738679435954,0.31727200180749826,0.09090738679435954
32626,0.09365043389990882,0.7215326717001753,0.09365043389990882
32627,0.03221664788477131,0.10595577876233822,0.03221664788477131
32628,0.6081793451199269,0.7716586472120285,0.6081793451199269
32629,0.048791704622435095,0.17429621571830162,0.048791704622435095
32630,0.3387284730860615,0.855990421315759,0.3387284730860615
32631,0.20710151051302822,0.7394481413017278,0.20710151051302822
32632,0.03831520687269216,0.03802795781780079,0.03831520687269216
32633,0.3683565678796805,0.5589621993448446,0.3683565678796805
32634,0.06854890526530524,0.1889142233383536,0.06854890526530524
32635,0.20676969403051915,0.31218581975157794,0.20676969403051915
32636,0.18813933327691007,0.37302256868979017,0.18813933327691007
32637,0.020328628935495006,0.15632287230658834,0.020328628935495006
32638,0.5298314619525354,0.7067138216507033,0.5298314619525354
32639,0.01311747716839753,0.11608044472052634,0.01311747716839753
32640,0.05209347693383214,0.7487797150593624,0.05209347693383214
32641,0.20200640536630568,0.6540426330534982,0.20200640536630568
32642,0.0786818045850787,0.26443393458847964,0.0786818045850787
32643,0.03340039737049486,0.5105463007299289,0.03340039737049486
32644,0.7689017408480159,0.7129872086940034,0.7689017408480159
32645,0.05830637840490053,0.38739703498816797,0.05830637840490053
32646,0.13307403981432941,0.7988089377171154,0.13307403981432941
32647,0.26590947125581577,0.5258927482411049,0.26590947125581577
32648,0.2747549995962379,0.4213509364018643,0.2747549995962379
32649,0.16442267731901186,0.5585684743845409,0.16442267731901186
32650,0.03902159904432712,0.2303954340769904,0.03902159904432712
32651,0.39813382075302634,0.4897295135858192,0.39813382075302634
32652,0.42533608937991485,0.2814910324185142,0.42533608937991485
32653,0.1860689128865283,0.6467423704305262,0.1860689128865283
32654,0.12946178183539517,0.6755065593040227,0.12946178183539517
32655,0.020750094770090582,0.4524584420615535,0.020750094770090582
32656,0.3999155202165002,0.4310007345926346,0.3999155202165002
32657,0.4804589197501461,0.25603459105086196,0.4804589197501461
32658,0.01943926965211616,0.13746961920225417,0.01943926965211616
32659,0.15682573123774374,0.4180268002419222,0.15682573123774374
32660,0.2218323575308058,0.6116786729246698,0.2218323575308058
32661,0.14792905701707837,0.8868971894188942,0.14792905701707837
32662,0.057779590555727865,0.08070099446955706,0.057779590555727865
32663,0.16339331706989424,0.8562138479682018,0.16339331706989424
32664,0.03186457968350632,0.09372016423319887,0.03186457968350632
32665,0.1431475543865577,0.8762294484957337,0.1431475543865577
32666,0.028671952908519906,0.419461361661663,0.028671952908519906
32667,0.5189349221487777,0.5551118740204275,0.5189349221487777
32668,0.026077561559895348,0.02291963620722389,0.026077561559895348
32669,0.03771428162244853,0.32401720217351726,0.03771428162244853
32670,0.38853530171002854,0.26712579515393814,0.38853530171002854
32671,0.02812755360668312,0.10896702857378086,0.02812755360668312
32672,0.34200787812900074,0.549412468392081,0.34200787812900074
32673,0.2808486904358835,0.3861278556075588,0.2808486904358835
32674,0.035647820010866874,0.15398737522564993,0.035647820010866874
32675,0.01990522302729693,0.10964283908906086,0.01990522302729693
32676,0.19180872712062438,0.8036532709922968,0.19180872712062438
32677,0.04617617470111332,0.5205713857092379,0.04617617470111332
32678,0.0296667022033705,0.41452454467524263,0.0296667022033705
32679,0.033320840429055386,0.10113403551868015,0.033320840429055386
32680,0.0383214191687769,0.03057501129232971,0.0383214191687769
32681,0.10935318679457207,0.35421320541164275,0.10935318679457207
32682,0.044703367302011174,0.8173326795447248,0.044703367302011174
32683,0.2790289891356329,0.28632004176102716,0.2790289891356329
32684,0.18433184623101917,0.08760970553529697,0.18433184623101917
32685,0.017452789528915612,0.16353154976001813,0.017452789528915612
32686,0.04611605181946641,0.14835897094966308,0.04611605181946641
32687,0.03391588450929643,0.1472170284114108,0.03391588450929643
32688,0.05830131877900505,0.23228448054574177,0.05830131877900505
32689,0.6891468898293687,0.9083161224733789,0.6891468898293687
32690,0.06279480647312201,0.3698929610081009,0.06279480647312201
32691,0.06589309032707481,0.24852873743633214,0.06589309032707481
32692,0.03811679544364089,0.2299225046968605,0.03811679544364089
32693,0.06781622579580028,0.10180510081540135,0.06781622579580028
32694,0.16745636970530528,0.27215137828584324,0.16745636970530528
32695,0.2693813235948185,0.8908281968554388,0.2693813235948185
32696,0.2782750356897865,0.4825144507098451,0.2782750356897865
32697,0.042821445057326456,0.08571379866962438,0.042821445057326456
32698,0.13552763956246677,0.5372732708232922,0.13552763956246677
32699,0.5431028593083276,0.1564334038483426,0.5431028593083276
32700,0.18190091342644532,0.3013246253780605,0.18190091342644532
32701,0.05526370782768163,0.16730527426932124,0.05526370782768163
32702,0.07598957487314285,0.4803877010189745,0.07598957487314285
32703,0.04779497269181798,0.05252366677312735,0.04779497269181798
32704,0.26893813808423,0.2062737982319411,0.26893813808423
32705,0.08557315642861896,0.15572916994908123,0.08557315642861896
32706,0.06736097399770982,0.5428666476804456,0.06736097399770982
32707,0.09487936758767104,0.3010228895403842,0.09487936758767104
32708,0.07412355983190733,0.25632267659981617,0.07412355983190733
32709,0.061937575847261506,0.3144715806685329,0.061937575847261506
32710,0.030627368152823818,0.19517522840093132,0.030627368152823818
32711,0.08381738701148217,0.5111858961883544,0.08381738701148217
32712,0.2064959879687324,0.3393295357506207,0.2064959879687324
32713,0.11579332725491838,0.2833000537520539,0.11579332725491838
32714,0.32637504296597125,0.7762755770518042,0.32637504296597125
32715,0.10099802246968571,0.3701813214270605,0.10099802246968571
32716,0.15431773603600848,0.2793154803392286,0.15431773603600848
32717,0.060848842199232214,0.5854068618242259,0.060848842199232214
32718,0.10027915663276812,0.1581989942966019,0.10027915663276812
32719,0.02341941510354665,0.07728313618340356,0.02341941510354665
32720,0.05814207472847793,0.6732848543755646,0.05814207472847793
32721,0.13741766441449102,0.5864375831927899,0.13741766441449102
32722,0.2609329557766244,0.6244720319210897,0.2609329557766244
32723,0.12836516040348586,0.17553433918417338,0.12836516040348586
32724,0.748288691289623,0.25500396247324963,0.748288691289623
32725,0.18703690667349387,0.5921005994180542,0.18703690667349387
32726,0.06999280272597837,0.5750022344607352,0.06999280272597837
32727,0.2816586633978382,0.4640621864864834,0.2816586633978382
32728,0.09161374469415796,0.24515939698754757,0.09161374469415796
32729,0.14164643835166768,0.2271180057365995,0.14164643835166768
32730,0.010446443302535949,0.0406555788321196,0.010446443302535949
32731,0.42230156949528297,0.9566571699087887,0.42230156949528297
32732,0.1121099738731389,0.5200513625179374,0.1121099738731389
32733,0.2025363093720431,0.365545555801266,0.2025363093720431
32734,0.08782017542284253,0.2751335629033162,0.08782017542284253
32735,0.03667920403293144,0.1540192216268854,0.03667920403293144
32736,0.1663460995232958,0.4193796296659101,0.1663460995232958
32737,0.0368933996472378,0.31689496592801275,0.0368933996472378
32738,0.24150870172573108,0.5280807567305252,0.24150870172573108
32739,0.09246118762052395,0.09221236812001402,0.09246118762052395
32740,0.0598914574938248,0.6132070718430143,0.0598914574938248
32741,0.03054597923306695,0.25302881222787066,0.03054597923306695
32742,0.08039335049649081,0.7077072987447823,0.08039335049649081
32743,0.010660404764416946,0.02782097999664373,0.010660404764416946
32744,0.05222378949731193,0.5367303415289216,0.05222378949731193
32745,0.42257545191561025,0.5115945498337581,0.42257545191561025
32746,0.6632717467416496,0.26284299192904254,0.6632717467416496
32747,0.028583817718533973,0.21730065999307924,0.028583817718533973
32748,0.23380918775278164,0.8660870680243017,0.23380918775278164
32749,0.057063071346809394,0.12016592550700285,0.057063071346809394
32750,0.28454112909091367,0.6924808308341861,0.28454112909091367
32751,0.02498507507617703,0.849862442208518,0.02498507507617703
32752,0.05044374381200271,0.25775206324592953,0.05044374381200271
32753,0.24974450762611358,0.37007741485418416,0.24974450762611358
32754,0.014142883248774057,0.03884221307721681,0.014142883248774057
32755,0.709910369805156,0.7641753894090778,0.709910369805156
32756,0.18753408550814332,0.5101645772023022,0.18753408550814332
32757,0.010511426959909465,0.010326552046355394,0.010511426959909465
32758,0.6327178524744569,0.8738962308852369,0.6327178524744569
32759,0.22019968319219663,0.7258983820551511,0.22019968319219663
32760,0.3066634037771327,0.42044988480097084,0.3066634037771327
32761,0.10410632694074014,0.6343182331183713,0.10410632694074014
32762,0.021522673209558817,0.07910194536576,0.021522673209558817
32763,0.05944295164803988,0.20939236668154548,0.05944295164803988
32764,0.07209185092201877,0.06077510833102409,0.07209185092201877
32765,0.034555169393747406,0.10306292431961538,0.034555169393747406
32766,0.06709051266625443,0.22668299083702168,0.06709051266625443
32767,0.08886160747996671,0.2364599190462554,0.08886160747996671
32768,0.02196520914772962,0.14535972472184733,0.02196520914772962
32769,0.026310466183336483,0.029956926436872332,0.026310466183336483
32770,0.21431386616506728,0.7893201847380047,0.21431386616506728
32771,0.04916697287985324,0.13121528642466812,0.04916697287985324
32772,0.09945338581339502,0.37932144395391265,0.09945338581339502
32773,0.029828090186467385,0.10691135267408748,0.029828090186467385
32774,0.11099626406702613,0.34136818896014093,0.11099626406702613
32775,0.08525756210072663,0.5998127757883623,0.08525756210072663
32776,0.040104751529204806,0.5242580358803852,0.040104751529204806
32777,0.3366907769032795,0.4891141097694019,0.3366907769032795
32778,0.15164990269082765,0.10977319176432965,0.15164990269082765
32779,0.4772041984442603,0.678891028611681,0.4772041984442603
32780,0.15115652872827257,0.16482584880532158,0.15115652872827257
32781,0.7218291474329983,0.46375990948025897,0.7218291474329983
32782,0.03613168886694538,0.8815156452754472,0.03613168886694538
32783,0.023323924882956565,0.28937929741355695,0.023323924882956565
32784,0.09740881117683743,0.2184541124857841,0.09740881117683743
32785,0.01568211475979648,0.07223004359213779,0.01568211475979648
32786,0.5472676234278717,0.4899145313655585,0.5472676234278717
32787,0.16762066199941636,0.7128929594393009,0.16762066199941636
32788,0.08631258604614554,0.3079623864792458,0.08631258604614554
32789,0.08860083473473082,0.6142247840869427,0.08860083473473082
32790,0.45444615527931964,0.20768733621437802,0.45444615527931964
32791,0.34712533141953195,0.9254335759618079,0.34712533141953195
32792,0.48428351248394325,0.6021052034818472,0.48428351248394325
32793,0.16460846010763344,0.19431720959074097,0.16460846010763344
32794,0.023394382418494904,0.13902511562234254,0.023394382418494904
32795,0.01862711406753503,0.0656875768432178,0.01862711406753503
32796,0.5479906483142051,0.25506855714667354,0.5479906483142051
32797,0.0536939456195125,0.1705277198156056,0.0536939456195125
32798,0.07646484740900737,0.424720715911498,0.07646484740900737
32799,0.13189261507581576,0.6633115495325935,0.13189261507581576
32800,0.009171965098413733,0.08039216671883159,0.009171965098413733
32801,0.4345802252977665,0.43242277837305565,0.4345802252977665
32802,0.6676765963390626,0.1941661842188587,0.6676765963390626
32803,0.11348933506283664,0.2492771183248683,0.11348933506283664
32804,0.3049123993871509,0.45327373067507365,0.3049123993871509
32805,0.0669016668282526,0.12892192142860007,0.0669016668282526
32806,0.17989534694689077,0.08122507875608587,0.17989534694689077
32807,0.030677568368115492,0.5650873445648251,0.030677568368115492
32808,0.06323614764637922,0.34231306604499556,0.06323614764637922
32809,0.12277870866051699,0.18114006610442676,0.12277870866051699
32810,0.2694634653644291,0.8977361147704407,0.2694634653644291
32811,0.05722398531187326,0.09871558886274168,0.05722398531187326
32812,0.040289783258792566,0.17642652883329915,0.040289783258792566
32813,0.019747155829732885,0.12488753829142302,0.019747155829732885
32814,0.1372681742695774,0.31653506320931357,0.1372681742695774
32815,0.29794841142081063,0.6417997011060936,0.29794841142081063
32816,0.12107899967156245,0.49702662753715215,0.12107899967156245
32817,0.09823328873147787,0.6328478520668642,0.09823328873147787
32818,0.384627098881961,0.628355407510819,0.384627098881961
32819,0.09499881896369994,0.11627656580819132,0.09499881896369994
32820,0.23023096190674835,0.2665523102179706,0.23023096190674835
32821,0.25360743137446273,0.34909561505491826,0.25360743137446273
32822,0.04451744234179673,0.39082299188538927,0.04451744234179673
32823,0.23444484945668187,0.6215506668043151,0.23444484945668187
32824,0.07083560674742745,0.4478607811790738,0.07083560674742745
32825,0.2662801356522696,0.19963006617763754,0.2662801356522696
32826,0.8145075755784459,0.8428964191597532,0.8145075755784459
32827,0.03522799263402765,0.5938713055704686,0.03522799263402765
32828,0.08467008408111007,0.6884558830505361,0.08467008408111007
32829,0.7221580568187794,0.8868917054899059,0.7221580568187794
32830,0.06779232474877106,0.22983113217116935,0.06779232474877106
32831,0.030405394528813107,0.08605702596932066,0.030405394528813107
32832,0.027175101376940475,0.5030753481320784,0.027175101376940475
32833,0.028076590425093965,0.17117066755366236,0.028076590425093965
32834,0.28398286936231143,0.7721684420988151,0.28398286936231143
32835,0.10335588256566382,0.7910917175469867,0.10335588256566382
32836,0.548193095098567,0.42369895195167134,0.548193095098567
32837,0.31927095680498113,0.38557185508933756,0.31927095680498113
32838,0.0889797707728817,0.5186586923016694,0.0889797707728817
32839,0.07452155393934681,0.34516395942043876,0.07452155393934681
32840,0.1196895407260918,0.10214426487556302,0.1196895407260918
32841,0.8388444154229847,0.5119134098330619,0.8388444154229847
32842,0.06344282663946259,0.10453966364431794,0.06344282663946259
32843,0.7037888774582501,0.8702133024494866,0.7037888774582501
32844,0.06359909480877314,0.22731369948711286,0.06359909480877314
32845,0.0218286960201925,0.15353192848216063,0.0218286960201925
32846,0.03149258428544033,0.2881353414277429,0.03149258428544033
32847,0.09760880630155269,0.3246515103786325,0.09760880630155269
32848,0.10700038024723492,0.26006323838146084,0.10700038024723492
32849,0.08044561127703088,0.23098932985155637,0.08044561127703088
32850,0.13502872644546182,0.4160104426774533,0.13502872644546182
32851,0.5173277199743187,0.2011629845748178,0.5173277199743187
32852,0.13207309918079418,0.6582716452669287,0.13207309918079418
32853,0.0819399729998189,0.36703537198559066,0.0819399729998189
32854,0.07249161601056356,0.47525523318719975,0.07249161601056356
32855,0.11021469798316978,0.27249378694446047,0.11021469798316978
32856,0.022137454946427583,0.9253164644923024,0.022137454946427583
32857,0.10406860705382943,0.5073148408608409,0.10406860705382943
32858,0.1270357096736963,0.19004754944562938,0.1270357096736963
32859,0.0936489357425665,0.4784614853312598,0.0936489357425665
32860,0.2861598217536682,0.8794378606186096,0.2861598217536682
32861,0.18506643445655022,0.9175528506477225,0.18506643445655022
32862,0.1018975568232873,0.20475407048422803,0.1018975568232873
32863,0.03726746558403148,0.13971539648063763,0.03726746558403148
32864,0.060768631603647386,0.12491312820806727,0.060768631603647386
32865,0.041600287378169176,0.19559275286796976,0.041600287378169176
32866,0.0591197699069684,0.045594033949899644,0.0591197699069684
32867,0.4718571132260751,0.48907919374344266,0.4718571132260751
32868,0.23010157065098374,0.4257718508042758,0.23010157065098374
32869,0.0764210817493462,0.4197750340846963,0.0764210817493462
32870,0.11298252172836352,0.4510539478387873,0.11298252172836352
32871,0.028308317088274325,0.3270667917855052,0.028308317088274325
32872,0.11652632878718039,0.44474687072478797,0.11652632878718039
32873,0.04086627216905403,0.19635538356409007,0.04086627216905403
32874,0.016939467226052073,0.12646078380876208,0.016939467226052073
32875,0.3252566166025125,0.09901477173669875,0.3252566166025125
32876,0.7406868867641517,0.7988172623201649,0.7406868867641517
32877,0.020793130931020243,0.020044445371494243,0.020793130931020243
32878,0.055541289793520285,0.13642069815053448,0.055541289793520285
32879,0.0353070666897134,0.12075978831922526,0.0353070666897134
32880,0.34134294195516646,0.47473331036267347,0.34134294195516646
32881,0.07780199389651295,0.3169339611805635,0.07780199389651295
32882,0.4111958632570082,0.33834368211346494,0.4111958632570082
32883,0.10280738287329726,0.6709157033156824,0.10280738287329726
32884,0.14726447633565493,0.3496815462982282,0.14726447633565493
32885,0.6001030943308009,0.5503863599972734,0.6001030943308009
32886,0.20274893885789239,0.24260224841862774,0.20274893885789239
32887,0.10279670971967496,0.772699911448081,0.10279670971967496
32888,0.07831408409071078,0.15201324338897373,0.07831408409071078
32889,0.28880171034792285,0.24595426904648351,0.28880171034792285
32890,0.03671270656411675,0.4254326966394434,0.03671270656411675
32891,0.6162985521523192,0.6669982493238272,0.6162985521523192
32892,0.15782289714776404,0.354686426067328,0.15782289714776404
32893,0.13030028224414422,0.2204200401843336,0.13030028224414422
32894,0.1979945112013718,0.047054841560416,0.1979945112013718
32895,0.20697899705904374,0.7570846588168123,0.20697899705904374
32896,0.09971451990177342,0.24305743180955647,0.09971451990177342
32897,0.05431638487645558,0.10787131732007235,0.05431638487645558
32898,0.48276478661819483,0.4730286228887034,0.48276478661819483
32899,0.6953962224202829,0.6247023670292745,0.6953962224202829
32900,0.13069267863898643,0.8300302826182163,0.13069267863898643
32901,0.23955564162564216,0.7434486176337514,0.23955564162564216
32902,0.14293487394262666,0.4785691291589087,0.14293487394262666
32903,0.2675335202856849,0.6432991790429271,0.2675335202856849
32904,0.01452978982509855,0.06930287575127783,0.01452978982509855
32905,0.027182370997201263,0.02664774072394692,0.027182370997201263
32906,0.22706945496203818,0.24391760259450265,0.22706945496203818
32907,0.6432588037114282,0.4587930837246786,0.6432588037114282
32908,0.6193162530612808,0.5849945587144324,0.6193162530612808
32909,0.11892597635736415,0.7258255341122062,0.11892597635736415
32910,0.031715288122211534,0.43883783037824337,0.031715288122211534
32911,0.18625226775509232,0.44424307427874676,0.18625226775509232
32912,0.17326310955265334,0.639463930260232,0.17326310955265334
32913,0.763101091077657,0.8166766698959859,0.763101091077657
32914,0.15308733975835723,0.8076005133429481,0.15308733975835723
32915,0.061314803206111476,0.5219953432017169,0.061314803206111476
32916,0.23312822151697188,0.6175680076056845,0.23312822151697188
32917,0.02773810821651725,0.6803332918286253,0.02773810821651725
32918,0.13304317132753743,0.7863245527870351,0.13304317132753743
32919,0.6147515484086907,0.10158087139204998,0.6147515484086907
32920,0.17457595863972472,0.4419702898195413,0.17457595863972472
32921,0.2941657715579507,0.29030957057510226,0.2941657715579507
32922,0.048659587969469675,0.07086578966072134,0.048659587969469675
32923,0.09680474365603622,0.8930451404843452,0.09680474365603622
32924,0.22504035465388267,0.7989447420070476,0.22504035465388267
32925,0.052963728433787154,0.34591438367703675,0.052963728433787154
32926,0.07130864005724119,0.1025763409607346,0.07130864005724119
32927,0.040454573339350035,0.17660325331897872,0.040454573339350035
32928,0.0858561929731789,0.2511843877845502,0.0858561929731789
32929,0.16423051378501616,0.2775368615017382,0.16423051378501616
32930,0.05121099355477267,0.6543196325620099,0.05121099355477267
32931,0.052934981598200315,0.20048919070022275,0.052934981598200315
32932,0.1388983286266802,0.3715181702399454,0.1388983286266802
32933,0.030024665696115355,0.05606073024450118,0.030024665696115355
32934,0.41082217876543536,0.3999448194561217,0.41082217876543536
32935,0.33818247683977487,0.5336345154506357,0.33818247683977487
32936,0.24198712770045536,0.2890484899964877,0.24198712770045536
32937,0.508533557563511,0.6011399698109565,0.508533557563511
32938,0.16814095700476908,0.14403143829101125,0.16814095700476908
32939,0.03760106505643439,0.063096692065335,0.03760106505643439
32940,0.30659343135509237,0.47193638971507484,0.30659343135509237
32941,0.062275211243999526,0.3593259546867219,0.062275211243999526
32942,0.0625224191306702,0.09579382141884273,0.0625224191306702
32943,0.07611560164955841,0.2108701095973001,0.07611560164955841
32944,0.23645179686509551,0.7980548539680912,0.23645179686509551
32945,0.266982827587525,0.18719436265756054,0.266982827587525
32946,0.0619126157061699,0.7157379761724871,0.0619126157061699
32947,0.05507941790680434,0.059854887396030856,0.05507941790680434
32948,0.3461950345329642,0.4199924937504915,0.3461950345329642
32949,0.11126618023833133,0.206938345089233,0.11126618023833133
32950,0.06432955189053728,0.6668379332193348,0.06432955189053728
32951,0.5285187139562931,0.27067993673931123,0.5285187139562931
32952,0.4564771062348217,0.4837720806559477,0.4564771062348217
32953,0.13175858231994483,0.6891778292224737,0.13175858231994483
32954,0.078881789386896,0.24543898619523702,0.078881789386896
32955,0.1292824077696618,0.4355544121957248,0.1292824077696618
32956,0.41161235929896767,0.4105195797155529,0.41161235929896767
32957,0.019991106277891885,0.3837196455760658,0.019991106277891885
32958,0.06585252269259398,0.6142787829813685,0.06585252269259398
32959,0.07017050319097412,0.13404818488977294,0.07017050319097412
32960,0.08009922097150599,0.6109179585892944,0.08009922097150599
32961,0.37161792280448586,0.5768969566930562,0.37161792280448586
32962,0.1357872238297839,0.1529032903804541,0.1357872238297839
32963,0.09072769513213905,0.4508257272857265,0.09072769513213905
32964,0.038216211246916924,0.3687000791877363,0.038216211246916924
32965,0.5757262017920747,0.5140061017466013,0.5757262017920747
32966,0.09613222767091631,0.6596877265331302,0.09613222767091631
32967,0.07659847915787732,0.3403155162767571,0.07659847915787732
32968,0.053530380654194985,0.3671382901177697,0.053530380654194985
32969,0.23918417148980323,0.695061505707575,0.23918417148980323
32970,0.06697534225419147,0.15112591621451454,0.06697534225419147
32971,0.02716386716449091,0.11160657434004762,0.02716386716449091
32972,0.0395906080928665,0.09629968123202148,0.0395906080928665
32973,0.4680848592100747,0.694855197501558,0.4680848592100747
32974,0.07135628888038326,0.12297963724904527,0.07135628888038326
32975,0.5022010101965774,0.5038360729123514,0.5022010101965774
32976,0.03699113556114391,0.5181821151440555,0.03699113556114391
32977,0.11692137421627921,0.2484146431979955,0.11692137421627921
32978,0.05911704640175079,0.5099754266694835,0.05911704640175079
32979,0.12051555249421327,0.6013692137094747,0.12051555249421327
32980,0.17093617678090198,0.3258676394956145,0.17093617678090198
32981,0.018002626056654304,0.09263004332308417,0.018002626056654304
32982,0.08505831403783853,0.6978192076841844,0.08505831403783853
32983,0.7624876525406431,0.5903396136400936,0.7624876525406431
32984,0.5362080047378125,0.8007033724875446,0.5362080047378125
32985,0.142789330620768,0.3997279825169594,0.142789330620768
32986,0.09186923986889327,0.8093029895095168,0.09186923986889327
32987,0.146350850246706,0.5365321690538803,0.146350850246706
32988,0.03677050795721968,0.3004321264032249,0.03677050795721968
32989,0.04646589716491249,0.09475265850058803,0.04646589716491249
32990,0.7257780319081366,0.8767670919349313,0.7257780319081366
32991,0.02839340611418917,0.08645500984179191,0.02839340611418917
32992,0.6929039044807243,0.4199343839866565,0.6929039044807243
32993,0.03079113914579468,0.1660611622444479,0.03079113914579468
32994,0.09427166006654293,0.25146472415614995,0.09427166006654293
32995,0.2084800604686991,0.834916859480657,0.2084800604686991
32996,0.1596596480572417,0.6929067806472631,0.1596596480572417
32997,0.1956374388957773,0.3120072406613745,0.1956374388957773
32998,0.09332821928617721,0.07906784869757238,0.09332821928617721
32999,0.0465755519747811,0.3613921084919856,0.0465755519747811
33000,0.042002416684842,0.150344513052672,0.042002416684842
33001,0.18976173858571377,0.7203284704718197,0.18976173858571377
33002,0.11126733752207572,0.6587695373845532,0.11126733752207572
33003,0.04932751532893824,0.5923685831181399,0.04932751532893824
33004,0.09146922925917435,0.5418466255758612,0.09146922925917435
33005,0.19540086270460066,0.3311550266376754,0.19540086270460066
33006,0.6120300253936118,0.4254924778514319,0.6120300253936118
33007,0.05867287724821043,0.19048060777198084,0.05867287724821043
33008,0.05386396742102312,0.10899318455604545,0.05386396742102312
33009,0.6942388985512572,0.3397206083813506,0.6942388985512572
33010,0.5496008316532727,0.46929521958005094,0.5496008316532727
33011,0.1649317697686389,0.7301655595639693,0.1649317697686389
33012,0.047512796435006804,0.13846350057540882,0.047512796435006804
33013,0.10166243874846521,0.841766850275614,0.10166243874846521
33014,0.09553119829390473,0.9515409929844886,0.09553119829390473
33015,0.0635808121436484,0.19666808757982274,0.0635808121436484
33016,0.05217611881693512,0.3877502906347556,0.05217611881693512
33017,0.6208488819314686,0.6721365052154229,0.6208488819314686
33018,0.2397493897285703,0.5110132115720187,0.2397493897285703
33019,0.7288893753684529,0.9043372093898909,0.7288893753684529
33020,0.24270686738895866,0.22070631958766732,0.24270686738895866
33021,0.017247079710461983,0.11734282171662902,0.017247079710461983
33022,0.8733029013761845,0.8523723379489869,0.8733029013761845
33023,0.053769071840935045,0.04631482251604629,0.053769071840935045
33024,0.023881182917967005,0.711104270468602,0.023881182917967005
33025,0.18929198841225184,0.7537689796345068,0.18929198841225184
33026,0.800753370251091,0.803373471173041,0.800753370251091
33027,0.05726467799583583,0.5671182242943091,0.05726467799583583
33028,0.21800214079744187,0.4194558500539616,0.21800214079744187
33029,0.38025060322099463,0.6303854284822992,0.38025060322099463
33030,0.06500284978451576,0.2117160615948178,0.06500284978451576
33031,0.06197742198767295,0.32674200435889533,0.06197742198767295
33032,0.14637240329397574,0.749909799196866,0.14637240329397574
33033,0.0379382278416352,0.5729726739825689,0.0379382278416352
33034,0.010176900858935427,0.07148351447582289,0.010176900858935427
33035,0.01923226790565304,0.01812724753538624,0.01923226790565304
33036,0.023111682484711505,0.44780301606488715,0.023111682484711505
33037,0.3565988406302987,0.710711244184304,0.3565988406302987
33038,0.08429507344900475,0.5487354241439303,0.08429507344900475
33039,0.07921535645261604,0.12202210964047325,0.07921535645261604
33040,0.2167745937084231,0.548687358180168,0.2167745937084231
33041,0.06284539396075622,0.09133551201361259,0.06284539396075622
33042,0.03483517777962482,0.13055222036274386,0.03483517777962482
33043,0.023200729191066888,0.06099154206639964,0.023200729191066888
33044,0.046143571469807784,0.04107777050017804,0.046143571469807784
33045,0.025610449825721516,0.02674234556360587,0.025610449825721516
33046,0.28450096076313836,0.24753398836349555,0.28450096076313836
33047,0.20719199264648672,0.7807665446808767,0.20719199264648672
33048,0.5459808050174844,0.6839107155531754,0.5459808050174844
33049,0.0792564473008339,0.26598564253021056,0.0792564473008339
33050,0.19007961775052662,0.6758225360945777,0.19007961775052662
33051,0.01461306353357757,0.01325879096809611,0.01461306353357757
33052,0.7122449106616037,0.9156797132898794,0.7122449106616037
33053,0.024437066845668605,0.42962889938878623,0.024437066845668605
33054,0.10960293172547958,0.4972157316116834,0.10960293172547958
33055,0.10134242415004355,0.7959181729019934,0.10134242415004355
33056,0.17260604895748266,0.7180067246203377,0.17260604895748266
33057,0.058792035513762206,0.15193651584634363,0.058792035513762206
33058,0.20029528608344993,0.4928755921543667,0.20029528608344993
33059,0.16670000429374654,0.33391625207956666,0.16670000429374654
33060,0.36126269957974944,0.5797467879128886,0.36126269957974944
33061,0.09641878102767888,0.11571404758319419,0.09641878102767888
33062,0.07680062127221121,0.5100584221347794,0.07680062127221121
33063,0.013932475808623841,0.031212766776987467,0.013932475808623841
33064,0.07847481835325885,0.02646556266446146,0.07847481835325885
33065,0.40893147224675275,0.766476696075837,0.40893147224675275
33066,0.13356320441631778,0.281245975665552,0.13356320441631778
33067,0.07916734060836347,0.25298232708778284,0.07916734060836347
33068,0.043674837350859246,0.12335599733529116,0.043674837350859246
33069,0.03532605529077556,0.20616048507151738,0.03532605529077556
33070,0.05608641931122545,0.5397171258941228,0.05608641931122545
33071,0.3380425687593141,0.9177789515071145,0.3380425687593141
33072,0.18506235376075347,0.8645443749611803,0.18506235376075347
33073,0.12836944603025777,0.7176477107677407,0.12836944603025777
33074,0.02032518826814603,0.25190969928582346,0.02032518826814603
33075,0.07888229588111101,0.24445159938751335,0.07888229588111101
33076,0.0675159180275512,0.35547150519959836,0.0675159180275512
33077,0.37737499319109147,0.9183732493103348,0.37737499319109147
33078,0.15073347375405197,0.6952346695627853,0.15073347375405197
33079,0.04294968574938826,0.09653717144756317,0.04294968574938826
33080,0.12343146183228706,0.16511912292162179,0.12343146183228706
33081,0.046527132644751966,0.32758772012458875,0.046527132644751966
33082,0.20047379265246357,0.7274046289830807,0.20047379265246357
33083,0.6560471857043616,0.8850493847258829,0.6560471857043616
33084,0.31809066208254266,0.5083045721200475,0.31809066208254266
33085,0.18291324964190098,0.5875293321117632,0.18291324964190098
33086,0.0515030472995668,0.5842462631559198,0.0515030472995668
33087,0.03232126001875064,0.20476732547314813,0.03232126001875064
33088,0.13216759060920447,0.30495219177326943,0.13216759060920447
33089,0.0473265624920204,0.46216369058771106,0.0473265624920204
33090,0.06962505511650516,0.29999806049733846,0.06962505511650516
33091,0.1361588518290647,0.5896108329648126,0.1361588518290647
33092,0.32129300660670085,0.40839802408786086,0.32129300660670085
33093,0.10788833141216382,0.08071613130798042,0.10788833141216382
33094,0.2308289273580157,0.820466690413087,0.2308289273580157
33095,0.6150500307757909,0.6681787762031656,0.6150500307757909
33096,0.05475510061564093,0.057329444702449925,0.05475510061564093
33097,0.13165393057161875,0.5751161139784903,0.13165393057161875
33098,0.3905792062245637,0.6892588546361638,0.3905792062245637
33099,0.08628233133544926,0.2624131976117211,0.08628233133544926
33100,0.03515819104237436,0.12210538949374453,0.03515819104237436
33101,0.019502984695662053,0.11252039511811385,0.019502984695662053
33102,0.4924736804354179,0.5512712283387942,0.4924736804354179
33103,0.021493523696871672,0.5861078493600081,0.021493523696871672
33104,0.021978608195411416,0.4975267955187998,0.021978608195411416
33105,0.05810708972855434,0.0920378667743824,0.05810708972855434
33106,0.05481342054475125,0.4134129519863111,0.05481342054475125
33107,0.017811813803003795,0.1509650153217136,0.017811813803003795
33108,0.043548480646391746,0.18028268081819077,0.043548480646391746
33109,0.0620411653249454,0.5938993179529621,0.0620411653249454
33110,0.020381193859653677,0.06120892573118475,0.020381193859653677
33111,0.009005102440976524,0.09451425734933357,0.009005102440976524
33112,0.04362012941219054,0.48215547265557257,0.04362012941219054
33113,0.12034565793252601,0.8410741141479691,0.12034565793252601
33114,0.7830255006997101,0.941241045261066,0.7830255006997101
33115,0.6484700861082666,0.4476630473515688,0.6484700861082666
33116,0.3386084605703324,0.4880280140360715,0.3386084605703324
33117,0.11774635961221663,0.8328626871537127,0.11774635961221663
33118,0.13278058841768012,0.40969273610903983,0.13278058841768012
33119,0.4396173283904286,0.28091038316169825,0.4396173283904286
33120,0.1967968661747466,0.11549025013578254,0.1967968661747466
33121,0.316688010125113,0.8971716742728448,0.316688010125113
33122,0.07888383451970322,0.8001509666999918,0.07888383451970322
33123,0.05763178869816831,0.12643299521421394,0.05763178869816831
33124,0.03679983981801025,0.03335089026694844,0.03679983981801025
33125,0.1482601578761822,0.5366229773338129,0.1482601578761822
33126,0.09108392679049973,0.5149391697014976,0.09108392679049973
33127,0.24204942561256707,0.4160855968765977,0.24204942561256707
33128,0.033227880416203184,0.09539661349534734,0.033227880416203184
33129,0.4640148817608026,0.5253507333010117,0.4640148817608026
33130,0.028936326062805242,0.30294685432169405,0.028936326062805242
33131,0.0361975772672161,0.29955919857346697,0.0361975772672161
33132,0.4136519160239218,0.8593905161805481,0.4136519160239218
33133,0.21015253342183873,0.7928406013623915,0.21015253342183873
33134,0.03211632315796003,0.06592624043111245,0.03211632315796003
33135,0.23161358659343587,0.6496106479061904,0.23161358659343587
33136,0.8781886186965798,0.2955013179206475,0.8781886186965798
33137,0.08935347708999158,0.349884047837698,0.08935347708999158
33138,0.35093381409395824,0.8211397426434058,0.35093381409395824
33139,0.044623607901557914,0.2557336891732391,0.044623607901557914
33140,0.024641184683028592,0.026163094908658514,0.024641184683028592
33141,0.2103195573700617,0.4495619525418985,0.2103195573700617
33142,0.016736195508339533,0.22081557220959855,0.016736195508339533
33143,0.23972945506351712,0.26822942210751194,0.23972945506351712
33144,0.35861745370116493,0.38069960224442306,0.35861745370116493
33145,0.11177021895005539,0.7282045973704491,0.11177021895005539
33146,0.2375610562976322,0.3573765089403427,0.2375610562976322
33147,0.03658214671814777,0.0734109411767104,0.03658214671814777
33148,0.4131017505826459,0.6229323336105961,0.4131017505826459
33149,0.3929568849354997,0.31547832658312347,0.3929568849354997
33150,0.06821609448567108,0.4826202517370022,0.06821609448567108
33151,0.039715271118674685,0.025828684808715204,0.039715271118674685
33152,0.08947920615626723,0.7809238946017424,0.08947920615626723
33153,0.18192619663109,0.45236279912049027,0.18192619663109
33154,0.08577071266036125,0.6896358013003002,0.08577071266036125
33155,0.12288325302282256,0.3352322650096445,0.12288325302282256
33156,0.2048331052990638,0.4866880997439665,0.2048331052990638
33157,0.09397654799915242,0.6253003171392371,0.09397654799915242
33158,0.032795147028869,0.20821810019549225,0.032795147028869
33159,0.048785308047472144,0.11877296757081238,0.048785308047472144
33160,0.23732732233770829,0.26788783907784197,0.23732732233770829
33161,0.013438381733277334,0.08910563518298134,0.013438381733277334
33162,0.03236732926759201,0.008769859478511742,0.03236732926759201
33163,0.052858701480200755,0.11388365827709906,0.052858701480200755
33164,0.0675483907113432,0.4260768634275356,0.0675483907113432
33165,0.1596115332483145,0.571540571090686,0.1596115332483145
33166,0.043076017113834006,0.35155306202521935,0.043076017113834006
33167,0.19601905483962195,0.45060529502447455,0.19601905483962195
33168,0.08385616427405213,0.08954056551909846,0.08385616427405213
33169,0.07003409930609404,0.4311626152763674,0.07003409930609404
33170,0.14253653741769484,0.5726805908302156,0.14253653741769484
33171,0.4273469171868411,0.7168635446817284,0.4273469171868411
33172,0.8924062560795863,0.7946982274974675,0.8924062560795863
33173,0.07964624278429824,0.8413609677393356,0.07964624278429824
33174,0.022275987610072163,0.019100277386130217,0.022275987610072163
33175,0.0435338978178812,0.2032375055973605,0.0435338978178812
33176,0.06408094250096184,0.7692218205177798,0.06408094250096184
33177,0.057125743979146215,0.9331398473829555,0.057125743979146215
33178,0.06058902384212619,0.13568497918721387,0.06058902384212619
33179,0.17876563021687125,0.07768687267146243,0.17876563021687125
33180,0.023079432702187347,0.12336108599282385,0.023079432702187347
33181,0.36762033502155267,0.13959876376392563,0.36762033502155267
33182,0.07876438959984529,0.3178115336361668,0.07876438959984529
33183,0.06703936316457394,0.39147147005200617,0.06703936316457394
33184,0.07325565053844058,0.2433789570403468,0.07325565053844058
33185,0.09268150374527982,0.29885458184875074,0.09268150374527982
33186,0.04133875308867283,0.8823484768151404,0.04133875308867283
33187,0.10963939415552387,0.663933345522352,0.10963939415552387
33188,0.031163821524580623,0.6183524263950639,0.031163821524580623
33189,0.131970603309455,0.07818859852199667,0.131970603309455
33190,0.02223160366051353,0.030765361289471375,0.02223160366051353
33191,0.13097329481425815,0.13440152983623704,0.13097329481425815
33192,0.08360275925772775,0.12862557121723545,0.08360275925772775
33193,0.19236390481674584,0.38418289500543057,0.19236390481674584
33194,0.15322276151401362,0.7919706706484971,0.15322276151401362
33195,0.054543882938689815,0.528180041533876,0.054543882938689815
33196,0.11464572580687164,0.2118211564549195,0.11464572580687164
33197,0.11407139936320662,0.5033943482743307,0.11407139936320662
33198,0.26285846677548863,0.5831918107528468,0.26285846677548863
33199,0.14465081424565532,0.11946445807516984,0.14465081424565532
33200,0.16019423197020824,0.628158523717774,0.16019423197020824
33201,0.7216066202698368,0.44322241981132837,0.7216066202698368
33202,0.02456180563112084,0.06783423553302764,0.02456180563112084
33203,0.44738370926373544,0.32897211808798693,0.44738370926373544
33204,0.09660916261597013,0.7459320029090635,0.09660916261597013
33205,0.03834762330569513,0.1400195853901268,0.03834762330569513
33206,0.38300332588554115,0.9337551642546176,0.38300332588554115
33207,0.024742984893566296,0.056749068282746264,0.024742984893566296
33208,0.4082572256939419,0.6953867201691183,0.4082572256939419
33209,0.08097552561184751,0.7332652405941001,0.08097552561184751
33210,0.07128552886499005,0.43521467228469685,0.07128552886499005
33211,0.046241408972238794,0.20020899417482016,0.046241408972238794
33212,0.008664054776837187,0.042885165548693024,0.008664054776837187
33213,0.18376621399448195,0.33609202748082045,0.18376621399448195
33214,0.025776795969321108,0.038337316927379086,0.025776795969321108
33215,0.04177899326590308,0.041373452020446094,0.04177899326590308
33216,0.07004750996238966,0.27026847367253576,0.07004750996238966
33217,0.047252610962455324,0.7658096629062693,0.047252610962455324
33218,0.06132304433837447,0.6290783614833627,0.06132304433837447
33219,0.1897719925122382,0.13936456846366257,0.1897719925122382
33220,0.03169471005002117,0.05883038168197953,0.03169471005002117
33221,0.3683246248444901,0.7386255478341567,0.3683246248444901
33222,0.6258160340018477,0.37225968057692166,0.6258160340018477
33223,0.5079510367447982,0.5299086730112482,0.5079510367447982
33224,0.16209614833071753,0.7073092364056067,0.16209614833071753
33225,0.5044513367466114,0.5831403773509358,0.5044513367466114
33226,0.09671564770586598,0.2305061599693294,0.09671564770586598
33227,0.042547742885002925,0.1257559987874588,0.042547742885002925
33228,0.46436898228784074,0.4711695042056536,0.46436898228784074
33229,0.154993805889002,0.5848187453011306,0.154993805889002
33230,0.02402912907862513,0.061292890835891886,0.02402912907862513
33231,0.014405466278651042,0.05757753388914415,0.014405466278651042
33232,0.032446493004330945,0.10346777923772532,0.032446493004330945
33233,0.33357934850376564,0.11367418985126768,0.33357934850376564
33234,0.5112532934424734,0.4575136291571125,0.5112532934424734
33235,0.13264250986076564,0.48363336539488183,0.13264250986076564
33236,0.07548180528025746,0.32854578102522464,0.07548180528025746
33237,0.11752044442863499,0.18969621521005775,0.11752044442863499
33238,0.048920308819717845,0.13739754702195645,0.048920308819717845
33239,0.2684883709165988,0.5834822549756241,0.2684883709165988
33240,0.4905509484162231,0.4783077764145171,0.4905509484162231
33241,0.529205044189256,0.7246327459668395,0.529205044189256
33242,0.04992591631655296,0.4638815642335983,0.04992591631655296
33243,0.6827052304147199,0.8617615219728844,0.6827052304147199
33244,0.5076849760800232,0.8082810695707234,0.5076849760800232
33245,0.16714412893317196,0.46299411261450346,0.16714412893317196
33246,0.8168620402615828,0.9457470822890446,0.8168620402615828
33247,0.031158952443381894,0.022799454678955028,0.031158952443381894
33248,0.21287237578543636,0.4509789420654004,0.21287237578543636
33249,0.008572580448747947,0.030364581716461978,0.008572580448747947
33250,0.13219202387825774,0.24596909106973036,0.13219202387825774
33251,0.049516673139571574,0.09743972018048515,0.049516673139571574
33252,0.5324831245711772,0.7694600603838959,0.5324831245711772
33253,0.6376453717743094,0.7992733485208213,0.6376453717743094
33254,0.044433506877733134,0.6801074518687744,0.044433506877733134
33255,0.02770318035885028,0.7557951726185723,0.02770318035885028
33256,0.17850307808924643,0.20066771486311769,0.17850307808924643
33257,0.028440260610750296,0.0881471576071559,0.028440260610750296
33258,0.09149969261099136,0.33466756367310246,0.09149969261099136
33259,0.14188261349113973,0.6394677658778299,0.14188261349113973
33260,0.37446870154754297,0.3870918275338074,0.37446870154754297
33261,0.17381983991875855,0.7281285178742513,0.17381983991875855
33262,0.4345896773038579,0.8748351921756417,0.4345896773038579
33263,0.05331706200170706,0.18899329629452244,0.05331706200170706
33264,0.12521861584163627,0.9445965371901802,0.12521861584163627
33265,0.06543798507203061,0.663961421654084,0.06543798507203061
33266,0.011757598198171954,0.0773364447007574,0.011757598198171954
33267,0.12736984442402113,0.5607822477042189,0.12736984442402113
33268,0.40967459216592134,0.716502421329486,0.40967459216592134
33269,0.04407156175666444,0.744948145594984,0.04407156175666444
33270,0.10263370290826611,0.16933557171801444,0.10263370290826611
33271,0.2052734076025492,0.2617867181534611,0.2052734076025492
33272,0.3029917528133301,0.9236128033828327,0.3029917528133301
33273,0.13150147807674648,0.7534228268742897,0.13150147807674648
33274,0.018762653874407887,0.14368859488030308,0.018762653874407887
33275,0.5250526749989539,0.7987637264568476,0.5250526749989539
33276,0.29702201584316446,0.5115407550464485,0.29702201584316446
33277,0.09847789770642913,0.25761618970911265,0.09847789770642913
33278,0.03353132037898092,0.06482288094634164,0.03353132037898092
33279,0.21264233240466632,0.22277233076560418,0.21264233240466632
33280,0.48226639552832445,0.9032804304830736,0.48226639552832445
33281,0.02110790525110261,0.03573246413359818,0.02110790525110261
33282,0.10215451145012941,0.8597415288140158,0.10215451145012941
33283,0.1216734055936518,0.6043939868675812,0.1216734055936518
33284,0.06333460439977727,0.18441762358844913,0.06333460439977727
33285,0.4784504925372896,0.41093870686496814,0.4784504925372896
33286,0.02561861982101685,0.36119968197122704,0.02561861982101685
33287,0.47753819515852425,0.6672673250560667,0.47753819515852425
33288,0.056819966222030324,0.07712686398064365,0.056819966222030324
33289,0.160367513100161,0.08753411916665359,0.160367513100161
33290,0.23981673852708513,0.6898609186117592,0.23981673852708513
33291,0.04052018525281008,0.16925159132207757,0.04052018525281008
33292,0.06988579837583146,0.0904955634034884,0.06988579837583146
33293,0.1791684149371105,0.3604584044880304,0.1791684149371105
33294,0.18370433260137758,0.39504193123948544,0.18370433260137758
33295,0.24402083789132845,0.4353624047841064,0.24402083789132845
33296,0.14660186537978737,0.4931361792021684,0.14660186537978737
33297,0.16798239728797587,0.16765406163517615,0.16798239728797587
33298,0.0700189169713739,0.03147405847637039,0.0700189169713739
33299,0.2833216845758546,0.13804873842300494,0.2833216845758546
33300,0.49569975472614547,0.8687158753485309,0.49569975472614547
33301,0.12720284050858968,0.7048241577111113,0.12720284050858968
33302,0.10300726555867457,0.2668102407465366,0.10300726555867457
33303,0.4505331878767492,0.7270701692247273,0.4505331878767492
33304,0.12704406306779736,0.5972818756303819,0.12704406306779736
33305,0.1775182871378634,0.5119931971309325,0.1775182871378634
33306,0.010195972969329909,0.012111060626519692,0.010195972969329909
33307,0.04913446512843133,0.051396268279743494,0.04913446512843133
33308,0.015274165234821016,0.24601195600972853,0.015274165234821016
33309,0.054409584082709087,0.2547819138274865,0.054409584082709087
33310,0.018151240542517138,0.03825748139362511,0.018151240542517138
33311,0.04611560346386538,0.3066441636683082,0.04611560346386538
33312,0.008849215121091622,0.0839651508809412,0.008849215121091622
33313,0.141075352792041,0.3840591886801384,0.141075352792041
33314,0.09644370446591093,0.2716480297096497,0.09644370446591093
33315,0.07802043162062518,0.3045756543330665,0.07802043162062518
33316,0.06219434274382451,0.450725197911353,0.06219434274382451
33317,0.012276808121822524,0.23316136080041922,0.012276808121822524
33318,0.29416942532570833,0.7831470266625352,0.29416942532570833
33319,0.13341810682185995,0.6002066923427964,0.13341810682185995
33320,0.180332979555586,0.2984206508024177,0.180332979555586
33321,0.08345031485069307,0.2627887924834224,0.08345031485069307
33322,0.07843430548142724,0.0961387866391179,0.07843430548142724
33323,0.0734868661221784,0.4757543332072808,0.0734868661221784
33324,0.06402557698381926,0.1999670001031204,0.06402557698381926
33325,0.2346524635266768,0.23207186303697522,0.2346524635266768
33326,0.2768142386403379,0.3461582030325789,0.2768142386403379
33327,0.06690423666120868,0.11148586194188687,0.06690423666120868
33328,0.1495453215294335,0.24809513351305706,0.1495453215294335
33329,0.13630327061350078,0.3072039003235277,0.13630327061350078
33330,0.05948108654517852,0.32433690952042177,0.05948108654517852
33331,0.10267778979616472,0.4870016805083303,0.10267778979616472
33332,0.35146744844411165,0.27162332529766947,0.35146744844411165
33333,0.04144765860610871,0.10709021884360462,0.04144765860610871
33334,0.12824450437236246,0.36231218382752817,0.12824450437236246
33335,0.4150802881657856,0.45461497876381063,0.4150802881657856
33336,0.07131817654073953,0.6305672543954105,0.07131817654073953
33337,0.0886345723995354,0.5682716898639106,0.0886345723995354
33338,0.0345440848795777,0.1365355709931212,0.0345440848795777
33339,0.04393432985022724,0.15859586753664073,0.04393432985022724
33340,0.06156621213857629,0.12927866565470572,0.06156621213857629
33341,0.27919863569423015,0.4942641783763095,0.27919863569423015
33342,0.6607453345152393,0.633932051682347,0.6607453345152393
33343,0.085226981100235,0.8292768245513523,0.085226981100235
33344,0.1789095585597681,0.47142047208666593,0.1789095585597681
33345,0.08339153499960632,0.38245442377334626,0.08339153499960632
33346,0.06068474158260087,0.5940764237081769,0.06068474158260087
33347,0.7613247126289003,0.2935002065458365,0.7613247126289003
33348,0.11249990522633103,0.44039983712617636,0.11249990522633103
33349,0.04178795308382357,0.23474681311622214,0.04178795308382357
33350,0.06570381311593912,0.2119140986874684,0.06570381311593912
33351,0.09788957989137156,0.29318987213306635,0.09788957989137156
33352,0.3131439827833363,0.2941895242326435,0.3131439827833363
33353,0.08735895385996227,0.33043315582145205,0.08735895385996227
33354,0.5805926915051688,0.6092124383441022,0.5805926915051688
33355,0.5423717700724376,0.7827197677663302,0.5423717700724376
33356,0.08119027661608061,0.25572995922947833,0.08119027661608061
33357,0.8508965180161843,0.7802566862823679,0.8508965180161843
33358,0.6064527448969631,0.814358947665109,0.6064527448969631
33359,0.1745112524772788,0.6781287755490656,0.1745112524772788
33360,0.10545802266280518,0.05220264189891479,0.10545802266280518
33361,0.5671122585861431,0.22149342172433678,0.5671122585861431
33362,0.008969748615989497,0.020499565793638052,0.008969748615989497
33363,0.1500595036769197,0.6950453917852247,0.1500595036769197
33364,0.05131389703414559,0.401825773636127,0.05131389703414559
33365,0.6844116948845907,0.5763289380055081,0.6844116948845907
33366,0.06781583682030112,0.5992204283817026,0.06781583682030112
33367,0.19661807117629906,0.8142930251910789,0.19661807117629906
33368,0.09007096816566433,0.3592125210782586,0.09007096816566433
33369,0.09782344899709856,0.34047939416481293,0.09782344899709856
33370,0.09121815355980552,0.4347800281841554,0.09121815355980552
33371,0.6198742154545621,0.4998991220021882,0.6198742154545621
33372,0.06206032659729609,0.6151756501184789,0.06206032659729609
33373,0.15768489045322398,0.30617353941098835,0.15768489045322398
33374,0.030570558542786338,0.11140681693723246,0.030570558542786338
33375,0.04027033898424756,0.10471187267165616,0.04027033898424756
33376,0.03235003917741025,0.24913849937364405,0.03235003917741025
33377,0.12257025535026758,0.7275472339589822,0.12257025535026758
33378,0.0963348012801044,0.28207208110917215,0.0963348012801044
33379,0.07347133615518497,0.6307300655634205,0.07347133615518497
33380,0.33899729364319553,0.45926270160974814,0.33899729364319553
33381,0.31019835963455095,0.5613937206414747,0.31019835963455095
33382,0.3965006141173506,0.6356448571258562,0.3965006141173506
33383,0.020182536031471996,0.18036990417650706,0.020182536031471996
33384,0.029056462811981102,0.22282926107056944,0.029056462811981102
33385,0.3954121405171574,0.797093394814713,0.3954121405171574
33386,0.06672394382671698,0.13036972137159797,0.06672394382671698
33387,0.036790909460908724,0.06956079366793153,0.036790909460908724
33388,0.05704220715635472,0.5227415743176609,0.05704220715635472
33389,0.04225356769050636,0.30767086984936715,0.04225356769050636
33390,0.1674439158794548,0.92311130666335,0.1674439158794548
33391,0.3139441574207056,0.23205532192304584,0.3139441574207056
33392,0.5845864895089464,0.8980049428452538,0.5845864895089464
33393,0.17630344207661655,0.39378085053279377,0.17630344207661655
33394,0.07800783168325506,0.3051809384621509,0.07800783168325506
33395,0.12577111939885086,0.15621603766596606,0.12577111939885086
33396,0.20671774198175438,0.07902602357047525,0.20671774198175438
33397,0.17315104712865875,0.25787689280917014,0.17315104712865875
33398,0.4344706618747108,0.026426980964077907,0.4344706618747108
33399,0.10995517530399554,0.28361553967201936,0.10995517530399554
33400,0.2637107034255171,0.6516157019919743,0.2637107034255171
33401,0.005695503529748724,0.06038365346063578,0.005695503529748724
33402,0.7671481706197525,0.7102523720388138,0.7671481706197525
33403,0.02672141687949185,0.09668129640704295,0.02672141687949185
33404,0.0160616093097122,0.05142707034028818,0.0160616093097122
33405,0.3293229283495746,0.5612861153989497,0.3293229283495746
33406,0.17624688053921272,0.6118363084675208,0.17624688053921272
33407,0.779423523629393,0.6851726849472288,0.779423523629393
33408,0.052923371219791446,0.2095553871201198,0.052923371219791446
33409,0.12001895571725821,0.5765588899515292,0.12001895571725821
33410,0.01727337750171238,0.1405216771350037,0.01727337750171238
33411,0.0953994834726535,0.10605455191781894,0.0953994834726535
33412,0.4516999379337523,0.7977433196599778,0.4516999379337523
33413,0.06567887994280158,0.25869716274937504,0.06567887994280158
33414,0.3027700642798068,0.8736629322237744,0.3027700642798068
33415,0.22048487239244155,0.3596904414375315,0.22048487239244155
33416,0.03200755637201234,0.13406658734751845,0.03200755637201234
33417,0.060080653069654086,0.07249717173829072,0.060080653069654086
33418,0.07427460584076076,0.4280142510090873,0.07427460584076076
33419,0.5642693923037433,0.8671954936368355,0.5642693923037433
33420,0.23534794408627907,0.2571042025524667,0.23534794408627907
33421,0.09828214616882876,0.5912937491132809,0.09828214616882876
33422,0.13950685513478928,0.8852517211076328,0.13950685513478928
33423,0.0401593890097858,0.06519039357113168,0.0401593890097858
33424,0.03347749908409613,0.14730928358465023,0.03347749908409613
33425,0.09677816660339354,0.37209265140819203,0.09677816660339354
33426,0.05805405573790562,0.2722413226233878,0.05805405573790562
33427,0.14187401848963183,0.4520095666114662,0.14187401848963183
33428,0.02946143705282999,0.121099760852143,0.02946143705282999
33429,0.1429195529017087,0.6001523586296938,0.1429195529017087
33430,0.4155721574008777,0.23239144801418898,0.4155721574008777
33431,0.15194959479829864,0.8482423910823182,0.15194959479829864
33432,0.16647949724921546,0.3085469797086707,0.16647949724921546
33433,0.8429780003305178,0.9304833168543724,0.8429780003305178
33434,0.158511289756498,0.6710736631911287,0.158511289756498
33435,0.4597188565711649,0.31317247628648504,0.4597188565711649
33436,0.13877700076444965,0.7200633346580159,0.13877700076444965
33437,0.09287102168368783,0.4737251672227781,0.09287102168368783
33438,0.07049606465295888,0.22271313343481214,0.07049606465295888
33439,0.06174980550291628,0.05081224947138852,0.06174980550291628
33440,0.06180537796710335,0.34215423361068004,0.06180537796710335
33441,0.09305020597129932,0.41933025990440675,0.09305020597129932
33442,0.05742638810220146,0.7353514235982783,0.05742638810220146
33443,0.03036019141161247,0.21202829213676247,0.03036019141161247
33444,0.08851371694743751,0.5138434742678676,0.08851371694743751
33445,0.04664458072724342,0.16410201676508765,0.04664458072724342
33446,0.6706998964628595,0.661301366608188,0.6706998964628595
33447,0.1734533593520673,0.7833325720842688,0.1734533593520673
33448,0.07354762555472578,0.7880074267452766,0.07354762555472578
33449,0.05655674005584549,0.4225274553566413,0.05655674005584549
33450,0.036008527601698065,0.17493513847327496,0.036008527601698065
33451,0.07528704282156633,0.3233168114120745,0.07528704282156633
33452,0.10345944656160715,0.4298431916534677,0.10345944656160715
33453,0.5402272149271448,0.38867946952768245,0.5402272149271448
33454,0.4975030966692365,0.8377311442794324,0.4975030966692365
33455,0.07940960020429498,0.7919147522495255,0.07940960020429498
33456,0.10868986682268585,0.3240422901446367,0.10868986682268585
33457,0.11168565093977002,0.7576606546674871,0.11168565093977002
33458,0.6824915622251911,0.572458104447569,0.6824915622251911
33459,0.0548796875092749,0.3736697450654261,0.0548796875092749
33460,0.02711523181249635,0.1614568469596935,0.02711523181249635
33461,0.0804873558669693,0.7205224405543479,0.0804873558669693
33462,0.12211324362169304,0.35348883201714587,0.12211324362169304
33463,0.009796908971649964,0.06003527688133256,0.009796908971649964
33464,0.07030264603819371,0.1314173031367456,0.07030264603819371
33465,0.03329777713642573,0.2891780171036689,0.03329777713642573
33466,0.35118636537545617,0.45413246980373667,0.35118636537545617
33467,0.8004486225217445,0.8364261486253707,0.8004486225217445
33468,0.07323241316460855,0.3446690577342205,0.07323241316460855
33469,0.05461442097440026,0.862007607343161,0.05461442097440026
33470,0.07409866864455325,0.18200761800491655,0.07409866864455325
33471,0.03260674721090537,0.052000664604530886,0.03260674721090537
33472,0.49913866052162936,0.7473686028783044,0.49913866052162936
33473,0.21210741775460612,0.6138390586645337,0.21210741775460612
33474,0.1322626219920953,0.4732677264536026,0.1322626219920953
33475,0.022966794877385104,0.27492845651137165,0.022966794877385104
33476,0.07604943557322556,0.2629203124025834,0.07604943557322556
33477,0.41432638490010604,0.20377337599879933,0.41432638490010604
33478,0.14738479322552236,0.7757675561606681,0.14738479322552236
33479,0.15618189405561247,0.29268070956367065,0.15618189405561247
33480,0.010671774951867701,0.10369490856803298,0.010671774951867701
33481,0.2440864958531849,0.8678233499224236,0.2440864958531849
33482,0.029663198438731584,0.04655373533582068,0.029663198438731584
33483,0.013575430285698218,0.1479563114230109,0.013575430285698218
33484,0.10490214925199616,0.16834603162985465,0.10490214925199616
33485,0.09981425145555406,0.19738756195688478,0.09981425145555406
33486,0.34990030134508543,0.6878220420531577,0.34990030134508543
33487,0.016184693198542134,0.2912452613301961,0.016184693198542134
33488,0.5609782689912333,0.6961835587388155,0.5609782689912333
33489,0.088814620231418,0.3422640418333468,0.088814620231418
33490,0.2517999731833507,0.8307124989146778,0.2517999731833507
33491,0.008335083665902337,0.3244752029723414,0.008335083665902337
33492,0.05733412492852376,0.22425806141284751,0.05733412492852376
33493,0.05768693694733243,0.4385008320936224,0.05768693694733243
33494,0.8752059373170049,0.7582648346008161,0.8752059373170049
33495,0.09083450398554802,0.619670751504316,0.09083450398554802
33496,0.059770156540255,0.4099466735973165,0.059770156540255
33497,0.08989394201207061,0.23823083476207524,0.08989394201207061
33498,0.12089448808775398,0.23993089485565258,0.12089448808775398
33499,0.08099427203575994,0.38609520427561533,0.08099427203575994
33500,0.06404840623350697,0.42090289969161676,0.06404840623350697
33501,0.05281724365178192,0.21107725895004878,0.05281724365178192
33502,0.04510507237106498,0.2255652059691398,0.04510507237106498
33503,0.2302929908800885,0.2323986426582059,0.2302929908800885
33504,0.03033737636595287,0.12719547176983595,0.03033737636595287
33505,0.39545446962970693,0.1671728065703735,0.39545446962970693
33506,0.2678002871734691,0.11639311261446225,0.2678002871734691
33507,0.19753877031388947,0.5971196957112179,0.19753877031388947
33508,0.21625122235983235,0.47599750656229967,0.21625122235983235
33509,0.13130746168982313,0.3197171876717221,0.13130746168982313
33510,0.5342607885683526,0.6697745860706461,0.5342607885683526
33511,0.3050115142160921,0.800055827894397,0.3050115142160921
33512,0.12936370336793276,0.8197411007939881,0.12936370336793276
33513,0.034887475014693616,0.38192874539959903,0.034887475014693616
33514,0.11900525734105086,0.5728470650445537,0.11900525734105086
33515,0.19480259605885067,0.827486392929085,0.19480259605885067
33516,0.016224206962909,0.4084251500428363,0.016224206962909
33517,0.04255821940578739,0.6943830611800819,0.04255821940578739
33518,0.06132573306113249,0.453851610891068,0.06132573306113249
33519,0.2851810456920256,0.16378886111988525,0.2851810456920256
33520,0.09977273408428115,0.22392964510906757,0.09977273408428115
33521,0.038634501070786836,0.07111165427945024,0.038634501070786836
33522,0.1348230345450627,0.17051092946769156,0.1348230345450627
33523,0.048628926940241894,0.10455073738162088,0.048628926940241894
33524,0.06573939003709685,0.2245599011807305,0.06573939003709685
33525,0.13633241804012258,0.3275459383940806,0.13633241804012258
33526,0.23621138354643828,0.4723296846819131,0.23621138354643828
33527,0.4941117345129105,0.8238925715768741,0.4941117345129105
33528,0.04774527234127218,0.7261017832548328,0.04774527234127218
33529,0.12194155581575866,0.39445088280281443,0.12194155581575866
33530,0.10434042575824974,0.18512082983333625,0.10434042575824974
33531,0.06638666818819032,0.24075373590729993,0.06638666818819032
33532,0.03827925058380203,0.14547380282596598,0.03827925058380203
33533,0.03810731066799954,0.12674471179191918,0.03810731066799954
33534,0.0317270621223712,0.017538654843421965,0.0317270621223712
33535,0.03717180402839464,0.1262618868550348,0.03717180402839464
33536,0.07778931288577659,0.19965180864935803,0.07778931288577659
33537,0.2775963203271004,0.6890441879440914,0.2775963203271004
33538,0.09593657346203521,0.08355951041901115,0.09593657346203521
33539,0.039947350548739595,0.16125350924131193,0.039947350548739595
33540,0.034462451808800636,0.2182933758638556,0.034462451808800636
33541,0.0849536913227639,0.27393793436390723,0.0849536913227639
33542,0.17549356496591173,0.2192673475413753,0.17549356496591173
33543,0.07652104325453968,0.047714515409206945,0.07652104325453968
33544,0.03598692068283517,0.05291810201735118,0.03598692068283517
33545,0.21768696005197308,0.7119927484968825,0.21768696005197308
33546,0.13416760744604264,0.6657176317727547,0.13416760744604264
33547,0.028372667588560756,0.26655259001923676,0.028372667588560756
33548,0.11578960830974029,0.38007704627421085,0.11578960830974029
33549,0.03912130549688625,0.05654479318088867,0.03912130549688625
33550,0.10367649227729268,0.6566684125643157,0.10367649227729268
33551,0.03012591656786588,0.6152084685544592,0.03012591656786588
33552,0.12250806412835089,0.6906399261662045,0.12250806412835089
33553,0.01707804746143256,0.054552072911223326,0.01707804746143256
33554,0.19357917719890005,0.45665820919944,0.19357917719890005
33555,0.22004753343192307,0.7352885251328063,0.22004753343192307
33556,0.06199225952976513,0.6808253849801503,0.06199225952976513
33557,0.25974411636561645,0.8185670301062469,0.25974411636561645
33558,0.05719120349138628,0.5168417384327354,0.05719120349138628
33559,0.03920235556550566,0.42057120258348096,0.03920235556550566
33560,0.08362713558864324,0.4838474313913187,0.08362713558864324
33561,0.19467608484555152,0.4784478803245357,0.19467608484555152
33562,0.11389777811260497,0.4786180560897269,0.11389777811260497
33563,0.00979798547565108,0.30456537669880496,0.00979798547565108
33564,0.09369692692668345,0.6276503023313952,0.09369692692668345
33565,0.12422136401244747,0.31645145257400176,0.12422136401244747
33566,0.15106367682925892,0.4643351767895655,0.15106367682925892
33567,0.05038703214313762,0.14189631273473383,0.05038703214313762
33568,0.26441724024551366,0.5158755370707131,0.26441724024551366
33569,0.046900372508366615,0.22540987758411637,0.046900372508366615
33570,0.47786497677757767,0.6046941815032674,0.47786497677757767
33571,0.2846079569590763,0.4700902625590599,0.2846079569590763
33572,0.09306824799992514,0.47184386614408436,0.09306824799992514
33573,0.044982894812743784,0.03978502537317546,0.044982894812743784
33574,0.26627986761220684,0.061919672966023125,0.26627986761220684
33575,0.19421399102388917,0.6311778978718952,0.19421399102388917
33576,0.21105633805930063,0.6445467554294768,0.21105633805930063
33577,0.23355562779583264,0.1931334902745605,0.23355562779583264
33578,0.07818621542144341,0.11729653617265086,0.07818621542144341
33579,0.06047737367660876,0.42182440188763776,0.06047737367660876
33580,0.05432239869459935,0.3431482256894342,0.05432239869459935
33581,0.12119108791658442,0.6355486216393449,0.12119108791658442
33582,0.18294937686868581,0.6687163679581023,0.18294937686868581
33583,0.20792390245312858,0.19427972127851365,0.20792390245312858
33584,0.7513314139798487,0.8366669560774637,0.7513314139798487
33585,0.494296424282411,0.5334959653957511,0.494296424282411
33586,0.061282754743591086,0.08029696107052349,0.061282754743591086
33587,0.0946507164663786,0.4047117340004397,0.0946507164663786
33588,0.023833171893112598,0.03928114397131748,0.023833171893112598
33589,0.061974863033403105,0.09766029994403191,0.061974863033403105
33590,0.029454064085945225,0.18104024424517556,0.029454064085945225
33591,0.09532252549682747,0.16912647011252568,0.09532252549682747
33592,0.008870587130658802,0.022200784275919615,0.008870587130658802
33593,0.4201328962288252,0.7232886610282598,0.4201328962288252
33594,0.14548329343575797,0.4446758149126572,0.14548329343575797
33595,0.0987779051658338,0.6744302280335217,0.0987779051658338
33596,0.03821217651721405,0.4239865621262374,0.03821217651721405
33597,0.47336558798625106,0.6080027672580968,0.47336558798625106
33598,0.3305569449430557,0.7379426269375176,0.3305569449430557
33599,0.046330534941844345,0.3207719312784623,0.046330534941844345
33600,0.05047360106454686,0.07833690224553458,0.05047360106454686
33601,0.39132091911132655,0.07411568568373803,0.39132091911132655
33602,0.20689550820540528,0.2990809719288627,0.20689550820540528
33603,0.034862558917986786,0.7037041504133823,0.034862558917986786
33604,0.2893076361657419,0.8685928495315306,0.2893076361657419
33605,0.11229873971978883,0.1265593660013727,0.11229873971978883
33606,0.29765240255083814,0.6644704257840199,0.29765240255083814
33607,0.5983614865806396,0.5806811046217776,0.5983614865806396
33608,0.11779721106743118,0.5969920693733612,0.11779721106743118
33609,0.20695861608421334,0.7542631852056758,0.20695861608421334
33610,0.08867817604247703,0.8656424183968782,0.08867817604247703
33611,0.43507062149868525,0.19690693772546253,0.43507062149868525
33612,0.3216711455943767,0.819921239460666,0.3216711455943767
33613,0.35300841886755224,0.25392935757321317,0.35300841886755224
33614,0.5368933990677639,0.46162649022859636,0.5368933990677639
33615,0.022579885646218142,0.38227793492106826,0.022579885646218142
33616,0.5939318307018895,0.9021165405933937,0.5939318307018895
33617,0.04346237394147662,0.0627087059673859,0.04346237394147662
33618,0.09229187780781023,0.6734198027375113,0.09229187780781023
33619,0.02658509289815241,0.6116425211925258,0.02658509289815241
33620,0.06871735191710598,0.03812761882491147,0.06871735191710598
33621,0.1578809383440645,0.6270030368332493,0.1578809383440645
33622,0.3706878244261577,0.88291280459315,0.3706878244261577
33623,0.05087984532688202,0.5182687750066457,0.05087984532688202
33624,0.00821007622401587,0.039218248590486136,0.00821007622401587
33625,0.027748135722576076,0.12348832737046138,0.027748135722576076
33626,0.1785801853872707,0.3671916237595613,0.1785801853872707
33627,0.06305775785562669,0.4016936863972802,0.06305775785562669
33628,0.055383730028958134,0.810845878739046,0.055383730028958134
33629,0.114899707633765,0.2259578440975546,0.114899707633765
33630,0.049407907164876086,0.606535307045693,0.049407907164876086
33631,0.12462179595035061,0.17395952651527372,0.12462179595035061
33632,0.06792925268611594,0.1626501876623781,0.06792925268611594
33633,0.03802527906342574,0.06745380904057911,0.03802527906342574
33634,0.13396312767163526,0.14662052012581211,0.13396312767163526
33635,0.056479899552685404,0.25999942407669774,0.056479899552685404
33636,0.04270318567702509,0.6917011384256018,0.04270318567702509
33637,0.2038071758515068,0.8225152769053772,0.2038071758515068
33638,0.059031230632958426,0.2501908842597357,0.059031230632958426
33639,0.08136259310871868,0.7156239761811435,0.08136259310871868
33640,0.38922223750473195,0.5623219591614059,0.38922223750473195
33641,0.40919590251416676,0.20738414017637863,0.40919590251416676
33642,0.15726874045145636,0.23997278163750335,0.15726874045145636
33643,0.14014137481068337,0.550005029767341,0.14014137481068337
33644,0.4796581485296973,0.9344008686046158,0.4796581485296973
33645,0.11031951277594071,0.8697677586315256,0.11031951277594071
33646,0.07686615352589973,0.0415612223787157,0.07686615352589973
33647,0.5073408343188149,0.25237908243880114,0.5073408343188149
33648,0.5325957366400071,0.7625253830620843,0.5325957366400071
33649,0.13804876042023273,0.21252222270407037,0.13804876042023273
33650,0.2689711775201132,0.20849171539915054,0.2689711775201132
33651,0.12663520762274652,0.7063447865392054,0.12663520762274652
33652,0.032253525142909724,0.1012826911963828,0.032253525142909724
33653,0.04579675644166877,0.08172734976141896,0.04579675644166877
33654,0.10854785486972231,0.7551595560030994,0.10854785486972231
33655,0.048670190319120364,0.03709858827390958,0.048670190319120364
33656,0.10189415847398454,0.1373130621579591,0.10189415847398454
33657,0.10514420082967252,0.17366564353245675,0.10514420082967252
33658,0.639648066906797,0.8185596124066952,0.639648066906797
33659,0.23137058789313533,0.1776182641065972,0.23137058789313533
33660,0.10051585056795519,0.7124077800740753,0.10051585056795519
33661,0.15253886234657063,0.44174118790686506,0.15253886234657063
33662,0.5920062543630472,0.6742949508085901,0.5920062543630472
33663,0.09813940272275225,0.27774067795634105,0.09813940272275225
33664,0.10481849765888288,0.40535415181215656,0.10481849765888288
33665,0.16434667156012867,0.7802065024530184,0.16434667156012867
33666,0.09142155881957142,0.5346158035024581,0.09142155881957142
33667,0.029435101573317222,0.43667117432450464,0.029435101573317222
33668,0.6468548953479751,0.5414931929951915,0.6468548953479751
33669,0.14598740051621345,0.459863350116175,0.14598740051621345
33670,0.04482194888615577,0.5183319931047836,0.04482194888615577
33671,0.11288055611147964,0.5688800013740628,0.11288055611147964
33672,0.3084042528992475,0.5516929938451387,0.3084042528992475
33673,0.10204499172788786,0.06660230575783499,0.10204499172788786
33674,0.026611221615768323,0.10123424425260484,0.026611221615768323
33675,0.07764897414488102,0.593676823027904,0.07764897414488102
33676,0.19289509189819612,0.2098108392723506,0.19289509189819612
33677,0.09093891962237796,0.2663290608386037,0.09093891962237796
33678,0.06382652033091106,0.09534572843754524,0.06382652033091106
33679,0.037031441369344685,0.10360878037611611,0.037031441369344685
33680,0.08038596404045628,0.802625519900885,0.08038596404045628
33681,0.17140968953876656,0.4804950238130813,0.17140968953876656
33682,0.04037857983354995,0.12811759284611174,0.04037857983354995
33683,0.04947467569550647,0.18734744840821632,0.04947467569550647
33684,0.12253305494783291,0.49991260997389847,0.12253305494783291
33685,0.10906707750110754,0.5192347042821277,0.10906707750110754
33686,0.01680488334306639,0.13273154618291788,0.01680488334306639
33687,0.2105244640120362,0.650668394403326,0.2105244640120362
33688,0.07157525118049618,0.2343269399809419,0.07157525118049618
33689,0.07055916533695213,0.45061262545364444,0.07055916533695213
33690,0.5839313932307356,0.2146586277991728,0.5839313932307356
33691,0.025147596452248667,0.09930869219717084,0.025147596452248667
33692,0.09366847787869091,0.3246139088562557,0.09366847787869091
33693,0.3273587499842674,0.7875250592341955,0.3273587499842674
33694,0.4564307248932537,0.8130458351026829,0.4564307248932537
33695,0.1733990123617938,0.3682240274588167,0.1733990123617938
33696,0.2222929073790121,0.5723749089274252,0.2222929073790121
33697,0.12981102437245268,0.48983096362211276,0.12981102437245268
33698,0.21990325709009217,0.623504917217681,0.21990325709009217
33699,0.2608070819679027,0.5174075461040581,0.2608070819679027
33700,0.05231418052282251,0.11136291360806737,0.05231418052282251
33701,0.014252259569665485,0.06684022196964612,0.014252259569665485
33702,0.055295253482900625,0.7127040991615087,0.055295253482900625
33703,0.2898762328918361,0.7081633983183888,0.2898762328918361
33704,0.07582225852904698,0.5338402581362668,0.07582225852904698
33705,0.10719096056252049,0.1454587387404903,0.10719096056252049
33706,0.07858247588548753,0.7821699082786355,0.07858247588548753
33707,0.035545995714788864,0.09569053538361949,0.035545995714788864
33708,0.22454661015580402,0.1795544113970712,0.22454661015580402
33709,0.034183931739293356,0.13270725691718419,0.034183931739293356
33710,0.3421439737440168,0.4392004778525536,0.3421439737440168
33711,0.06495707739682438,0.32330027559445285,0.06495707739682438
33712,0.06524143100838777,0.2794965881629191,0.06524143100838777
33713,0.19905826336534244,0.13161086306577402,0.19905826336534244
33714,0.2520191406931601,0.3842547517048623,0.2520191406931601
33715,0.21441896370477323,0.8694990406309141,0.21441896370477323
33716,0.5921766506467198,0.5229008724917219,0.5921766506467198
33717,0.06471793225473413,0.3589680631840932,0.06471793225473413
33718,0.03084442126726969,0.12305903851445225,0.03084442126726969
33719,0.034995470265194,0.3580544656207443,0.034995470265194
33720,0.0371033583099597,0.11496412983379108,0.0371033583099597
33721,0.03964865090413693,0.07721694343648695,0.03964865090413693
33722,0.05685604364393084,0.3795927779136823,0.05685604364393084
33723,0.730616081399049,0.8492166748950752,0.730616081399049
33724,0.029265945134325594,0.8822022647936567,0.029265945134325594
33725,0.07079672498403305,0.3091657549580184,0.07079672498403305
33726,0.05381272431207211,0.10014081394748131,0.05381272431207211
33727,0.04603674418366328,0.1117265962389771,0.04603674418366328
33728,0.1531475587215555,0.7663451197760291,0.1531475587215555
33729,0.1381653044456501,0.17829455095151397,0.1381653044456501
33730,0.03500239331817983,0.10964744428410318,0.03500239331817983
33731,0.07537955818271821,0.6130119395336,0.07537955818271821
33732,0.0696026883639334,0.23023057357335905,0.0696026883639334
33733,0.04928165414019042,0.30031962455825056,0.04928165414019042
33734,0.4737405448325039,0.6883145212407001,0.4737405448325039
33735,0.02960957511681483,0.08946404386653119,0.02960957511681483
33736,0.04732174164727945,0.17665566828997353,0.04732174164727945
33737,0.21852459971990335,0.47920921778777337,0.21852459971990335
33738,0.790513619294839,0.6736133440906032,0.790513619294839
33739,0.06649909938735782,0.09085918198143653,0.06649909938735782
33740,0.12092006681132678,0.7139503702161004,0.12092006681132678
33741,0.274310582619783,0.1427754053096727,0.274310582619783
33742,0.07785662717131867,0.30774628731031156,0.07785662717131867
33743,0.09474554240020644,0.8734822695006889,0.09474554240020644
33744,0.31730757245316776,0.09377478004347922,0.31730757245316776
33745,0.18503248582013845,0.32733805836256896,0.18503248582013845
33746,0.20222223233978331,0.6205605081527671,0.20222223233978331
33747,0.12966811027942796,0.196324391859722,0.12966811027942796
33748,0.04970112994793828,0.718696807332884,0.04970112994793828
33749,0.8822853168333066,0.9396072870033515,0.8822853168333066
33750,0.27478959087007016,0.11991097654515226,0.27478959087007016
33751,0.37063123995082625,0.3679704287637656,0.37063123995082625
33752,0.5511176825459596,0.49544115100782726,0.5511176825459596
33753,0.0697243967138256,0.28600908725456925,0.0697243967138256
33754,0.48987815879779134,0.7367759867192737,0.48987815879779134
33755,0.23312670609691097,0.12105264205171153,0.23312670609691097
33756,0.11061480857029977,0.2478742839538886,0.11061480857029977
33757,0.22874049757412837,0.08886660991918205,0.22874049757412837
33758,0.5404612697453316,0.6650915988459996,0.5404612697453316
33759,0.040009797526456066,0.06910843659829381,0.040009797526456066
33760,0.06531049293525097,0.48019489412241734,0.06531049293525097
33761,0.12736459636344882,0.22008339709137226,0.12736459636344882
33762,0.2947324735019123,0.6110685422373779,0.2947324735019123
33763,0.3334253947609342,0.40735858682068243,0.3334253947609342
33764,0.09554579469953561,0.12637489100995003,0.09554579469953561
33765,0.05312042791347635,0.6580119700942101,0.05312042791347635
33766,0.016963216757364133,0.14933592139142082,0.016963216757364133
33767,0.12546082637204242,0.5242717317844564,0.12546082637204242
33768,0.5943312837700878,0.09421060927734369,0.5943312837700878
33769,0.13421708184405653,0.4170380921343163,0.13421708184405653
33770,0.47661358265103365,0.22599887303112592,0.47661358265103365
33771,0.27958394133956876,0.1173164898852185,0.27958394133956876
33772,0.06585057178708022,0.03795507690916808,0.06585057178708022
33773,0.06910715490617024,0.40241356005782425,0.06910715490617024
33774,0.04321955460407361,0.11381347935916847,0.04321955460407361
33775,0.05231201612626807,0.19812025845041767,0.05231201612626807
33776,0.27279087004307256,0.20565369085819715,0.27279087004307256
33777,0.11363142856436458,0.5286201079230975,0.11363142856436458
33778,0.06098303613564765,0.261966983904248,0.06098303613564765
33779,0.10701331397306624,0.8732888786959121,0.10701331397306624
33780,0.07115509660199934,0.2899914208152526,0.07115509660199934
33781,0.025684398848147084,0.1452857008957051,0.025684398848147084
33782,0.00876374278633254,0.22643166501965625,0.00876374278633254
33783,0.07601766495096683,0.7597079074179562,0.07601766495096683
33784,0.05951182570419774,0.19190824570054227,0.05951182570419774
33785,0.08070345775511165,0.21768925561984903,0.08070345775511165
33786,0.1490138329985149,0.3482976414285104,0.1490138329985149
33787,0.023400178682203655,0.36883424536364384,0.023400178682203655
33788,0.21819931748442353,0.7579222541162558,0.21819931748442353
33789,0.022934876595720573,0.25629188062439756,0.022934876595720573
33790,0.07480506374907729,0.12547549813085426,0.07480506374907729
33791,0.0494706235994471,0.0814538981030362,0.0494706235994471
33792,0.018345568966794526,0.030823842729912454,0.018345568966794526
33793,0.27852105045333314,0.4836756731663948,0.27852105045333314
33794,0.05959220644471306,0.09373564496675334,0.05959220644471306
33795,0.8717743772144806,0.971893873398218,0.8717743772144806
33796,0.5587016694455286,0.31195976478684023,0.5587016694455286
33797,0.26667646473835893,0.814677029727236,0.26667646473835893
33798,0.029141876598635735,0.47539351474361,0.029141876598635735
33799,0.17375005614085476,0.9138278245897846,0.17375005614085476
33800,0.07655922332593833,0.19553636173164468,0.07655922332593833
33801,0.07327092179011903,0.8420299359418485,0.07327092179011903
33802,0.19957890886350615,0.24086496852933695,0.19957890886350615
33803,0.12405777229502937,0.8363186528884966,0.12405777229502937
33804,0.05566372235231772,0.1985092365238686,0.05566372235231772
33805,0.8920266880891563,0.900278737268975,0.8920266880891563
33806,0.021462125547684684,0.01788736231918401,0.021462125547684684
33807,0.08583021200426673,0.8125956275805956,0.08583021200426673
33808,0.08352635981204767,0.24144089488116466,0.08352635981204767
33809,0.06484336264302133,0.0589702289874547,0.06484336264302133
33810,0.4229160852967219,0.71686655904584,0.4229160852967219
33811,0.08302955951395552,0.09224963779767546,0.08302955951395552
33812,0.007162499214474496,0.07757278822987301,0.007162499214474496
33813,0.49493830068234884,0.19307148308232075,0.49493830068234884
33814,0.021761017928578156,0.16247183201768634,0.021761017928578156
33815,0.3112806853610103,0.8242756761673095,0.3112806853610103
33816,0.08602443891255108,0.3966163599514514,0.08602443891255108
33817,0.10776217101597652,0.23878352196686478,0.10776217101597652
33818,0.7207347904293245,0.5945563607248852,0.7207347904293245
33819,0.9249845318530858,0.8787475779431984,0.9249845318530858
33820,0.03384320590003894,0.13835442645366,0.03384320590003894
33821,0.46996862586953797,0.9236857211777283,0.46996862586953797
33822,0.051591808496498665,0.7974185493429454,0.051591808496498665
33823,0.05143383923188494,0.09036451036537316,0.05143383923188494
33824,0.15106662510217211,0.29126666037286214,0.15106662510217211
33825,0.08022773145454716,0.514921256688412,0.08022773145454716
33826,0.06617247197845401,0.37764275892143334,0.06617247197845401
33827,0.18987567510161568,0.34362391657058056,0.18987567510161568
33828,0.22379835263079376,0.2155197780511874,0.22379835263079376
33829,0.6592024051604236,0.6357960729404052,0.6592024051604236
33830,0.4242937445311741,0.5275475694172901,0.4242937445311741
33831,0.3354463045924375,0.7462412699435222,0.3354463045924375
33832,0.46654585323368253,0.5989620852846076,0.46654585323368253
33833,0.04734782937337008,0.4643466732357837,0.04734782937337008
33834,0.006502976499554502,0.03810304822540399,0.006502976499554502
33835,0.021956522700588992,0.03767759677720281,0.021956522700588992
33836,0.013354145799920426,0.04137217687983589,0.013354145799920426
33837,0.08332501270236436,0.4182032164985568,0.08332501270236436
33838,0.03094762875042461,0.1005729605753371,0.03094762875042461
33839,0.08987158584566513,0.1388667552177291,0.08987158584566513
33840,0.01714741136916632,0.044150154815860806,0.01714741136916632
33841,0.6723248904478578,0.7271756514985666,0.6723248904478578
33842,0.06155928369549845,0.12015386755461624,0.06155928369549845
33843,0.04831930040468257,0.17650855133305363,0.04831930040468257
33844,0.20906620504713244,0.4936505753415927,0.20906620504713244
33845,0.14807399845308433,0.5613066803998864,0.14807399845308433
33846,0.038364671614070985,0.1746870683542859,0.038364671614070985
33847,0.174842100231073,0.4616414517209303,0.174842100231073
33848,0.07758780058384232,0.3377547829154348,0.07758780058384232
33849,0.15041415306185854,0.07169234345457937,0.15041415306185854
33850,0.05430761870842308,0.07042999030132137,0.05430761870842308
33851,0.0347075354146515,0.34473987347488605,0.0347075354146515
33852,0.47761115890372946,0.7954769610489717,0.47761115890372946
33853,0.008971898010618245,0.6548141732949443,0.008971898010618245
33854,0.014057664866377667,0.041514534255944806,0.014057664866377667
33855,0.3832625746610008,0.8994698137689306,0.3832625746610008
33856,0.011125574274062062,0.13188543961565447,0.011125574274062062
33857,0.03937154289476357,0.3755719071881239,0.03937154289476357
33858,0.12301196614674782,0.3516580006755195,0.12301196614674782
33859,0.1222598392960931,0.45203407498998,0.1222598392960931
33860,0.05705518098259661,0.0738781428832012,0.05705518098259661
33861,0.2371933048446886,0.4281699803900381,0.2371933048446886
33862,0.04019683266877613,0.691946967505256,0.04019683266877613
33863,0.14503561568507203,0.527414880167104,0.14503561568507203
33864,0.08753358559813151,0.8619387909475058,0.08753358559813151
33865,0.05746967415049269,0.18079625108444314,0.05746967415049269
33866,0.3530713026659185,0.3296893919118859,0.3530713026659185
33867,0.3321379861912483,0.18854748388478237,0.3321379861912483
33868,0.041258678419891996,0.3161966967028417,0.041258678419891996
33869,0.04861527638140852,0.0729442206094991,0.04861527638140852
33870,0.10401795422865412,0.2657419732463883,0.10401795422865412
33871,0.07818544170092401,0.577376308884093,0.07818544170092401
33872,0.13169776236248693,0.6272440899312716,0.13169776236248693
33873,0.022700840801156794,0.16723789254218868,0.022700840801156794
33874,0.29492244726589445,0.17302645384209842,0.29492244726589445
33875,0.8870766603429886,0.9554668705076655,0.8870766603429886
33876,0.04887759301308878,0.058252240033634536,0.04887759301308878
33877,0.6320930662379437,0.5806381834248043,0.6320930662379437
33878,0.26614273695277324,0.5611237138206994,0.26614273695277324
33879,0.12990104825658697,0.3779990555459167,0.12990104825658697
33880,0.10528450489069241,0.17744312009297541,0.10528450489069241
33881,0.029110759344858093,0.2115609819354111,0.029110759344858093
33882,0.0995338385766507,0.40196975514957667,0.0995338385766507
33883,0.07945325014197967,0.15802678100810277,0.07945325014197967
33884,0.22984197871010195,0.4741804675084248,0.22984197871010195
33885,0.08506436297591025,0.3091103111883406,0.08506436297591025
33886,0.08102967901546414,0.31243196852709476,0.08102967901546414
33887,0.1386309432347438,0.26006913545620997,0.1386309432347438
33888,0.12825387338703462,0.27618926307592256,0.12825387338703462
33889,0.1191019851864422,0.6238793618085083,0.1191019851864422
33890,0.11904537101196466,0.5138957625945731,0.11904537101196466
33891,0.17230849571240398,0.9235613424830463,0.17230849571240398
33892,0.30945206146891013,0.9159299798548305,0.30945206146891013
33893,0.08293791997343206,0.12048173827551172,0.08293791997343206
33894,0.8391926479511196,0.9285411307633867,0.8391926479511196
33895,0.1751027929270045,0.3191583631535089,0.1751027929270045
33896,0.15697526409685886,0.8159687200044582,0.15697526409685886
33897,0.04089141525612958,0.04869395320410435,0.04089141525612958
33898,0.04668113550227901,0.20288799789061238,0.04668113550227901
33899,0.07726627004300331,0.382098816148369,0.07726627004300331
33900,0.01879630521634575,0.06636580940753613,0.01879630521634575
33901,0.08996768038445326,0.12244600696033411,0.08996768038445326
33902,0.10318169256786507,0.8858558150891186,0.10318169256786507
33903,0.1447357245270746,0.08143351325889014,0.1447357245270746
33904,0.18500082729047823,0.8165905985132418,0.18500082729047823
33905,0.06862585871773885,0.1781348154712622,0.06862585871773885
33906,0.5602940806631556,0.2834439120858971,0.5602940806631556
33907,0.19171871213861605,0.5862545219624686,0.19171871213861605
33908,0.022551564343282253,0.1400801800114394,0.022551564343282253
33909,0.0687324465973487,0.9175519066893252,0.0687324465973487
33910,0.6122942773789505,0.5409862902983533,0.6122942773789505
33911,0.09369525329742888,0.39003929356513106,0.09369525329742888
33912,0.10556040661394765,0.1063157510304219,0.10556040661394765
33913,0.4637625143652335,0.8336262529354632,0.4637625143652335
33914,0.08900057777533316,0.33291221565512147,0.08900057777533316
33915,0.6282216866055252,0.7419653244058656,0.6282216866055252
33916,0.5426975118397233,0.5273556953497484,0.5426975118397233
33917,0.00906627751244409,0.03191422494080232,0.00906627751244409
33918,0.07534253225196824,0.09159825234724764,0.07534253225196824
33919,0.019498384479339215,0.055607593966282336,0.019498384479339215
33920,0.8881482943599227,0.8108939105321865,0.8881482943599227
33921,0.09492650069249953,0.44080166915672014,0.09492650069249953
33922,0.18382541158214163,0.6395112917867765,0.18382541158214163
33923,0.1810273381048101,0.6064361807097229,0.1810273381048101
33924,0.06390988604897704,0.5132593597788098,0.06390988604897704
33925,0.05058275584147701,0.06247387992884185,0.05058275584147701
33926,0.0360952446818186,0.46584230790127734,0.0360952446818186
33927,0.4088067891858153,0.4189004336702266,0.4088067891858153
33928,0.03202797090641003,0.05823419861979364,0.03202797090641003
33929,0.2286355662639626,0.14252752423016074,0.2286355662639626
33930,0.2789495087731246,0.7318089972553063,0.2789495087731246
33931,0.027014604183278643,0.1379490406231054,0.027014604183278643
33932,0.278617469069998,0.13754764812791925,0.278617469069998
33933,0.6789226474415149,0.4906748706611008,0.6789226474415149
33934,0.24744253244314662,0.8097163534500355,0.24744253244314662
33935,0.050471661798628414,0.34756277391784335,0.050471661798628414
33936,0.09248274610389813,0.7883957131436049,0.09248274610389813
33937,0.09805459604944627,0.44500250390771295,0.09805459604944627
33938,0.7320266572806449,0.9293600166027809,0.7320266572806449
33939,0.8085553869326855,0.5507660124374344,0.8085553869326855
33940,0.09497838987527947,0.03960247212066611,0.09497838987527947
33941,0.06470439874981233,0.1139678108986829,0.06470439874981233
33942,0.03835085677560977,0.12316057023456461,0.03835085677560977
33943,0.12029684324828982,0.46733325524456315,0.12029684324828982
33944,0.11533947915240429,0.1281789256968971,0.11533947915240429
33945,0.14979045720784206,0.5564638954844526,0.14979045720784206
33946,0.04340935427352685,0.35750767792977317,0.04340935427352685
33947,0.08550925928684175,0.14352794354862822,0.08550925928684175
33948,0.05734844539828286,0.1435347937299166,0.05734844539828286
33949,0.4717444006109793,0.7599483777766566,0.4717444006109793
33950,0.05832764843367047,0.17389143094971998,0.05832764843367047
33951,0.11807855341127932,0.2877550024119897,0.11807855341127932
33952,0.04943893005233922,0.10970512893725903,0.04943893005233922
33953,0.08673610525851147,0.5120454045745372,0.08673610525851147
33954,0.7420685975830804,0.8249543544800505,0.7420685975830804
33955,0.5054422260089906,0.631038500414763,0.5054422260089906
33956,0.011542356465546837,0.22892418767185665,0.011542356465546837
33957,0.06289474338144517,0.4194497460636788,0.06289474338144517
33958,0.05485927572329488,0.10767385806414534,0.05485927572329488
33959,0.06915750137499814,0.3064330179122537,0.06915750137499814
33960,0.09855115615301419,0.13248532476551192,0.09855115615301419
33961,0.06934974104659185,0.18998570947109109,0.06934974104659185
33962,0.14138871744225068,0.6161397008580471,0.14138871744225068
33963,0.011520590114869817,0.06627176769172335,0.011520590114869817
33964,0.011927606809419636,0.16603435336474595,0.011927606809419636
33965,0.5745322565486769,0.6928054014504753,0.5745322565486769
33966,0.5580159791439465,0.781775620696194,0.5580159791439465
33967,0.2147926164758955,0.23020378613503997,0.2147926164758955
33968,0.22509603519044113,0.5310013613756125,0.22509603519044113
33969,0.06194711958915959,0.26065039428428716,0.06194711958915959
33970,0.04180924630810629,0.35010643509860356,0.04180924630810629
33971,0.14370091800206813,0.5680679957812146,0.14370091800206813
33972,0.19683121354524163,0.7838810147418876,0.19683121354524163
33973,0.08410076160224533,0.16106249667582048,0.08410076160224533
33974,0.02593969517902328,0.1141863195858616,0.02593969517902328
33975,0.04360523356186323,0.0630260502041834,0.04360523356186323
33976,0.17932319186788417,0.22792512627960332,0.17932319186788417
33977,0.21923500800670784,0.2504221886472451,0.21923500800670784
33978,0.0974538740804379,0.32686600002615507,0.0974538740804379
33979,0.13086557732764623,0.32440076608610047,0.13086557732764623
33980,0.030123141340274356,0.11045371578695545,0.030123141340274356
33981,0.22994295993775304,0.8116403904873762,0.22994295993775304
33982,0.101383268706622,0.3929565285228247,0.101383268706622
33983,0.7291330809242222,0.6835511586356782,0.7291330809242222
33984,0.10917647680290475,0.24294502907731017,0.10917647680290475
33985,0.017293656232597626,0.07900160493174464,0.017293656232597626
33986,0.06877835053036183,0.17083196811779755,0.06877835053036183
33987,0.05914050627041683,0.525974092229759,0.05914050627041683
33988,0.5347783963007299,0.5633285888185541,0.5347783963007299
33989,0.1352254049293054,0.13473823247750807,0.1352254049293054
33990,0.06875777251750749,0.8026420068368335,0.06875777251750749
33991,0.039158192948872676,0.022159431886700283,0.039158192948872676
33992,0.07448688290487848,0.21405055918111265,0.07448688290487848
33993,0.022862741481030967,0.03287756944461907,0.022862741481030967
33994,0.033916081961399315,0.09771452068800572,0.033916081961399315
33995,0.42081535235836875,0.6488858697442913,0.42081535235836875
33996,0.13951468635214062,0.5947485335834607,0.13951468635214062
33997,0.0911981397112125,0.6821454005671007,0.0911981397112125
33998,0.05208934908160532,0.09802419329737316,0.05208934908160532
33999,0.29752995970819723,0.5690178945083972,0.29752995970819723
34000,0.06816217591219227,0.8656677126297507,0.06816217591219227
34001,0.6280842470476232,0.36811489180352414,0.6280842470476232
34002,0.054826800388728315,0.6763649229904533,0.054826800388728315
34003,0.1331934861553525,0.37545847202997507,0.1331934861553525
34004,0.7905462791901225,0.9051199632133615,0.7905462791901225
34005,0.11569027750717063,0.39270089695954,0.11569027750717063
34006,0.04943633912962818,0.10603372435198287,0.04943633912962818
34007,0.10964024032903874,0.3042678345278685,0.10964024032903874
34008,0.20354457086621003,0.7979842511746081,0.20354457086621003
34009,0.05573733940094044,0.2558319463288922,0.05573733940094044
34010,0.14467638350912226,0.19460506149379708,0.14467638350912226
34011,0.5420872058839091,0.8174884372457183,0.5420872058839091
34012,0.5395765779341499,0.48398232068936153,0.5395765779341499
34013,0.06362908919785175,0.21366000691389864,0.06362908919785175
34014,0.35128659404724,0.7014600233199866,0.35128659404724
34015,0.04836617760427978,0.04709106062710739,0.04836617760427978
34016,0.08457512031565799,0.22308906969731607,0.08457512031565799
34017,0.018776727667376127,0.13235315459033073,0.018776727667376127
34018,0.8300120508980261,0.3386706283254637,0.8300120508980261
34019,0.33770947633370385,0.320548524915643,0.33770947633370385
34020,0.10866471523501087,0.600902619860625,0.10866471523501087
34021,0.14404972535735713,0.43337613205049197,0.14404972535735713
34022,0.5067412123895916,0.7893944987139198,0.5067412123895916
34023,0.14962263804346287,0.7440323039632755,0.14962263804346287
34024,0.03954509917997659,0.2289191931800258,0.03954509917997659
34025,0.03503387076667232,0.40138747848338646,0.03503387076667232
34026,0.029068443931330398,0.5549497302721872,0.029068443931330398
34027,0.27506962909142324,0.410025310794224,0.27506962909142324
34028,0.12284022251747696,0.17658204373979164,0.12284022251747696
34029,0.10038003866164238,0.5363598082855163,0.10038003866164238
34030,0.04975609748909489,0.3235288921939358,0.04975609748909489
34031,0.02804355485909764,0.32975235644335354,0.02804355485909764
34032,0.22473298325202495,0.7153118392059526,0.22473298325202495
34033,0.6721840237861422,0.7948738253193649,0.6721840237861422
34034,0.11515826300010808,0.11827176873830492,0.11515826300010808
34035,0.16363244024290213,0.7384569515962477,0.16363244024290213
34036,0.238329140036568,0.4360270938177884,0.238329140036568
34037,0.10180673835298992,0.6458798944331874,0.10180673835298992
34038,0.05338697373383712,0.1784156782403518,0.05338697373383712
34039,0.052660902967731474,0.6176805824741448,0.052660902967731474
34040,0.0950701481951908,0.24782889418544699,0.0950701481951908
34041,0.18751043110444518,0.789462692801629,0.18751043110444518
34042,0.37577206784408296,0.8882834141853231,0.37577206784408296
34043,0.40258562631893363,0.7293098596030722,0.40258562631893363
34044,0.09265567543626552,0.36757075127367766,0.09265567543626552
34045,0.03576261436373884,0.17083926306359337,0.03576261436373884
34046,0.023834704471794046,0.15077975096518886,0.023834704471794046
34047,0.11777209387158809,0.7733605793504282,0.11777209387158809
34048,0.2458021693739714,0.5279960328664463,0.2458021693739714
34049,0.01262575030547655,0.0969541470858622,0.01262575030547655
34050,0.22819346909953103,0.1197745115941818,0.22819346909953103
34051,0.08867159786719642,0.13282406821126383,0.08867159786719642
34052,0.06883280062914036,0.1559635518720372,0.06883280062914036
34053,0.21217801716513524,0.31523782759355196,0.21217801716513524
34054,0.4433912161417975,0.10136615243552898,0.4433912161417975
34055,0.20950948010603368,0.2935838017799886,0.20950948010603368
34056,0.09079957956360502,0.8164298864065981,0.09079957956360502
34057,0.48315599765283496,0.6642349578021854,0.48315599765283496
34058,0.05567747315767863,0.12812284316883787,0.05567747315767863
34059,0.7556342237849164,0.8179445754747768,0.7556342237849164
34060,0.09577936465460073,0.7345772406835027,0.09577936465460073
34061,0.4795802419994814,0.31665654361251566,0.4795802419994814
34062,0.021598138774008974,0.5118012993275932,0.021598138774008974
34063,0.5683380732831872,0.34730228622731374,0.5683380732831872
34064,0.35497948068783075,0.9355165671169716,0.35497948068783075
34065,0.037076676699041924,0.16497768014384614,0.037076676699041924
34066,0.1334878135184501,0.286334109811964,0.1334878135184501
34067,0.4426358416374395,0.6382825780786567,0.4426358416374395
34068,0.02681453621000729,0.05564512905119638,0.02681453621000729
34069,0.02584411629462228,0.13595735532829528,0.02584411629462228
34070,0.07208667775442164,0.14897141039501913,0.07208667775442164
34071,0.12505421126602273,0.8752464109558981,0.12505421126602273
34072,0.42739109704132344,0.3028364593227791,0.42739109704132344
34073,0.8477504968080412,0.12064590402741275,0.8477504968080412
34074,0.059201366095245594,0.7876776588304192,0.059201366095245594
34075,0.14496140966392387,0.4965863561029571,0.14496140966392387
34076,0.07396662014710545,0.20523674574640371,0.07396662014710545
34077,0.669745790069986,0.9614433788896903,0.669745790069986
34078,0.0375648594713166,0.15223645965078036,0.0375648594713166
34079,0.16357049928538292,0.29470196406648486,0.16357049928538292
34080,0.04879325748644475,0.12732956957277902,0.04879325748644475
34081,0.34457656603947334,0.4703238679546639,0.34457656603947334
34082,0.5606064624685481,0.03237398754222714,0.5606064624685481
34083,0.05446354745406136,0.33469551611161386,0.05446354745406136
34084,0.03019122896845572,0.14247629272017526,0.03019122896845572
34085,0.05525962735697445,0.8578439141961793,0.05525962735697445
34086,0.1371438486487197,0.3874453074004701,0.1371438486487197
34087,0.5222691737624626,0.48751701190847513,0.5222691737624626
34088,0.11818729071033493,0.220968853560234,0.11818729071033493
34089,0.1922435487729305,0.8043893828763921,0.1922435487729305
34090,0.15507374510050204,0.11127639022790752,0.15507374510050204
34091,0.07091584936516272,0.3467399391179015,0.07091584936516272
34092,0.07633809562083273,0.17110197817914538,0.07633809562083273
34093,0.06063289451524023,0.3568687862073968,0.06063289451524023
34094,0.16187047822838999,0.28091552734052955,0.16187047822838999
34095,0.06603492587828194,0.15566952667847875,0.06603492587828194
34096,0.1053571648071478,0.028970176188739663,0.1053571648071478
34097,0.10455431069029467,0.8958775357051765,0.10455431069029467
34098,0.05557157290375527,0.10467877732229552,0.05557157290375527
34099,0.052594220247235667,0.1917979856560317,0.052594220247235667
34100,0.6181099287790405,0.5330396828059726,0.6181099287790405
34101,0.04563128059053853,0.4021708216150716,0.04563128059053853
34102,0.021691845712601555,0.14150564676263555,0.021691845712601555
34103,0.03566075690610593,0.08606456668226589,0.03566075690610593
34104,0.11784126221477399,0.143804132058585,0.11784126221477399
34105,0.03313611963410562,0.5917883978791838,0.03313611963410562
34106,0.21811552702722461,0.28210334487892763,0.21811552702722461
34107,0.6392464429383669,0.8617407175987648,0.6392464429383669
34108,0.07700326357071464,0.11407783440382853,0.07700326357071464
34109,0.04940167029819671,0.20371193985509203,0.04940167029819671
34110,0.12593471894333963,0.0738887059268099,0.12593471894333963
34111,0.03687786126847908,0.069007960910549,0.03687786126847908
34112,0.28763531796474695,0.4195156278906538,0.28763531796474695
34113,0.457058971381996,0.8344362814910246,0.457058971381996
34114,0.01868963906228653,0.07157969082331557,0.01868963906228653
34115,0.08758795366712066,0.34388110960819945,0.08758795366712066
34116,0.7075641872618703,0.521858859584271,0.7075641872618703
34117,0.46524274066026583,0.419618416629481,0.46524274066026583
34118,0.06450576154021301,0.21240131212511656,0.06450576154021301
34119,0.10862860272373377,0.10472831667396429,0.10862860272373377
34120,0.02524011829605734,0.13730133038105333,0.02524011829605734
34121,0.08820636271453877,0.25657065620893577,0.08820636271453877
34122,0.36131894255596153,0.45267173029949337,0.36131894255596153
34123,0.11915583923106259,0.28226279263587645,0.11915583923106259
34124,0.37125120794167493,0.6223508622853842,0.37125120794167493
34125,0.02547109544853755,0.026366807042903683,0.02547109544853755
34126,0.20013708934141922,0.24901526765575832,0.20013708934141922
34127,0.041166280506282966,0.7095473740721152,0.041166280506282966
34128,0.17921268975403423,0.1937866199214447,0.17921268975403423
34129,0.1294554135472619,0.33746234913567086,0.1294554135472619
34130,0.3589900068769546,0.640635326955744,0.3589900068769546
34131,0.06763835998428888,0.8835201522291596,0.06763835998428888
34132,0.13463258651102758,0.21061923955084372,0.13463258651102758
34133,0.049272791536440506,0.15160261019812218,0.049272791536440506
34134,0.3079519787610323,0.799089206852428,0.3079519787610323
34135,0.3179711716102548,0.5192785799774611,0.3179711716102548
34136,0.05544105295306835,0.3770371747020346,0.05544105295306835
34137,0.24481252858044936,0.313834967574564,0.24481252858044936
34138,0.7786415728032732,0.5611364708710206,0.7786415728032732
34139,0.06815811141431302,0.536639959717204,0.06815811141431302
34140,0.18303830759568276,0.5420291640873798,0.18303830759568276
34141,0.07759096083013699,0.47879361296950673,0.07759096083013699
34142,0.5349279541331003,0.37445383863941956,0.5349279541331003
34143,0.09661238149246108,0.4419380538057629,0.09661238149246108
34144,0.44172116881604867,0.7321339100458119,0.44172116881604867
34145,0.0966925469702719,0.27826902534865094,0.0966925469702719
34146,0.6818493133916516,0.6968927123779692,0.6818493133916516
34147,0.06638726880349602,0.179656774879353,0.06638726880349602
34148,0.19631718243316057,0.44852661461167087,0.19631718243316057
34149,0.09138342964078482,0.7819560869718568,0.09138342964078482
34150,0.06016853847504032,0.9244022046213558,0.06016853847504032
34151,0.049753386421721627,0.4079730974727726,0.049753386421721627
34152,0.0786493031764528,0.6769942238584086,0.0786493031764528
34153,0.10400494136887377,0.5305631844341644,0.10400494136887377
34154,0.07635580426724269,0.17987886388645583,0.07635580426724269
34155,0.03250135617308454,0.24825696827425595,0.03250135617308454
34156,0.055236412170047024,0.35260286188985485,0.055236412170047024
34157,0.3214489942179559,0.21885681037534255,0.3214489942179559
34158,0.1265679445507443,0.4995741678261343,0.1265679445507443
34159,0.09204939043936292,0.7350889465918852,0.09204939043936292
34160,0.34412686207481963,0.21036981922268197,0.34412686207481963
34161,0.1877394204457485,0.3267466900287179,0.1877394204457485
34162,0.22952626528274198,0.7354444763822745,0.22952626528274198
34163,0.025708968258097653,0.42837703530052806,0.025708968258097653
34164,0.054610493174791566,0.24380060855043373,0.054610493174791566
34165,0.12660348702384172,0.7725349990661695,0.12660348702384172
34166,0.20151778119209948,0.4056753300641836,0.20151778119209948
34167,0.38626181816009086,0.5531321975000923,0.38626181816009086
34168,0.10685120944750562,0.2276501468871312,0.10685120944750562
34169,0.03709321938220263,0.3141865529481865,0.03709321938220263
34170,0.2995936721377353,0.6441924700316398,0.2995936721377353
34171,0.100459535405144,0.11167938543795569,0.100459535405144
34172,0.06699732357921011,0.2923271439011601,0.06699732357921011
34173,0.04789175801984388,0.16828466022474217,0.04789175801984388
34174,0.04453739380243121,0.25494862622687825,0.04453739380243121
34175,0.15725284141356557,0.19606634897623895,0.15725284141356557
34176,0.1381742520608594,0.18327709479731982,0.1381742520608594
34177,0.12703739103599807,0.36811770741629285,0.12703739103599807
34178,0.11744261857935097,0.14977277429165983,0.11744261857935097
34179,0.07635362306833729,0.5039458591812791,0.07635362306833729
34180,0.0719151349123165,0.1488437649311326,0.0719151349123165
34181,0.10858664343754983,0.6073143047035646,0.10858664343754983
34182,0.12012561672864638,0.34505766473337535,0.12012561672864638
34183,0.018472871877003198,0.045752517040416225,0.018472871877003198
34184,0.05148069222524011,0.6033359424521385,0.05148069222524011
34185,0.052589411969259474,0.2555629519008581,0.052589411969259474
34186,0.06911159873281679,0.27386534629080284,0.06911159873281679
34187,0.08891790718021149,0.6501103059936797,0.08891790718021149
34188,0.15898006049658495,0.36420959071931747,0.15898006049658495
34189,0.10550275948681005,0.6339966816376862,0.10550275948681005
34190,0.16923991004162198,0.49411507766868284,0.16923991004162198
34191,0.14399283790577563,0.3214376031097989,0.14399283790577563
34192,0.3464926776535863,0.8990283611389757,0.3464926776535863
34193,0.08482609241967222,0.730591277453512,0.08482609241967222
34194,0.044059691297613966,0.07546984275166822,0.044059691297613966
34195,0.8725328989583254,0.9482488717028542,0.8725328989583254
34196,0.015159314514380759,0.0319961464543786,0.015159314514380759
34197,0.6755015449024792,0.6963558105665651,0.6755015449024792
34198,0.061505123232231985,0.4723209735219204,0.061505123232231985
34199,0.06485070577661797,0.8774216040671831,0.06485070577661797
34200,0.10564553939422539,0.5143885539411269,0.10564553939422539
34201,0.04851081285108188,0.5825936647260235,0.04851081285108188
34202,0.05513947279932216,0.5973557947847615,0.05513947279932216
34203,0.03863041016440418,0.16556276158470803,0.03863041016440418
34204,0.23577849299971881,0.9475231457760385,0.23577849299971881
34205,0.25888417767150024,0.7178072115031484,0.25888417767150024
34206,0.03521421759538621,0.26109446952189697,0.03521421759538621
34207,0.10671098689646484,0.4644090090256154,0.10671098689646484
34208,0.09509647427211494,0.3402108423340324,0.09509647427211494
34209,0.058118924332147825,0.07875222442782909,0.058118924332147825
34210,0.37247312700824675,0.7806210494797723,0.37247312700824675
34211,0.35394715149755246,0.3066172914015841,0.35394715149755246
34212,0.037748811356525455,0.518294655317112,0.037748811356525455
34213,0.2154462543128419,0.741642293302103,0.2154462543128419
34214,0.30122721150911386,0.561425046185989,0.30122721150911386
34215,0.05756681441403426,0.1705671338266171,0.05756681441403426
34216,0.17319323188957425,0.9185108219243486,0.17319323188957425
34217,0.1428535568872564,0.8056683904558839,0.1428535568872564
34218,0.03266421672387262,0.3610695750313724,0.03266421672387262
34219,0.13994715435992847,0.6549900806885927,0.13994715435992847
34220,0.07424975124950949,0.8567502393415773,0.07424975124950949
34221,0.14968737732460333,0.7491026478180501,0.14968737732460333
34222,0.4209269243053848,0.17285868604586457,0.4209269243053848
34223,0.12430880350876725,0.8609022980482706,0.12430880350876725
34224,0.11405602740614383,0.62037989302464,0.11405602740614383
34225,0.1127868914128472,0.544882437525901,0.1127868914128472
34226,0.02039597872985805,0.17898985921046923,0.02039597872985805
34227,0.02535386131589986,0.0917255588547021,0.02535386131589986
34228,0.01350031065051275,0.07173503389081919,0.01350031065051275
34229,0.02803421504435313,0.7238750658441437,0.02803421504435313
34230,0.052873721780585255,0.727400581183499,0.052873721780585255
34231,0.058411585494694294,0.32472653887778097,0.058411585494694294
34232,0.06380468740662798,0.926165418399783,0.06380468740662798
34233,0.08664754552991541,0.21270359746726983,0.08664754552991541
34234,0.6080735986144247,0.8285764451613563,0.6080735986144247
34235,0.40000686801248303,0.5330223965383444,0.40000686801248303
34236,0.13118165162476628,0.32486825823406257,0.13118165162476628
34237,0.27385106587541735,0.5077446705173331,0.27385106587541735
34238,0.029264480605412844,0.1738470830085194,0.029264480605412844
34239,0.08465375932321771,0.3682868878204053,0.08465375932321771
34240,0.0635066532489523,0.08286152105302338,0.0635066532489523
34241,0.2120047654417783,0.5933193437939127,0.2120047654417783
34242,0.07617140865899306,0.11720180388588587,0.07617140865899306
34243,0.06453498534003514,0.3032966744562744,0.06453498534003514
34244,0.3233878401619928,0.6380996739292386,0.3233878401619928
34245,0.8158071386118771,0.9168037508980776,0.8158071386118771
34246,0.060134971147184704,0.7320684632634091,0.060134971147184704
34247,0.162066230576922,0.10768427932325253,0.162066230576922
34248,0.051424241003699564,0.8384279474990154,0.051424241003699564
34249,0.04795679025178285,0.034253921485673425,0.04795679025178285
34250,0.35451734305316174,0.5895472912121601,0.35451734305316174
34251,0.1110357269026294,0.22297416412587437,0.1110357269026294
34252,0.6062114799106046,0.7052634822119035,0.6062114799106046
34253,0.07570342044530913,0.08798895002144334,0.07570342044530913
34254,0.32415812978000696,0.5419219448646421,0.32415812978000696
34255,0.10965478494469799,0.2717990090533093,0.10965478494469799
34256,0.12462131881707675,0.41742535825991656,0.12462131881707675
34257,0.07527694071274874,0.28163512689678766,0.07527694071274874
34258,0.04621074261409504,0.33099549840510956,0.04621074261409504
34259,0.022840085578627004,0.15716751167002405,0.022840085578627004
34260,0.07949619226028048,0.2487033128292213,0.07949619226028048
34261,0.066077072456659,0.12408168008117017,0.066077072456659
34262,0.7158040957508784,0.6643410828694207,0.7158040957508784
34263,0.08588804789018989,0.016292452008999283,0.08588804789018989
34264,0.08837536543867787,0.17707597295724,0.08837536543867787
34265,0.030758150045840545,0.02012337934753687,0.030758150045840545
34266,0.21304333903087636,0.3466915104840107,0.21304333903087636
34267,0.8591333277604597,0.6449489414640844,0.8591333277604597
34268,0.07827793959492259,0.1854379683306349,0.07827793959492259
34269,0.032081686989118625,0.09183276903558084,0.032081686989118625
34270,0.07976639841592886,0.2566556025550231,0.07976639841592886
34271,0.0981932875443798,0.4790010668486347,0.0981932875443798
34272,0.03929047638372704,0.04934086457191684,0.03929047638372704
34273,0.025806237417224164,0.289390424642516,0.025806237417224164
34274,0.0834323833982456,0.21767033638531222,0.0834323833982456
34275,0.34063845900653095,0.6588064962480414,0.34063845900653095
34276,0.21994815725196373,0.6910636379282006,0.21994815725196373
34277,0.35679339358626133,0.6130712194861593,0.35679339358626133
34278,0.41733429165924557,0.32193060375637733,0.41733429165924557
34279,0.07435270068045603,0.08083180592670282,0.07435270068045603
34280,0.010317919035609852,0.11182834028733352,0.010317919035609852
34281,0.25288071085146857,0.17198009888985544,0.25288071085146857
34282,0.07580817062220105,0.34910788597939624,0.07580817062220105
34283,0.5997181022820982,0.7435308580583637,0.5997181022820982
34284,0.049469195851734205,0.7149505955740967,0.049469195851734205
34285,0.020513876656978968,0.14512943332724154,0.020513876656978968
34286,0.1715944128757492,0.3123741736660042,0.1715944128757492
34287,0.34812724167952497,0.2916359638806792,0.34812724167952497
34288,0.43062314839542376,0.5236784768000146,0.43062314839542376
34289,0.048646321946121916,0.2641451764833536,0.048646321946121916
34290,0.6605778628190885,0.8224719483213844,0.6605778628190885
34291,0.08615193780242365,0.26507771347644893,0.08615193780242365
34292,0.0992306938878261,0.3212328362376703,0.0992306938878261
34293,0.221734375831037,0.14646835982325088,0.221734375831037
34294,0.03478513608061669,0.23141060415323883,0.03478513608061669
34295,0.11897456873875474,0.7948247074390307,0.11897456873875474
34296,0.1607642727221337,0.6349674487999091,0.1607642727221337
34297,0.667885419389608,0.7625180191788972,0.667885419389608
34298,0.02940714220003699,0.3970264584918516,0.02940714220003699
34299,0.011248079381646606,0.015262212063232635,0.011248079381646606
34300,0.19672019687364353,0.181901461286446,0.19672019687364353
34301,0.2478537623065944,0.4730390177958909,0.2478537623065944
34302,0.08206268392787712,0.8630918508349628,0.08206268392787712
34303,0.049836111072911145,0.4059430420874864,0.049836111072911145
34304,0.04333928162281622,0.1400725964323063,0.04333928162281622
34305,0.059240896145806334,0.1202262667832671,0.059240896145806334
34306,0.18728984527727865,0.49388306740546706,0.18728984527727865
34307,0.18401870918230354,0.2221316854197644,0.18401870918230354
34308,0.02397836872362412,0.20529938535334394,0.02397836872362412
34309,0.0871468382374954,0.21266737139398756,0.0871468382374954
34310,0.08762288374913292,0.30183350614366883,0.08762288374913292
34311,0.09072979203090459,0.5574142602843515,0.09072979203090459
34312,0.0603421704277869,0.14072727137886035,0.0603421704277869
34313,0.42678229040713445,0.5391869311432399,0.42678229040713445
34314,0.06541203653843439,0.2485531076375944,0.06541203653843439
34315,0.10446122592385368,0.22696498888893873,0.10446122592385368
34316,0.6462633631120428,0.821209505676169,0.6462633631120428
34317,0.03551241229349467,0.6395901567049489,0.03551241229349467
34318,0.22263372731423467,0.8308998037698635,0.22263372731423467
34319,0.347668246275774,0.588068269725738,0.347668246275774
34320,0.08649697296151762,0.7683777251631684,0.08649697296151762
34321,0.18852438886421155,0.5079283094326625,0.18852438886421155
34322,0.17416934537409562,0.4076281404668229,0.17416934537409562
34323,0.11990012383192285,0.3959245344494446,0.11990012383192285
34324,0.724534763050376,0.3686582786202165,0.724534763050376
34325,0.09436958354249021,0.5143176527029847,0.09436958354249021
34326,0.07558516329181882,0.3192422971262016,0.07558516329181882
34327,0.2742785078309018,0.6184464945112234,0.2742785078309018
34328,0.1789906489982035,0.30053194171487135,0.1789906489982035
34329,0.10125563179843372,0.7945845072433274,0.10125563179843372
34330,0.416972770394172,0.5670995102665553,0.416972770394172
34331,0.33351137836107053,0.2508703183821327,0.33351137836107053
34332,0.1420858221151013,0.3466274235961671,0.1420858221151013
34333,0.05212974953133942,0.3736244714483204,0.05212974953133942
34334,0.5823053043903448,0.3394704544048369,0.5823053043903448
34335,0.006212868659095254,0.03601993818074319,0.006212868659095254
34336,0.041060161280960294,0.09568690647575667,0.041060161280960294
34337,0.2966346936017019,0.13281821790263498,0.2966346936017019
34338,0.7509359354022181,0.9506327693560613,0.7509359354022181
34339,0.03155717927290386,0.13296350836547277,0.03155717927290386
34340,0.10776666634480818,0.4905538971400453,0.10776666634480818
34341,0.13515520843976764,0.31791714731686266,0.13515520843976764
34342,0.14635399954435882,0.6006665866473317,0.14635399954435882
34343,0.15416632510187103,0.19667694696138208,0.15416632510187103
34344,0.1390747877319758,0.789673504853094,0.1390747877319758
34345,0.0443886459148701,0.04756991319422873,0.0443886459148701
34346,0.047406765457096954,0.07089808356813505,0.047406765457096954
34347,0.10071291263574295,0.3993526602222729,0.10071291263574295
34348,0.0717159651273698,0.6721022175960217,0.0717159651273698
34349,0.23812726713706656,0.8512161474094541,0.23812726713706656
34350,0.16859348552313833,0.36118616678935067,0.16859348552313833
34351,0.13909097007746782,0.30240849007329623,0.13909097007746782
34352,0.12087686925902776,0.36608518206185087,0.12087686925902776
34353,0.05238953936799237,0.10583416670400914,0.05238953936799237
34354,0.2978237174676386,0.18561063098994937,0.2978237174676386
34355,0.2079516831173143,0.7049948453484718,0.2079516831173143
34356,0.528675219352842,0.37329609214237836,0.528675219352842
34357,0.38819566569836694,0.7700486259600954,0.38819566569836694
34358,0.16149299187184232,0.5312240728777735,0.16149299187184232
34359,0.05906069497610342,0.1615161988342855,0.05906069497610342
34360,0.027706255422437636,0.46501154109336035,0.027706255422437636
34361,0.21994199943926854,0.8017542702213883,0.21994199943926854
34362,0.08313329371199454,0.2123384800338667,0.08313329371199454
34363,0.3566578756369749,0.853757677717683,0.3566578756369749
34364,0.27071960434296105,0.452204982987618,0.27071960434296105
34365,0.7687712670272681,0.8005828914319445,0.7687712670272681
34366,0.09779846533663836,0.6990122648730945,0.09779846533663836
34367,0.14763884164007068,0.10344159087366817,0.14763884164007068
34368,0.06657263868023047,0.3548995850222369,0.06657263868023047
34369,0.06002031303044144,0.41023923180718236,0.06002031303044144
34370,0.05069807977418878,0.30615214251199685,0.05069807977418878
34371,0.04547956010076633,0.4745608433023397,0.04547956010076633
34372,0.03382802241270893,0.258017109481285,0.03382802241270893
34373,0.056804269543480355,0.5479073416550899,0.056804269543480355
34374,0.08370885470848095,0.6036964130142506,0.08370885470848095
34375,0.0772406076329377,0.4948588657534206,0.0772406076329377
34376,0.16151137795074458,0.6287560899811041,0.16151137795074458
34377,0.3280399076882356,0.6159941949166864,0.3280399076882356
34378,0.027686408628497843,0.6485491757740659,0.027686408628497843
34379,0.08889018296518458,0.6481243846231237,0.08889018296518458
34380,0.037755654561939855,0.3362310369120409,0.037755654561939855
34381,0.09083387612888151,0.6212841239079336,0.09083387612888151
34382,0.14757008823818102,0.8470648221235301,0.14757008823818102
34383,0.025069804155204597,0.20327465305978654,0.025069804155204597
34384,0.3495415231532363,0.7441671166344674,0.3495415231532363
34385,0.06551745876387416,0.5068272932103366,0.06551745876387416
34386,0.21954367288902663,0.6605605512511599,0.21954367288902663
34387,0.03405993558703522,0.12500578321050493,0.03405993558703522
34388,0.2605036573692332,0.3889378248632864,0.2605036573692332
34389,0.18284966037460593,0.556455307166309,0.18284966037460593
34390,0.5168823828035434,0.9250985256530707,0.5168823828035434
34391,0.08063948862997197,0.37470828210625684,0.08063948862997197
34392,0.08744197301511582,0.07116449589808523,0.08744197301511582
34393,0.007514635795230536,0.5954605323290215,0.007514635795230536
34394,0.024657269859643494,0.046775233083978573,0.024657269859643494
34395,0.07509795264153812,0.175798621956513,0.07509795264153812
34396,0.0491858961792047,0.32158333087063534,0.0491858961792047
34397,0.16938277225469597,0.2562617939795696,0.16938277225469597
34398,0.49679428427457484,0.2818334483428172,0.49679428427457484
34399,0.036154077016344446,0.33594367300473993,0.036154077016344446
34400,0.834440905728323,0.9145604428770278,0.834440905728323
34401,0.44706604014523005,0.1369177341848373,0.44706604014523005
34402,0.07318883869957359,0.20584992019182347,0.07318883869957359
34403,0.05478608189363282,0.6915416921024476,0.05478608189363282
34404,0.03674976729682057,0.4687524822278265,0.03674976729682057
34405,0.03868036671482666,0.1581549412028088,0.03868036671482666
34406,0.5955998497274193,0.6268258094501816,0.5955998497274193
34407,0.36192309736551764,0.6614806116122409,0.36192309736551764
34408,0.04459610809411496,0.34596018195026,0.04459610809411496
34409,0.03501468753253865,0.7608805734889811,0.03501468753253865
34410,0.15308740172146454,0.5612507354755942,0.15308740172146454
34411,0.02656073954380972,0.03919060406089157,0.02656073954380972
34412,0.12278469187279273,0.6086890776522755,0.12278469187279273
34413,0.014179065948454703,0.1623906347965183,0.014179065948454703
34414,0.7611264876806344,0.6616855652454586,0.7611264876806344
34415,0.06385876620352375,0.4178155341212595,0.06385876620352375
34416,0.09998321044777736,0.26327605002531884,0.09998321044777736
34417,0.058654742168190686,0.38753830926555055,0.058654742168190686
34418,0.0753856850182129,0.17861179618042305,0.0753856850182129
34419,0.06812885670249058,0.15406228368347646,0.06812885670249058
34420,0.09626357083465067,0.34423683516698855,0.09626357083465067
34421,0.12634756095743457,0.514352838710755,0.12634756095743457
34422,0.022101680452368152,0.24058260178668142,0.022101680452368152
34423,0.23007487171277083,0.571278445866305,0.23007487171277083
34424,0.038663415400630015,0.5524542286956413,0.038663415400630015
34425,0.0256437325278543,0.057370643590134475,0.0256437325278543
34426,0.089504701106159,0.14364137177666278,0.089504701106159
34427,0.7497307135691106,0.8137695515396668,0.7497307135691106
34428,0.1256527990498716,0.4183029472612796,0.1256527990498716
34429,0.01936332295615248,0.17195848759711393,0.01936332295615248
34430,0.539829426170096,0.47801147143520456,0.539829426170096
34431,0.03500523947772807,0.46657160367339856,0.03500523947772807
34432,0.07232451283594729,0.1330678534696621,0.07232451283594729
34433,0.25334691459592623,0.4272390195906777,0.25334691459592623
34434,0.3147945112506909,0.7420360178875431,0.3147945112506909
34435,0.13143322177734987,0.6424790171617878,0.13143322177734987
34436,0.2616537941881221,0.8731184945176644,0.2616537941881221
34437,0.01507472877956775,0.05476518085663453,0.01507472877956775
34438,0.11869756155914629,0.5030180219773098,0.11869756155914629
34439,0.07273464743752159,0.4824936623595855,0.07273464743752159
34440,0.05673645909525852,0.32744296297604814,0.05673645909525852
34441,0.04825896149982383,0.2735169184782383,0.04825896149982383
34442,0.03434288314356103,0.4289703760450337,0.03434288314356103
34443,0.033832356223762114,0.11010517514378015,0.033832356223762114
34444,0.14698566709121888,0.5116590131488422,0.14698566709121888
34445,0.034242762966098315,0.01549052184676714,0.034242762966098315
34446,0.04256181399411133,0.022771683246670553,0.04256181399411133
34447,0.030144732176777128,0.3340260270484404,0.030144732176777128
34448,0.22352858561141584,0.09343759113496544,0.22352858561141584
34449,0.058728140803868206,0.4860954683347912,0.058728140803868206
34450,0.3550037132740905,0.8253458165142874,0.3550037132740905
34451,0.07883441726145284,0.24182440191517043,0.07883441726145284
34452,0.3380255536658783,0.20292628645622843,0.3380255536658783
34453,0.062010032669866585,0.3118302323300599,0.062010032669866585
34454,0.10522619593783417,0.3508798034225927,0.10522619593783417
34455,0.16322899284774614,0.19817486627026268,0.16322899284774614
34456,0.05149169458828118,0.33591305395702326,0.05149169458828118
34457,0.26793838081844634,0.45762362560109016,0.26793838081844634
34458,0.10919016588837334,0.46261889543033313,0.10919016588837334
34459,0.07852421073977608,0.2972915584603254,0.07852421073977608
34460,0.3966099314135717,0.2500438832969088,0.3966099314135717
34461,0.09684676620641064,0.15593065718883506,0.09684676620641064
34462,0.08407959567985925,0.15527856093590625,0.08407959567985925
34463,0.215580167094866,0.5802138187327328,0.215580167094866
34464,0.05701498360994195,0.12119658899794516,0.05701498360994195
34465,0.045508207215828524,0.22239699129700105,0.045508207215828524
34466,0.05069915864789593,0.15674479825227228,0.05069915864789593
34467,0.31824101701046054,0.923257981348144,0.31824101701046054
34468,0.45496388663933685,0.6516907811839533,0.45496388663933685
34469,0.26130972452296963,0.16166385042657908,0.26130972452296963
34470,0.6293601002409026,0.7823026147809896,0.6293601002409026
34471,0.011406762853009188,0.028651131915174342,0.011406762853009188
34472,0.6899256635331449,0.8703431811806313,0.6899256635331449
34473,0.05137595832458413,0.2834575923614624,0.05137595832458413
34474,0.0270723104469573,0.40284449988125975,0.0270723104469573
34475,0.10319835086239208,0.382621629225037,0.10319835086239208
34476,0.17305279764276593,0.8264168520314686,0.17305279764276593
34477,0.07692401543262972,0.11364702401708233,0.07692401543262972
34478,0.13326870890882847,0.4153782297549522,0.13326870890882847
34479,0.08888978262376122,0.17958232423642914,0.08888978262376122
34480,0.09848435206890324,0.28847204883444083,0.09848435206890324
34481,0.09282475890342032,0.496568850367363,0.09282475890342032
34482,0.19569805019664713,0.44173013850700826,0.19569805019664713
34483,0.4854657752282764,0.3944094205511841,0.4854657752282764
34484,0.09507223921715824,0.09127208104635623,0.09507223921715824
34485,0.43073066295301043,0.8326854099396851,0.43073066295301043
34486,0.08873001674187646,0.33822567650252144,0.08873001674187646
34487,0.12710799941081646,0.17058930475676456,0.12710799941081646
34488,0.1652444072894009,0.8870013147611135,0.1652444072894009
34489,0.03374907602356432,0.11946089301995888,0.03374907602356432
34490,0.11201218953806152,0.87629294196494,0.11201218953806152
34491,0.033451889706840356,0.5306222483568777,0.033451889706840356
34492,0.055718229005988745,0.049953590440063506,0.055718229005988745
34493,0.0722230527831353,0.5137815854456582,0.0722230527831353
34494,0.17123041638911599,0.31235785534346167,0.17123041638911599
34495,0.037440242497731493,0.2943914142272631,0.037440242497731493
34496,0.17846886142688237,0.226110037913873,0.17846886142688237
34497,0.3634984791115394,0.5831872226538855,0.3634984791115394
34498,0.08828961887345665,0.15864877736777136,0.08828961887345665
34499,0.17207783119789843,0.5796016694920855,0.17207783119789843
34500,0.049514483070356136,0.8256991341522264,0.049514483070356136
34501,0.5396689749899204,0.8367727066089719,0.5396689749899204
34502,0.053154801534876873,0.15589601222916663,0.053154801534876873
34503,0.08485800493638675,0.31458835546434294,0.08485800493638675
34504,0.14384813327199147,0.2554573455339022,0.14384813327199147
34505,0.05043554596322542,0.10864753060461001,0.05043554596322542
34506,0.16866377494908472,0.36835670622758543,0.16866377494908472
34507,0.026322033450499594,0.05483312518796119,0.026322033450499594
34508,0.12067871480918445,0.9195539449167771,0.12067871480918445
34509,0.4856423488758769,0.18845515845428548,0.4856423488758769
34510,0.03574134286090921,0.41778718715944146,0.03574134286090921
34511,0.10437331520894036,0.13294960626029445,0.10437331520894036
34512,0.02740865397064136,0.22447529128140448,0.02740865397064136
34513,0.30944070587703637,0.9287975760845084,0.30944070587703637
34514,0.04428786297462444,0.48092308815049856,0.04428786297462444
34515,0.04711051769138827,0.12061779271697955,0.04711051769138827
34516,0.2517039790555228,0.5544200280077929,0.2517039790555228
34517,0.11683964487076015,0.23061702666248846,0.11683964487076015
34518,0.04662566220337829,0.30181080511053177,0.04662566220337829
34519,0.14506557130848352,0.29635126838308695,0.14506557130848352
34520,0.073895705608879,0.4618070063976943,0.073895705608879
34521,0.2689548692666241,0.49732718239248347,0.2689548692666241
34522,0.2578011499811321,0.536932703156962,0.2578011499811321
34523,0.11232879414920857,0.15588744069069183,0.11232879414920857
34524,0.5602536213627111,0.9360630971469338,0.5602536213627111
34525,0.1424866572919465,0.16612047229204008,0.1424866572919465
34526,0.4935012877841552,0.2224745260835668,0.4935012877841552
34527,0.032501394781986694,0.19880859224394873,0.032501394781986694
34528,0.3000733370465757,0.03629629080963029,0.3000733370465757
34529,0.057643083774696485,0.4250752756005638,0.057643083774696485
34530,0.15284933972865222,0.47231388864357493,0.15284933972865222
34531,0.06319790783354695,0.42906071424469977,0.06319790783354695
34532,0.03964837792702645,0.10576312230003224,0.03964837792702645
34533,0.12041914050957382,0.8775669205791621,0.12041914050957382
34534,0.046897254535246624,0.19610554498925215,0.046897254535246624
34535,0.06688900855473663,0.2608324569175746,0.06688900855473663
34536,0.07749587283790903,0.448530855848545,0.07749587283790903
34537,0.05389461081505843,0.054886421332728856,0.05389461081505843
34538,0.39068835727709406,0.7291579821644114,0.39068835727709406
34539,0.06237796452577278,0.23138800340385426,0.06237796452577278
34540,0.08746769289609543,0.6307724581341803,0.08746769289609543
34541,0.07992061616716979,0.3419094581520978,0.07992061616716979
34542,0.2832783672459718,0.22925001595575947,0.2832783672459718
34543,0.064040907969007,0.4392923563807771,0.064040907969007
34544,0.018431303738921673,0.20046035804490972,0.018431303738921673
34545,0.31858393645416005,0.8008920530990462,0.31858393645416005
34546,0.11093081056250327,0.2373814209987207,0.11093081056250327
34547,0.10499599270016811,0.5472582445242306,0.10499599270016811
34548,0.08476507873753857,0.45446840226075097,0.08476507873753857
34549,0.09668305521087343,0.3377178979597331,0.09668305521087343
34550,0.04145417333686769,0.2003037707423926,0.04145417333686769
34551,0.35692176702638556,0.6019558919891612,0.35692176702638556
34552,0.11426765681255215,0.04931160719311574,0.11426765681255215
34553,0.6151982016207788,0.5991411040854344,0.6151982016207788
34554,0.15483805800416123,0.1816577133982691,0.15483805800416123
34555,0.057899256936687564,0.4034762667376336,0.057899256936687564
34556,0.09973416161146108,0.4521343403053239,0.09973416161146108
34557,0.06571826712469386,0.3549082615744381,0.06571826712469386
34558,0.12662851452240492,0.6047820370260489,0.12662851452240492
34559,0.04412699621185406,0.045872665667683506,0.04412699621185406
34560,0.14012079315627235,0.1641160159874699,0.14012079315627235
34561,0.01994022901874913,0.07153399593430863,0.01994022901874913
34562,0.031340778005810636,0.05673753001880165,0.031340778005810636
34563,0.03797220633668088,0.30178369171510133,0.03797220633668088
34564,0.06060720210180948,0.8701175098799651,0.06060720210180948
34565,0.255101490968834,0.47873051060573407,0.255101490968834
34566,0.03333287433132643,0.8028757656436756,0.03333287433132643
34567,0.12046661642837336,0.20827915788357526,0.12046661642837336
34568,0.07042867765544085,0.13082157498654154,0.07042867765544085
34569,0.0816692361198515,0.4424892830302922,0.0816692361198515
34570,0.11643020464880659,0.542931816120678,0.11643020464880659
34571,0.48936315249380063,0.6308829685996109,0.48936315249380063
34572,0.18893873653630625,0.46708542125862246,0.18893873653630625
34573,0.06302701933162166,0.16552377163965926,0.06302701933162166
34574,0.01816840930894504,0.0948424765698111,0.01816840930894504
34575,0.20740232452508867,0.5286420921140664,0.20740232452508867
34576,0.3329118969098304,0.35727659853064037,0.3329118969098304
34577,0.15006203924853073,0.8887947323700227,0.15006203924853073
34578,0.09298988273014962,0.8030538097346575,0.09298988273014962
34579,0.04168213108392047,0.10567191256761484,0.04168213108392047
34580,0.09176864949067949,0.15253474017190863,0.09176864949067949
34581,0.03502044671352049,0.0486869114384344,0.03502044671352049
34582,0.23665857217190808,0.6414124702660297,0.23665857217190808
34583,0.05456848552556667,0.5935932273170745,0.05456848552556667
34584,0.2151418386202868,0.6336239039171752,0.2151418386202868
34585,0.10342960306186633,0.1902654604583834,0.10342960306186633
34586,0.04329430728786193,0.05481775375499613,0.04329430728786193
34587,0.5402198484901748,0.7432082983175028,0.5402198484901748
34588,0.12598480752246272,0.5250470954420363,0.12598480752246272
34589,0.28366424664398554,0.6842218881484414,0.28366424664398554
34590,0.6607744011701832,0.7943447014840334,0.6607744011701832
34591,0.03609780497325753,0.04934225574986581,0.03609780497325753
34592,0.180193980700484,0.5211221664213821,0.180193980700484
34593,0.5400665030705716,0.4342178846592246,0.5400665030705716
34594,0.39825532760223614,0.46315944132853176,0.39825532760223614
34595,0.18150351518663488,0.4770431457356898,0.18150351518663488
34596,0.5756466398444244,0.4681856431273679,0.5756466398444244
34597,0.18636707872864325,0.1714360855642084,0.18636707872864325
34598,0.28251646332908154,0.19369830210322234,0.28251646332908154
34599,0.5542044424156608,0.6313345664862713,0.5542044424156608
34600,0.25041992149121844,0.6051152521499258,0.25041992149121844
34601,0.07156185777529617,0.37513518994581446,0.07156185777529617
34602,0.10404623422201262,0.33197240777084847,0.10404623422201262
34603,0.09859068079028396,0.19166126825667268,0.09859068079028396
34604,0.08758715286597572,0.3768356746450144,0.08758715286597572
34605,0.19075162777402788,0.5413807596263552,0.19075162777402788
34606,0.08429569596533118,0.18869743633599642,0.08429569596533118
34607,0.20060986373910972,0.7737339140310574,0.20060986373910972
34608,0.26635270234398645,0.5663177484822012,0.26635270234398645
34609,0.06332732143748214,0.47398051651088124,0.06332732143748214
34610,0.05155186027494089,0.13437624017382233,0.05155186027494089
34611,0.024376918316934386,0.02630637911306992,0.024376918316934386
34612,0.06072274129676296,0.08788509583047843,0.06072274129676296
34613,0.06260802662915162,0.18047260724131617,0.06260802662915162
34614,0.47089022394274804,0.6337248148789647,0.47089022394274804
34615,0.052810753958244167,0.17917747149732258,0.052810753958244167
34616,0.34463867616568955,0.606213006366206,0.34463867616568955
34617,0.019504931674986552,0.007598064019762227,0.019504931674986552
34618,0.2638950676840866,0.8533814696360634,0.2638950676840866
34619,0.12373410323550163,0.25269826026210185,0.12373410323550163
34620,0.5738002911952587,0.48589805792206375,0.5738002911952587
34621,0.1319508697013516,0.4094036913698737,0.1319508697013516
34622,0.11782415856413855,0.39347483849668413,0.11782415856413855
34623,0.7494177121175248,0.7461644958375767,0.7494177121175248
34624,0.47702034613763844,0.4641599663792367,0.47702034613763844
34625,0.31257438792497516,0.34498347714911737,0.31257438792497516
34626,0.5275414915580549,0.39083379932739976,0.5275414915580549
34627,0.10344262280071743,0.012173617042825028,0.10344262280071743
34628,0.17249730350647263,0.5538872700360825,0.17249730350647263
34629,0.012717801497802706,0.08800811925735598,0.012717801497802706
34630,0.09244093269599153,0.19785952981617475,0.09244093269599153
34631,0.044561993987233886,0.7211783176624481,0.044561993987233886
34632,0.022227300561205237,0.018578882514502636,0.022227300561205237
34633,0.22534932682261927,0.22562243716466454,0.22534932682261927
34634,0.058136705839950925,0.37933709925242615,0.058136705839950925
34635,0.0817666578204958,0.1676219622608833,0.0817666578204958
34636,0.6076838992540967,0.3962636098893807,0.6076838992540967
34637,0.05274845919468473,0.16518436446578497,0.05274845919468473
34638,0.5167633705272051,0.48360033642342243,0.5167633705272051
34639,0.02022117027608496,0.054540566443911496,0.02022117027608496
34640,0.05390940319692708,0.19713529964085666,0.05390940319692708
34641,0.07765717836017387,0.106520085307725,0.07765717836017387
34642,0.0537749045150047,0.5399901260284187,0.0537749045150047
34643,0.8348101672406718,0.8778132820733896,0.8348101672406718
34644,0.2586535930313603,0.5874647602219425,0.2586535930313603
34645,0.055780581075765334,0.2816633954603767,0.055780581075765334
34646,0.2025384257224957,0.4631244410077891,0.2025384257224957
34647,0.7494392042567982,0.39875902807597036,0.7494392042567982
34648,0.05189788528732326,0.14175097080665644,0.05189788528732326
34649,0.02115327271974548,0.1605279667393994,0.02115327271974548
34650,0.5651483316064105,0.6182836885255324,0.5651483316064105
34651,0.5207004223064442,0.47383380578279216,0.5207004223064442
34652,0.04524189281613512,0.3078028337025783,0.04524189281613512
34653,0.44408569296145456,0.5595517785691815,0.44408569296145456
34654,0.08612245186983476,0.1801431937943071,0.08612245186983476
34655,0.12170285152801842,0.22045463230635035,0.12170285152801842
34656,0.07881836025316614,0.25926120353075005,0.07881836025316614
34657,0.32531334318021143,0.7639474797184144,0.32531334318021143
34658,0.10888988752993582,0.24016398294788363,0.10888988752993582
34659,0.18284632245588459,0.4413860881004321,0.18284632245588459
34660,0.09071336398347743,0.7308391341145163,0.09071336398347743
34661,0.0661032188674409,0.40071533166373624,0.0661032188674409
34662,0.23033130200344287,0.21887816974092028,0.23033130200344287
34663,0.6229181773610689,0.5573078524579965,0.6229181773610689
34664,0.17323873714254456,0.8948943692968554,0.17323873714254456
34665,0.043933669611274866,0.14989981921065587,0.043933669611274866
34666,0.0920961919519332,0.21622960175416078,0.0920961919519332
34667,0.05366186246994177,0.1825928213906448,0.05366186246994177
34668,0.04253229706611434,0.6737634397382719,0.04253229706611434
34669,0.04137590999233843,0.2680219759229604,0.04137590999233843
34670,0.5067534127149178,0.6102146124066951,0.5067534127149178
34671,0.15464062653519983,0.8183836420152978,0.15464062653519983
34672,0.0660555696420502,0.3734407867343577,0.0660555696420502
34673,0.4731655973865512,0.3638137806785846,0.4731655973865512
34674,0.02320612778332701,0.05328275536015257,0.02320612778332701
34675,0.8159012671284702,0.8067450295738531,0.8159012671284702
34676,0.6420825613732186,0.7366341181607639,0.6420825613732186
34677,0.09515115409736781,0.19125900891750244,0.09515115409736781
34678,0.0829217942169944,0.889008792570614,0.0829217942169944
34679,0.32282940943294447,0.6672330456689666,0.32282940943294447
34680,0.13443360421031478,0.7424808255349219,0.13443360421031478
34681,0.08621941226835839,0.0667879166692392,0.08621941226835839
34682,0.5675733821009945,0.6342023281376574,0.5675733821009945
34683,0.6378444448154285,0.6194911183993399,0.6378444448154285
34684,0.07508696389322334,0.061653862768684786,0.07508696389322334
34685,0.1489754465103583,0.5116029377720682,0.1489754465103583
34686,0.03939764068432828,0.38739541421154916,0.03939764068432828
34687,0.2101932902315868,0.5384430356103184,0.2101932902315868
34688,0.022434673771109186,0.4669609737995979,0.022434673771109186
34689,0.8671710398772964,0.4201478730295876,0.8671710398772964
34690,0.6071331550439442,0.4323321993216861,0.6071331550439442
34691,0.08908706295909417,0.28915176079648425,0.08908706295909417
34692,0.4450009292112175,0.7575412058097888,0.4450009292112175
34693,0.15693084230860976,0.1612401331407859,0.15693084230860976
34694,0.11908787333594602,0.6763978635462963,0.11908787333594602
34695,0.042207457472031855,0.20037185587224887,0.042207457472031855
34696,0.07665671563185274,0.6636456573812832,0.07665671563185274
34697,0.09794091666367795,0.14148192810625457,0.09794091666367795
34698,0.3751900568379525,0.12357752693316539,0.3751900568379525
34699,0.01620069485595567,0.23488633951559212,0.01620069485595567
34700,0.08586444385548148,0.324100363757056,0.08586444385548148
34701,0.04048328459755193,0.11578916561759861,0.04048328459755193
34702,0.023738502000716685,0.13767290911191518,0.023738502000716685
34703,0.03907497183334432,0.1056890866818445,0.03907497183334432
34704,0.11012590784860656,0.6003183827002107,0.11012590784860656
34705,0.1494705269353117,0.8308802043042416,0.1494705269353117
34706,0.14175830221454006,0.6565770925552981,0.14175830221454006
34707,0.08714724869429596,0.22453433452640995,0.08714724869429596
34708,0.0772418451554203,0.2856465748567841,0.0772418451554203
34709,0.02832677155612507,0.23920679929282135,0.02832677155612507
34710,0.025768949312287303,0.05526064636381606,0.025768949312287303
34711,0.7528239829949729,0.6694912815100668,0.7528239829949729
34712,0.4160461615453305,0.7263038176186167,0.4160461615453305
34713,0.11169127826755502,0.19055363391889307,0.11169127826755502
34714,0.11650855249684276,0.19716749858163066,0.11650855249684276
34715,0.059449500392052726,0.1558726480374494,0.059449500392052726
34716,0.29399258658878363,0.7839911913152791,0.29399258658878363
34717,0.03660417608674491,0.19480171428385754,0.03660417608674491
34718,0.11581173675086891,0.21985864849059425,0.11581173675086891
34719,0.012057338796713751,0.5998281896217746,0.012057338796713751
34720,0.16196467427286224,0.457107348070338,0.16196467427286224
34721,0.023265089170133996,0.11335284144790984,0.023265089170133996
34722,0.15184829282665682,0.25933558900337905,0.15184829282665682
34723,0.15477548919136103,0.21803160856581674,0.15477548919136103
34724,0.6921801365029584,0.5613195336817893,0.6921801365029584
34725,0.5242089828426983,0.891208892997135,0.5242089828426983
34726,0.04051017018660513,0.1359150475127921,0.04051017018660513
34727,0.023992178390598296,0.8774660535119122,0.023992178390598296
34728,0.04335278403278881,0.5635480556552644,0.04335278403278881
34729,0.6213883132053092,0.6038133101063654,0.6213883132053092
34730,0.06661116875993069,0.08959731273201631,0.06661116875993069
34731,0.0890675681686175,0.12489241739035147,0.0890675681686175
34732,0.046983648303538135,0.22016150778867147,0.046983648303538135
34733,0.07827014568556846,0.9038306430220476,0.07827014568556846
34734,0.13736200020062492,0.40539302022715434,0.13736200020062492
34735,0.07515217803733112,0.6734882805869862,0.07515217803733112
34736,0.015425673151641998,0.8521600322875623,0.015425673151641998
34737,0.05008099824448293,0.2488896053762572,0.05008099824448293
34738,0.06646455184507176,0.09903928892311814,0.06646455184507176
34739,0.025670202404953355,0.043065423416195514,0.025670202404953355
34740,0.05358672275150627,0.5892577295086473,0.05358672275150627
34741,0.047119020115493536,0.3582306982113539,0.047119020115493536
34742,0.15292756593837958,0.36806149487393,0.15292756593837958
34743,0.09029059372216341,0.17858168321964477,0.09029059372216341
34744,0.05792680296821323,0.3112653637520366,0.05792680296821323
34745,0.09680888818052422,0.31624310312709925,0.09680888818052422
34746,0.04624584771659695,0.29674675921192983,0.04624584771659695
34747,0.1859257688634704,0.42114624935215095,0.1859257688634704
34748,0.6777000198999477,0.8492109851846917,0.6777000198999477
34749,0.07708317298593953,0.24278032444653408,0.07708317298593953
34750,0.16979841268042467,0.7026173710383438,0.16979841268042467
34751,0.49561466063803217,0.5774866082465108,0.49561466063803217
34752,0.1873801691402434,0.7539926044715526,0.1873801691402434
34753,0.14960129784633905,0.5934208516110153,0.14960129784633905
34754,0.03540710149132508,0.18708590899025862,0.03540710149132508
34755,0.4985114761196172,0.9414448299097691,0.4985114761196172
34756,0.6390285245752527,0.6447545229686058,0.6390285245752527
34757,0.09096842091207988,0.6486683875500475,0.09096842091207988
34758,0.04020272135340594,0.41501310541152603,0.04020272135340594
34759,0.23420653984595613,0.5548129351682921,0.23420653984595613
34760,0.643945885278572,0.41106102168649183,0.643945885278572
34761,0.020149320984695105,0.04086562355716081,0.020149320984695105
34762,0.19121824167990709,0.7229690007959882,0.19121824167990709
34763,0.4317827111830416,0.7663698672215611,0.4317827111830416
34764,0.011509155406215554,0.1484537880764786,0.011509155406215554
34765,0.10391541281212832,0.33214896810004996,0.10391541281212832
34766,0.4887409859966482,0.9411534830546362,0.4887409859966482
34767,0.13417432040783647,0.5980924964105735,0.13417432040783647
34768,0.3381433644531374,0.3087461213578488,0.3381433644531374
34769,0.09913770647319442,0.31492391332859004,0.09913770647319442
34770,0.07374742981096136,0.48829258937664577,0.07374742981096136
34771,0.06794887329606097,0.8067381287760992,0.06794887329606097
34772,0.3628697830108419,0.6087573681438506,0.3628697830108419
34773,0.11154953580265595,0.5378382887493378,0.11154953580265595
34774,0.3340791957055722,0.5456303469072701,0.3340791957055722
34775,0.09334109814836862,0.23434309847761045,0.09334109814836862
34776,0.1636556469745614,0.08242584071827855,0.1636556469745614
34777,0.01993881043176898,0.12335254117731032,0.01993881043176898
34778,0.30848606534175027,0.6029911024676216,0.30848606534175027
34779,0.12624095196075638,0.35814360360566916,0.12624095196075638
34780,0.08127443229049443,0.15190371357086127,0.08127443229049443
34781,0.13265285448820646,0.6588502479160845,0.13265285448820646
34782,0.03986837571086748,0.03265130547714529,0.03986837571086748
34783,0.06014294934948777,0.40288127953181985,0.06014294934948777
34784,0.06832565764360281,0.2126311641607626,0.06832565764360281
34785,0.068316545765337,0.3400327122969182,0.068316545765337
34786,0.8419821581112722,0.5577229516909863,0.8419821581112722
34787,0.048553678078460824,0.47580468271892434,0.048553678078460824
34788,0.39784241025179556,0.8678689585886193,0.39784241025179556
34789,0.03018682975213719,0.4324806203956987,0.03018682975213719
34790,0.5299431328186366,0.4922949549978749,0.5299431328186366
34791,0.02344156895758415,0.08450241684866626,0.02344156895758415
34792,0.06580414249363745,0.06401769103494999,0.06580414249363745
34793,0.6580595445017314,0.6077796746253994,0.6580595445017314
34794,0.021949617601813402,0.12416660872226984,0.021949617601813402
34795,0.03264056402924398,0.0638590293881644,0.03264056402924398
34796,0.12871255366461654,0.9339992800441825,0.12871255366461654
34797,0.04065751214052713,0.2012318708795169,0.04065751214052713
34798,0.3040024040815555,0.9038905889620763,0.3040024040815555
34799,0.24899498575308848,0.5337758877940836,0.24899498575308848
34800,0.03896404273923249,0.1592814071009495,0.03896404273923249
34801,0.21143964401281262,0.5349698569651872,0.21143964401281262
34802,0.12470404283522496,0.2257328776977332,0.12470404283522496
34803,0.4638203889806294,0.7386748993420975,0.4638203889806294
34804,0.15015340066668423,0.40807743464856544,0.15015340066668423
34805,0.11744160366736736,0.19530832741473947,0.11744160366736736
34806,0.14005962957678028,0.3704195088980454,0.14005962957678028
34807,0.14438021007363072,0.5832164065974639,0.14438021007363072
34808,0.29868727076726376,0.2613739121224182,0.29868727076726376
34809,0.2672887904950248,0.13686059883345297,0.2672887904950248
34810,0.6398142552214193,0.507279683283052,0.6398142552214193
34811,0.03517670610122884,0.4973936806024858,0.03517670610122884
34812,0.06643387970238046,0.3574573036555382,0.06643387970238046
34813,0.02121727159342648,0.18661126187449034,0.02121727159342648
34814,0.031981452699145506,0.3824463799502488,0.031981452699145506
34815,0.5228268311502328,0.5135434744323811,0.5228268311502328
34816,0.06949248687807492,0.14358776346666044,0.06949248687807492
34817,0.07665646257508042,0.14634975423807262,0.07665646257508042
34818,0.09198838857845688,0.6878151997805529,0.09198838857845688
34819,0.026530235048797177,0.1172199828085758,0.026530235048797177
34820,0.1883949533181736,0.42910010039311364,0.1883949533181736
34821,0.008273397734798365,0.17189905407464515,0.008273397734798365
34822,0.075623247894069,0.3573416223430733,0.075623247894069
34823,0.1319091297760607,0.3012185556872414,0.1319091297760607
34824,0.08321373058028736,0.1240321928260939,0.08321373058028736
34825,0.12328899140840266,0.2709167797738667,0.12328899140840266
34826,0.014487507051059454,0.05159275952616099,0.014487507051059454
34827,0.08878651842715812,0.5273488904466399,0.08878651842715812
34828,0.03035531027881808,0.10682704056792641,0.03035531027881808
34829,0.4626330492910398,0.4216868364289601,0.4626330492910398
34830,0.6321584287204824,0.5812929734037047,0.6321584287204824
34831,0.09853839646360414,0.4375644339800628,0.09853839646360414
34832,0.0732594174207276,0.29635818868402114,0.0732594174207276
34833,0.05073783282666554,0.09005956026841326,0.05073783282666554
34834,0.1328151791869253,0.2320736867984442,0.1328151791869253
34835,0.047763120760307476,0.418140415885909,0.047763120760307476
34836,0.036487522560334815,0.6304797348285486,0.036487522560334815
34837,0.05845932875676763,0.2920783812711543,0.05845932875676763
34838,0.05220047987928889,0.23619163834369952,0.05220047987928889
34839,0.24441452621318518,0.7520564006918667,0.24441452621318518
34840,0.06544323504475702,0.37686451704281215,0.06544323504475702
34841,0.06497444733187466,0.13508141210384136,0.06497444733187466
34842,0.017848804369117843,0.1776838776172941,0.017848804369117843
34843,0.10114961940659548,0.4487898533978228,0.10114961940659548
34844,0.24620743844757637,0.8123874895988142,0.24620743844757637
34845,0.046420077696928456,0.4654642421161162,0.046420077696928456
34846,0.039287156892174026,0.40000054739786584,0.039287156892174026
34847,0.330662566694203,0.9116311357363892,0.330662566694203
34848,0.03975781221389426,0.34117595142821305,0.03975781221389426
34849,0.13159964563359064,0.925050919911091,0.13159964563359064
34850,0.4510094721436823,0.2948210828644174,0.4510094721436823
34851,0.0934485435784672,0.7185563602477915,0.0934485435784672
34852,0.150934416386945,0.6900648564266362,0.150934416386945
34853,0.09388538567798063,0.1060711641830907,0.09388538567798063
34854,0.021669775457359465,0.3599195400777583,0.021669775457359465
34855,0.08576948717577841,0.6855297533830225,0.08576948717577841
34856,0.2473740974400781,0.37035111831113965,0.2473740974400781
34857,0.015122814532022442,0.016343798006292855,0.015122814532022442
34858,0.05052152474181718,0.19910024314288632,0.05052152474181718
34859,0.08439829120503599,0.2614867383963509,0.08439829120503599
34860,0.6748759119267836,0.6285472435695877,0.6748759119267836
34861,0.04152715512489034,0.4024215845682191,0.04152715512489034
34862,0.2245585172199401,0.10525925168445466,0.2245585172199401
34863,0.10914023701837006,0.04908034794163869,0.10914023701837006
34864,0.791920061422325,0.8398343737421995,0.791920061422325
34865,0.320431859870376,0.6788534739074161,0.320431859870376
34866,0.825683214058858,0.7491766629705872,0.825683214058858
34867,0.05404362367719277,0.0672625742891282,0.05404362367719277
34868,0.6796264240323894,0.8531804016275496,0.6796264240323894
34869,0.1343931037288904,0.35049670473725,0.1343931037288904
34870,0.020628071714918917,0.39488813467773637,0.020628071714918917
34871,0.025081796674466944,0.2826649649440335,0.025081796674466944
34872,0.2105569184291649,0.6957831027893553,0.2105569184291649
34873,0.04325159607728382,0.13687456917559684,0.04325159607728382
34874,0.23792450523065214,0.3884765373086158,0.23792450523065214
34875,0.4879023508845928,0.7200773697690434,0.4879023508845928
34876,0.7240058980679589,0.8571870247115062,0.7240058980679589
34877,0.06732689552451182,0.6835881528210033,0.06732689552451182
34878,0.10353020043077957,0.6979083878459915,0.10353020043077957
34879,0.09823816175261754,0.4379581183462635,0.09823816175261754
34880,0.034642233342813605,0.12120783529329957,0.034642233342813605
34881,0.3130589169964608,0.8141326089358929,0.3130589169964608
34882,0.02877064124010512,0.10649239843954933,0.02877064124010512
34883,0.04550571685473862,0.25879125038982637,0.04550571685473862
34884,0.05764650540128518,0.17769036197164484,0.05764650540128518
34885,0.7672237135930823,0.8661564400589297,0.7672237135930823
34886,0.35096143993525475,0.6186476255560268,0.35096143993525475
34887,0.10012228830309182,0.2993375228921084,0.10012228830309182
34888,0.2977463413917332,0.8866639712517168,0.2977463413917332
34889,0.2923814087090403,0.055621925630153835,0.2923814087090403
34890,0.07487533842767213,0.27954270780717416,0.07487533842767213
34891,0.0804880827516317,0.0696364051361283,0.0804880827516317
34892,0.7273370522410985,0.8879927398544436,0.7273370522410985
34893,0.09106813081718829,0.18778952812226987,0.09106813081718829
34894,0.09958424006273946,0.2662278644327875,0.09958424006273946
34895,0.837034461685626,0.9062813413592778,0.837034461685626
34896,0.02560751686911466,0.3511044211192264,0.02560751686911466
34897,0.7060151902718682,0.6728587871085652,0.7060151902718682
34898,0.12570303235071087,0.7084286874612231,0.12570303235071087
34899,0.6948171433283805,0.8622782039610213,0.6948171433283805
34900,0.08772740955498474,0.11819121844452357,0.08772740955498474
34901,0.0295395984413232,0.09716078857435873,0.0295395984413232
34902,0.06609568797868844,0.0421246883745175,0.06609568797868844
34903,0.09639278960662231,0.15000698543296287,0.09639278960662231
34904,0.03663713984616024,0.06266843061600195,0.03663713984616024
34905,0.08965569990357451,0.33454231311035304,0.08965569990357451
34906,0.08354577831945291,0.37652335788482016,0.08354577831945291
34907,0.054946764749262855,0.27493504121597095,0.054946764749262855
34908,0.06217429105202352,0.3042020276835108,0.06217429105202352
34909,0.13325936109569755,0.2604671882282509,0.13325936109569755
34910,0.4604640725067659,0.5082385632744792,0.4604640725067659
34911,0.7939959582754246,0.32138419569257454,0.7939959582754246
34912,0.06622732895976176,0.1241287139977838,0.06622732895976176
34913,0.20836493551780683,0.2742860571737262,0.20836493551780683
34914,0.09102301821639758,0.611634084688498,0.09102301821639758
34915,0.06297712776344107,0.12782654201090518,0.06297712776344107
34916,0.03789160015779685,0.2753238000268846,0.03789160015779685
34917,0.4859292173483942,0.9486864301381936,0.4859292173483942
34918,0.07064790981201133,0.400132439545028,0.07064790981201133
34919,0.4576042700854967,0.451895560028271,0.4576042700854967
34920,0.69903787943418,0.8742884287454827,0.69903787943418
34921,0.16805530099971044,0.6424708094156939,0.16805530099971044
34922,0.061641860130171144,0.21237670481461432,0.061641860130171144
34923,0.018845216392569926,0.3580898382274913,0.018845216392569926
34924,0.5076047136427984,0.3936195055955952,0.5076047136427984
34925,0.04021234123937458,0.11898516548227497,0.04021234123937458
34926,0.09990369344900796,0.43685349708206833,0.09990369344900796
34927,0.1396050337155801,0.6262656175876825,0.1396050337155801
34928,0.03820627099968361,0.2821136770422951,0.03820627099968361
34929,0.15579187251553553,0.608434935171979,0.15579187251553553
34930,0.1578903734242743,0.5101509250036531,0.1578903734242743
34931,0.18605274123941307,0.6676285658098822,0.18605274123941307
34932,0.020500187886311628,0.23501677838304097,0.020500187886311628
34933,0.18676138489351052,0.17628602349261027,0.18676138489351052
34934,0.030648149389456293,0.13011309244832686,0.030648149389456293
34935,0.1448678260057552,0.7430974628616176,0.1448678260057552
34936,0.2124472484042104,0.7888747425616021,0.2124472484042104
34937,0.036824310503050524,0.10702350374637472,0.036824310503050524
34938,0.20876881906807213,0.9023225648274988,0.20876881906807213
34939,0.05485042955632414,0.29072745754800755,0.05485042955632414
34940,0.5367387703877015,0.9366082531531252,0.5367387703877015
34941,0.05861765665895346,0.06963483342306777,0.05861765665895346
34942,0.4837096946661127,0.6251353698402994,0.4837096946661127
34943,0.05688806481578753,0.3689435246410501,0.05688806481578753
34944,0.10618600041334884,0.0502934995071127,0.10618600041334884
34945,0.1328957497448474,0.31273316914699656,0.1328957497448474
34946,0.3255543115961368,0.2955171175559204,0.3255543115961368
34947,0.12052179760494508,0.3767047030164461,0.12052179760494508
34948,0.28469984243517604,0.04484202832534599,0.28469984243517604
34949,0.14523266731373216,0.33158429833645037,0.14523266731373216
34950,0.030756161120731988,0.19232385982623015,0.030756161120731988
34951,0.07590706732029875,0.3644108653101259,0.07590706732029875
34952,0.10902084082548875,0.837667649584381,0.10902084082548875
34953,0.15304780371473067,0.6615515212240012,0.15304780371473067
34954,0.4465665353109343,0.9232758361230137,0.4465665353109343
34955,0.05024017756527872,0.21035762700880808,0.05024017756527872
34956,0.5125186224554744,0.4331474038192882,0.5125186224554744
34957,0.3626641009643777,0.5253709161909118,0.3626641009643777
34958,0.08219387049873006,0.7264795212093069,0.08219387049873006
34959,0.2322610852525365,0.18357948388462222,0.2322610852525365
34960,0.08554528006254147,0.32133745122728,0.08554528006254147
34961,0.15266104241453735,0.8155070088914949,0.15266104241453735
34962,0.6104357665347251,0.6776597069069439,0.6104357665347251
34963,0.05488721969251105,0.7394329931635064,0.05488721969251105
34964,0.03750888646836159,0.04946782820607966,0.03750888646836159
34965,0.16720860795244305,0.33077699061579535,0.16720860795244305
34966,0.027686357030764986,0.07937361259634187,0.027686357030764986
34967,0.08236597087244134,0.1190125537723936,0.08236597087244134
34968,0.27720788338952673,0.6113986617419664,0.27720788338952673
34969,0.12046201629451911,0.6392403280688146,0.12046201629451911
34970,0.03049658803724149,0.13404985613248244,0.03049658803724149
34971,0.08473100096677162,0.4552559525469846,0.08473100096677162
34972,0.1490627273931718,0.5258555419451979,0.1490627273931718
34973,0.16443731624481586,0.2310983126399925,0.16443731624481586
34974,0.35623758693711544,0.49202565496029693,0.35623758693711544
34975,0.07058622749689819,0.04557525868940888,0.07058622749689819
34976,0.04926884853488015,0.33956933560954433,0.04926884853488015
34977,0.09671652782170977,0.35816372816035813,0.09671652782170977
34978,0.15920831375245145,0.6240473383633642,0.15920831375245145
34979,0.05960150475074816,0.21504630950258402,0.05960150475074816
34980,0.8110491475736582,0.8210376547950041,0.8110491475736582
34981,0.025823094406110494,0.37228145229743126,0.025823094406110494
34982,0.7026821967645873,0.6575780899493706,0.7026821967645873
34983,0.05058892517991871,0.14391134419549712,0.05058892517991871
34984,0.26045514527938135,0.5598524469039345,0.26045514527938135
34985,0.19005803590156808,0.6794142325849154,0.19005803590156808
34986,0.49681473197382087,0.25690435894083613,0.49681473197382087
34987,0.007576482790641127,0.0389606275599947,0.007576482790641127
34988,0.16557010492558832,0.19920942143674394,0.16557010492558832
34989,0.06940395145504698,0.19576912695782078,0.06940395145504698
34990,0.02991444295776726,0.7009737768508072,0.02991444295776726
34991,0.6595791058746485,0.3836149207249549,0.6595791058746485
34992,0.10072952498324352,0.9264752351245044,0.10072952498324352
34993,0.1859790271416506,0.7374893133967249,0.1859790271416506
34994,0.22910432962977967,0.5904895268883532,0.22910432962977967
34995,0.09991770040802546,0.8574734343794704,0.09991770040802546
34996,0.43908999783834235,0.6269550083167448,0.43908999783834235
34997,0.14512446661758005,0.21162676647766993,0.14512446661758005
34998,0.6657386504362496,0.19262642505681568,0.6657386504362496
34999,0.11436797231647532,0.5535426848287818,0.11436797231647532
35000,0.03710563560202342,0.5411597068426627,0.03710563560202342
35001,0.04286092367827482,0.2626180283979952,0.04286092367827482
35002,0.039743194506112425,0.42989622984479325,0.039743194506112425
35003,0.07793121676948347,0.5879846898351956,0.07793121676948347
35004,0.05236445130142471,0.08519307462642497,0.05236445130142471
35005,0.09079588783614093,0.5287426171720815,0.09079588783614093
35006,0.06268892320363624,0.3920957265947028,0.06268892320363624
35007,0.053863514689969985,0.2949524618400806,0.053863514689969985
35008,0.16238758852150512,0.3208503280166019,0.16238758852150512
35009,0.08281348966974071,0.5276180129183994,0.08281348966974071
35010,0.10105154059121102,0.3257541351125231,0.10105154059121102
35011,0.26895719090172293,0.6014161917044502,0.26895719090172293
35012,0.6246714011359561,0.7765996178261296,0.6246714011359561
35013,0.08791106149239766,0.4671009735202336,0.08791106149239766
35014,0.06383168810823409,0.1361990380683324,0.06383168810823409
35015,0.31367353308416157,0.1521270041933029,0.31367353308416157
35016,0.07501910695277512,0.41684331150725124,0.07501910695277512
35017,0.6896098004123297,0.7875832761138057,0.6896098004123297
35018,0.05207265360229286,0.221332534929414,0.05207265360229286
35019,0.05212455504363574,0.5259738517726861,0.05212455504363574
35020,0.8067602890301567,0.8020851032371199,0.8067602890301567
35021,0.03946309649104068,0.06909368989447727,0.03946309649104068
35022,0.02394854046416807,0.18397915751293603,0.02394854046416807
35023,0.08393073762958893,0.11272691360254117,0.08393073762958893
35024,0.48972988665783745,0.14194734523632002,0.48972988665783745
35025,0.04550297045237366,0.17362226378215134,0.04550297045237366
35026,0.1990577377481204,0.5087779686202898,0.1990577377481204
35027,0.05394426095782324,0.43188900604563224,0.05394426095782324
35028,0.2036040377268211,0.867247792564411,0.2036040377268211
35029,0.2416465337628664,0.6065034085773272,0.2416465337628664
35030,0.39501271787325115,0.3748583722584368,0.39501271787325115
35031,0.09426554610615333,0.18956625124482063,0.09426554610615333
35032,0.17865086424930268,0.7778232391164989,0.17865086424930268
35033,0.13461068334301046,0.6328429394655553,0.13461068334301046
35034,0.04164622556419465,0.44358046904890674,0.04164622556419465
35035,0.09812174393430355,0.5976523966103663,0.09812174393430355
35036,0.10503870675458823,0.6034441079814838,0.10503870675458823
35037,0.022267214634376115,0.4587506603255225,0.022267214634376115
35038,0.12007256391890742,0.0936921413060153,0.12007256391890742
35039,0.40080559805371857,0.7115446561554692,0.40080559805371857
35040,0.244090761450768,0.2424886998329481,0.244090761450768
35041,0.14099224768238466,0.2861284025374571,0.14099224768238466
35042,0.044400339494790844,0.21588844762566284,0.044400339494790844
35043,0.133626620881868,0.5042475999708176,0.133626620881868
35044,0.07702784155682345,0.2918023093290139,0.07702784155682345
35045,0.05902911444348821,0.11216114384827153,0.05902911444348821
35046,0.8609967029308977,0.711959509820844,0.8609967029308977
35047,0.496065663040436,0.3422012112289062,0.496065663040436
35048,0.07530016246861194,0.34848075032061154,0.07530016246861194
35049,0.09969960802381962,0.4282790259442494,0.09969960802381962
35050,0.054337332090870015,0.054731901367045546,0.054337332090870015
35051,0.11888363198400732,0.32320710583698575,0.11888363198400732
35052,0.022826989156575026,0.18289568977583284,0.022826989156575026
35053,0.08990619293843663,0.8510107541627921,0.08990619293843663
35054,0.04900868554518599,0.22186911963642894,0.04900868554518599
35055,0.3405892334849951,0.5577470293876123,0.3405892334849951
35056,0.18632420087506682,0.07135637570481772,0.18632420087506682
35057,0.1020842779774831,0.13628856276113727,0.1020842779774831
35058,0.5308052671822721,0.15790465662444883,0.5308052671822721
35059,0.06605883573821585,0.10346841358612119,0.06605883573821585
35060,0.02281785218303196,0.09162531681101833,0.02281785218303196
35061,0.09015181546884711,0.15502612867230922,0.09015181546884711
35062,0.1830928630980836,0.6384947476992591,0.1830928630980836
35063,0.054443916513997506,0.12466061943985766,0.054443916513997506
35064,0.17828409181472438,0.4730763008121198,0.17828409181472438
35065,0.5643139733161748,0.8191451878956547,0.5643139733161748
35066,0.11438901705489687,0.6298592148741798,0.11438901705489687
35067,0.05534325721040612,0.1997693660242052,0.05534325721040612
35068,0.082260506683123,0.44848833782300435,0.082260506683123
35069,0.062441353162591175,0.21067681850854728,0.062441353162591175
35070,0.28228637836180276,0.5142604301404679,0.28228637836180276
35071,0.35774185646529594,0.25433383336447835,0.35774185646529594
35072,0.3473001214390651,0.6999164338076416,0.3473001214390651
35073,0.2022516447252389,0.10474238495949512,0.2022516447252389
35074,0.3184275186439175,0.3340798037436694,0.3184275186439175
35075,0.067714846584364,0.16547476609191453,0.067714846584364
35076,0.1310915413181867,0.42835080805486003,0.1310915413181867
35077,0.01093972751333333,0.06332506658137796,0.01093972751333333
35078,0.11237121708747204,0.09034046995702143,0.11237121708747204
35079,0.715248355827773,0.8256275059916509,0.715248355827773
35080,0.10640711376635432,0.42199739028953814,0.10640711376635432
35081,0.23124210136911735,0.3729411343539827,0.23124210136911735
35082,0.016873544792228478,0.1251002077925335,0.016873544792228478
35083,0.14458219845658715,0.2914837791783409,0.14458219845658715
35084,0.33558682250470157,0.6894495165741316,0.33558682250470157
35085,0.06639840726428495,0.5467201475259104,0.06639840726428495
35086,0.04796058365724328,0.17496562699330423,0.04796058365724328
35087,0.041588879640176116,0.5162742339171456,0.041588879640176116
35088,0.2717669857798069,0.9244843627034363,0.2717669857798069
35089,0.05439282847465828,0.2637811516843234,0.05439282847465828
35090,0.26304509626345474,0.5386120813064708,0.26304509626345474
35091,0.12465441651162283,0.13838839607664524,0.12465441651162283
35092,0.04276609817824424,0.4460750290971844,0.04276609817824424
35093,0.015348588678673631,0.017038604241507993,0.015348588678673631
35094,0.2199020298358129,0.24758971372327707,0.2199020298358129
35095,0.26558187104193964,0.4697745211475077,0.26558187104193964
35096,0.04221103168017178,0.6807257540494663,0.04221103168017178
35097,0.4142281746584048,0.8114231469302668,0.4142281746584048
35098,0.35146677722778746,0.48190599948058815,0.35146677722778746
35099,0.052223966410836424,0.15988174283196852,0.052223966410836424
35100,0.21657455401668957,0.9201029239816133,0.21657455401668957
35101,0.0848104497654066,0.3911622450620039,0.0848104497654066
35102,0.037185503236856224,0.10969503678190616,0.037185503236856224
35103,0.0371013458126205,0.10524009872358434,0.0371013458126205
35104,0.08376458505242097,0.6240381352315805,0.08376458505242097
35105,0.10279042372253136,0.3813763584545461,0.10279042372253136
35106,0.0662569369225146,0.47264372803196375,0.0662569369225146
35107,0.0960596298626125,0.48081534970800754,0.0960596298626125
35108,0.0334778574725056,0.2597536188827012,0.0334778574725056
35109,0.11672979626387518,0.03720505596499612,0.11672979626387518
35110,0.13531959349814288,0.062236377414076914,0.13531959349814288
35111,0.31170108095110555,0.8173949440415849,0.31170108095110555
35112,0.057173944137776725,0.39105171088225454,0.057173944137776725
35113,0.048973777738690834,0.27673597514846515,0.048973777738690834
35114,0.605792285621303,0.8474831644179103,0.605792285621303
35115,0.09905674737171863,0.6480068142713198,0.09905674737171863
35116,0.05434555573124241,0.11857113886332654,0.05434555573124241
35117,0.24729319834651517,0.5551776433936938,0.24729319834651517
35118,0.06642290113373404,0.48793195663126593,0.06642290113373404
35119,0.02786301262705405,0.2819555006711606,0.02786301262705405
35120,0.07887684969352916,0.20797166930489572,0.07887684969352916
35121,0.3435234161781759,0.8242410301319325,0.3435234161781759
35122,0.02079686982824094,0.0392771566904812,0.02079686982824094
35123,0.34278839634011316,0.3280798052544514,0.34278839634011316
35124,0.11866433468793702,0.7656453174797082,0.11866433468793702
35125,0.04725682592924724,0.4571852621452151,0.04725682592924724
35126,0.17387060318819528,0.43910261901912934,0.17387060318819528
35127,0.041345800384350456,0.22960542917312743,0.041345800384350456
35128,0.09724302777891347,0.5223388435001752,0.09724302777891347
35129,0.09772741571839096,0.7476532769979333,0.09772741571839096
35130,0.04652653814134591,0.17195955113556458,0.04652653814134591
35131,0.023099249539773187,0.343962553134136,0.023099249539773187
35132,0.3046319394566134,0.8272625867301222,0.3046319394566134
35133,0.17395390095566707,0.2432882016609024,0.17395390095566707
35134,0.3338025604090004,0.6004284971339283,0.3338025604090004
35135,0.6417520385253151,0.5078459188605449,0.6417520385253151
35136,0.5133674572418093,0.8490022599296767,0.5133674572418093
35137,0.806579276258651,0.5152591957986017,0.806579276258651
35138,0.029721876760527743,0.08261564160481547,0.029721876760527743
35139,0.16805018329445354,0.7339956386681543,0.16805018329445354
35140,0.06035931927950635,0.3999852545383014,0.06035931927950635
35141,0.04029361866291861,0.45155554280423477,0.04029361866291861
35142,0.030484672848816934,0.2578644177275627,0.030484672848816934
35143,0.05333355630564045,0.07307002072427742,0.05333355630564045
35144,0.15625355523169338,0.4179780974754721,0.15625355523169338
35145,0.04867996078508794,0.7704829872300005,0.04867996078508794
35146,0.08175161666993852,0.5522528738443108,0.08175161666993852
35147,0.02724346800085442,0.16678219641743483,0.02724346800085442
35148,0.06659937353568036,0.23679475777047998,0.06659937353568036
35149,0.05027900811531495,0.24361321017240048,0.05027900811531495
35150,0.1704266174624915,0.574264444237903,0.1704266174624915
35151,0.12596386620985614,0.6391074946978231,0.12596386620985614
35152,0.030579230514473414,0.15037897808828135,0.030579230514473414
35153,0.0259263043041715,0.26291392831590094,0.0259263043041715
35154,0.31672238582096773,0.7514803451847684,0.31672238582096773
35155,0.013667816421638416,0.5603382459266226,0.013667816421638416
35156,0.3659195928890369,0.12009564557361856,0.3659195928890369
35157,0.09647760202350013,0.2880605310685635,0.09647760202350013
35158,0.16160090610569447,0.24082325913508235,0.16160090610569447
35159,0.07134364024957021,0.08625283907788663,0.07134364024957021
35160,0.07450601644395609,0.7497115226773486,0.07450601644395609
35161,0.04564871303359078,0.21768630414611956,0.04564871303359078
35162,0.24742298501340004,0.6774163914371367,0.24742298501340004
35163,0.12185463764294112,0.3461824976275962,0.12185463764294112
35164,0.32200553410950183,0.20120798572784168,0.32200553410950183
35165,0.5075974117727483,0.6100114286405128,0.5075974117727483
35166,0.050467212610903485,0.09597835383075093,0.050467212610903485
35167,0.09085035444374212,0.366634111988787,0.09085035444374212
35168,0.07748498273403445,0.1693751601725089,0.07748498273403445
35169,0.07336215950286416,0.11481581120915046,0.07336215950286416
35170,0.10015971867225203,0.6077233272931929,0.10015971867225203
35171,0.7022217629914154,0.22248069381186977,0.7022217629914154
35172,0.06856008748421244,0.33743885849149485,0.06856008748421244
35173,0.1518278381574989,0.42862046800117354,0.1518278381574989
35174,0.131939831420484,0.499831198344052,0.131939831420484
35175,0.08915454863489726,0.39104799786554556,0.08915454863489726
35176,0.07323848741491186,0.4799995579150007,0.07323848741491186
35177,0.08854337003897048,0.18219174682209138,0.08854337003897048
35178,0.1614927937521395,0.3433730673208069,0.1614927937521395
35179,0.17279036733519276,0.5030338227035077,0.17279036733519276
35180,0.0838329657979792,0.7441337589874956,0.0838329657979792
35181,0.02275758197991071,0.3818209899001182,0.02275758197991071
35182,0.06153385386880199,0.28369119851985275,0.06153385386880199
35183,0.6717166647278481,0.6409587934058009,0.6717166647278481
35184,0.02800846254165679,0.14439458675725347,0.02800846254165679
35185,0.18412306199812192,0.2995281067637074,0.18412306199812192
35186,0.20245231271845998,0.8323209148000787,0.20245231271845998
35187,0.38846339788584083,0.8762350118620813,0.38846339788584083
35188,0.5299791880659519,0.35465448583248543,0.5299791880659519
35189,0.6825155179534442,0.5411325924363883,0.6825155179534442
35190,0.05926243960977356,0.21893313275050566,0.05926243960977356
35191,0.042433749092444434,0.058209116506869094,0.042433749092444434
35192,0.06561441748549947,0.48004302081456157,0.06561441748549947
35193,0.0770990441511707,0.17881575909283798,0.0770990441511707
35194,0.04510075903991336,0.03357318507126578,0.04510075903991336
35195,0.056200607833923194,0.10366561618426708,0.056200607833923194
35196,0.3937648848840981,0.4091522581322109,0.3937648848840981
35197,0.10408180315758085,0.7989534437605731,0.10408180315758085
35198,0.08544982532035018,0.36885339244723275,0.08544982532035018
35199,0.2040516747339879,0.33144669973240154,0.2040516747339879
35200,0.08788487872239058,0.6788542734468108,0.08788487872239058
35201,0.13415746099111026,0.3229088937812868,0.13415746099111026
35202,0.0317476458108263,0.8121355064754583,0.0317476458108263
35203,0.05463037466924582,0.9351515168062754,0.05463037466924582
35204,0.0791308726562616,0.35496317130340477,0.0791308726562616
35205,0.47006621338114185,0.18779004624526627,0.47006621338114185
35206,0.36715812084438243,0.9003449564596797,0.36715812084438243
35207,0.5527237218742799,0.7937341136989601,0.5527237218742799
35208,0.19513201090454282,0.25740411317568945,0.19513201090454282
35209,0.05838376517235598,0.2743344169799879,0.05838376517235598
35210,0.4349979965129124,0.9052349843049277,0.4349979965129124
35211,0.11038252639732862,0.3578792910872852,0.11038252639732862
35212,0.19922535310144568,0.3229516679644359,0.19922535310144568
35213,0.08405230174208353,0.1637693984357774,0.08405230174208353
35214,0.07738107390077549,0.20817471637925808,0.07738107390077549
35215,0.08665658752298841,0.12736549539243708,0.08665658752298841
35216,0.0213126953053796,0.4683904957283619,0.0213126953053796
35217,0.14560742312876823,0.5146885486751173,0.14560742312876823
35218,0.24955741058528194,0.5126005200333414,0.24955741058528194
35219,0.11005716938555636,0.416802828182989,0.11005716938555636
35220,0.011459335456912143,0.09479200901166811,0.011459335456912143
35221,0.08424591166912333,0.41340748234588326,0.08424591166912333
35222,0.11069454960608378,0.10029978999780588,0.11069454960608378
35223,0.36384534286107806,0.8638645143682568,0.36384534286107806
35224,0.041695685011783064,0.08249162180894555,0.041695685011783064
35225,0.6410413548356512,0.7655246994609272,0.6410413548356512
35226,0.08248334614336801,0.263847075744866,0.08248334614336801
35227,0.10395786452124121,0.4990936071406642,0.10395786452124121
35228,0.24497079797789553,0.2157826293579227,0.24497079797789553
35229,0.35509712091345214,0.7245078374644557,0.35509712091345214
35230,0.020913120766465867,0.04209613965186598,0.020913120766465867
35231,0.4671849695973583,0.7000210780118913,0.4671849695973583
35232,0.23088094917275093,0.39553034367318823,0.23088094917275093
35233,0.13703814153933083,0.21984955897914193,0.13703814153933083
35234,0.027749853507008242,0.013964388616483064,0.027749853507008242
35235,0.0468194136623622,0.1249287659487039,0.0468194136623622
35236,0.04353407355497382,0.1268207721056809,0.04353407355497382
35237,0.04252016125811715,0.22979179122737756,0.04252016125811715
35238,0.09534525062404714,0.8802950657203741,0.09534525062404714
35239,0.020832336854320614,0.45258350267778374,0.020832336854320614
35240,0.05454309919168311,0.6014808631325848,0.05454309919168311
35241,0.02731540041454334,0.02296299883677745,0.02731540041454334
35242,0.023587575873679784,0.02617177452616165,0.023587575873679784
35243,0.4223879383913776,0.6624028659949105,0.4223879383913776
35244,0.08188352877781632,0.16449724983692218,0.08188352877781632
35245,0.16774888583125183,0.6801058046479264,0.16774888583125183
35246,0.135995349942669,0.45977790964042436,0.135995349942669
35247,0.07956216012612584,0.18357658756830397,0.07956216012612584
35248,0.7004459386755609,0.23554795726532285,0.7004459386755609
35249,0.13069844532511143,0.5278429151536081,0.13069844532511143
35250,0.1489774052859085,0.33554111361297273,0.1489774052859085
35251,0.0181025753889377,0.09779098060300266,0.0181025753889377
35252,0.038328600144837674,0.0672886753401143,0.038328600144837674
35253,0.4914337581459675,0.4260878665170683,0.4914337581459675
35254,0.11183951497945961,0.30900961296168233,0.11183951497945961
35255,0.08636245171887778,0.3157107260130935,0.08636245171887778
35256,0.09353710882050871,0.27703126732801936,0.09353710882050871
35257,0.18660676496091708,0.313301729928708,0.18660676496091708
35258,0.12499723927081531,0.34836832917513394,0.12499723927081531
35259,0.31555536142851986,0.5572674422519868,0.31555536142851986
35260,0.8353007422299606,0.7589638831880527,0.8353007422299606
35261,0.05354825553253245,0.20646436281256214,0.05354825553253245
35262,0.21567937361747283,0.5767660911170521,0.21567937361747283
35263,0.06386875062581918,0.11763924435358282,0.06386875062581918
35264,0.07287229384540651,0.3952566846865217,0.07287229384540651
35265,0.07212827539787443,0.4663523302486478,0.07212827539787443
35266,0.6506816061448155,0.6807292018995336,0.6506816061448155
35267,0.062055523109288385,0.3251791668317971,0.062055523109288385
35268,0.44817381289839436,0.22277904636645154,0.44817381289839436
35269,0.08882040438351149,0.00715496631604885,0.08882040438351149
35270,0.4751720511003725,0.22168941859250996,0.4751720511003725
35271,0.029164689174400574,0.3497967026381507,0.029164689174400574
35272,0.4186509091782624,0.7635899408990372,0.4186509091782624
35273,0.026058786937408686,0.23401288936041817,0.026058786937408686
35274,0.3490612984121486,0.2759727790638982,0.3490612984121486
35275,0.03996584137483013,0.26224207598086346,0.03996584137483013
35276,0.7005199169594463,0.7452456625158527,0.7005199169594463
35277,0.35204443315691303,0.9527904059815296,0.35204443315691303
35278,0.151345866996821,0.2797822011945122,0.151345866996821
35279,0.29226696353729703,0.3840572494883795,0.29226696353729703
35280,0.06130294412685914,0.4078940794252779,0.06130294412685914
35281,0.015514553960527548,0.06263980972105702,0.015514553960527548
35282,0.071329577943887,0.282746711126453,0.071329577943887
35283,0.11244590024844085,0.19141572109515498,0.11244590024844085
35284,0.640696854896176,0.33107550787889745,0.640696854896176
35285,0.0903198547242218,0.3922375961528136,0.0903198547242218
35286,0.28992516536248025,0.48796214575027713,0.28992516536248025
35287,0.12056894439146572,0.39223052591754964,0.12056894439146572
35288,0.05506881640641283,0.8091713054287241,0.05506881640641283
35289,0.05974173292739108,0.08316421853697135,0.05974173292739108
35290,0.09579747437422341,0.23772348505518412,0.09579747437422341
35291,0.12915608510022206,0.6206539566954039,0.12915608510022206
35292,0.028429786606942016,0.206487870132032,0.028429786606942016
35293,0.02464682941966329,0.07293068400654791,0.02464682941966329
35294,0.3256408911717629,0.49508642844348133,0.3256408911717629
35295,0.05458018127398217,0.18572742704346312,0.05458018127398217
35296,0.05735400353501098,0.07879966417637063,0.05735400353501098
35297,0.12574485905693594,0.28682529446412064,0.12574485905693594
35298,0.043568953145502645,0.160471689893276,0.043568953145502645
35299,0.09101587058903035,0.29726667904991183,0.09101587058903035
35300,0.0358841176286465,0.41299000889628307,0.0358841176286465
35301,0.11252046512739577,0.3536783922094347,0.11252046512739577
35302,0.10239838789627323,0.742878605067335,0.10239838789627323
35303,0.0420657446086293,0.21663337897700052,0.0420657446086293
35304,0.24653671302617608,0.8388025259267937,0.24653671302617608
35305,0.018545824922421038,0.04588626011984993,0.018545824922421038
35306,0.03672771344360442,0.03844996966459065,0.03672771344360442
35307,0.13484862429973948,0.32772081053172275,0.13484862429973948
35308,0.15696815121556285,0.6173695976243933,0.15696815121556285
35309,0.6839539783505847,0.2767868884051579,0.6839539783505847
35310,0.019349278528449566,0.7918515901026145,0.019349278528449566
35311,0.061297889959041126,0.27310386324691605,0.061297889959041126
35312,0.08272958071674136,0.21760220315526055,0.08272958071674136
35313,0.5244341149914331,0.8788579378146082,0.5244341149914331
35314,0.1464694333562088,0.2588878947596511,0.1464694333562088
35315,0.08314148973811353,0.29891046624168016,0.08314148973811353
35316,0.07654013395564058,0.4419283644315599,0.07654013395564058
35317,0.04079329801455735,0.1138138049660596,0.04079329801455735
35318,0.06252949877499805,0.10701415344564323,0.06252949877499805
35319,0.48140271920539757,0.6208512210410392,0.48140271920539757
35320,0.03533444365750169,0.5805380944248751,0.03533444365750169
35321,0.04666769749950433,0.0543765374125164,0.04666769749950433
35322,0.03706712423219252,0.17454541045585562,0.03706712423219252
35323,0.07111220101095725,0.3581531467630246,0.07111220101095725
35324,0.8033827685353782,0.8417315730224846,0.8033827685353782
35325,0.2136638417529523,0.40328780172033524,0.2136638417529523
35326,0.8749781387046783,0.8755207242971673,0.8749781387046783
35327,0.21600585124618288,0.769477829079625,0.21600585124618288
35328,0.32964208202673956,0.6698542865504331,0.32964208202673956
35329,0.1783857956562565,0.7658328678510772,0.1783857956562565
35330,0.131195687540611,0.3542094264385125,0.131195687540611
35331,0.017989341952375427,0.026487289767142135,0.017989341952375427
35332,0.2711803377290487,0.14565557674272447,0.2711803377290487
35333,0.36092527094514654,0.3741481663630564,0.36092527094514654
35334,0.025143007810013412,0.06731516094831613,0.025143007810013412
35335,0.039017314844307184,0.19790131415989629,0.039017314844307184
35336,0.5477528156401135,0.35378090927417494,0.5477528156401135
35337,0.32230426835264103,0.3763374352634648,0.32230426835264103
35338,0.48923630147101027,0.783019340421438,0.48923630147101027
35339,0.0508335487277179,0.051679291914505196,0.0508335487277179
35340,0.17793589690430947,0.782294981083287,0.17793589690430947
35341,0.036779568425931886,0.18308399705550168,0.036779568425931886
35342,0.5703742877672475,0.6243742454260831,0.5703742877672475
35343,0.047362480247972814,0.29693266779885324,0.047362480247972814
35344,0.08253982031728029,0.2938960503921387,0.08253982031728029
35345,0.05671691790777819,0.15261676908966237,0.05671691790777819
35346,0.039623873379616044,0.4255622644382048,0.039623873379616044
35347,0.25325602663145025,0.69355590871249,0.25325602663145025
35348,0.024700905893725287,0.45398756187954187,0.024700905893725287
35349,0.4612938521524621,0.32799337826733216,0.4612938521524621
35350,0.3774799603137418,0.7790047204482319,0.3774799603137418
35351,0.04349700704021194,0.5118401455183809,0.04349700704021194
35352,0.035988072289124644,0.65059938513191,0.035988072289124644
35353,0.09941839471626943,0.0291580703896551,0.09941839471626943
35354,0.3366950107694446,0.8826647815714623,0.3366950107694446
35355,0.036477668348620415,0.042704657859069156,0.036477668348620415
35356,0.0714356325998593,0.22068148585499414,0.0714356325998593
35357,0.02529429115156461,0.45521247914467156,0.02529429115156461
35358,0.3911865844035737,0.5016971883942883,0.3911865844035737
35359,0.6753900103776103,0.6890584589485543,0.6753900103776103
35360,0.27532371824659874,0.6534222967988419,0.27532371824659874
35361,0.11977256375966237,0.42515876900002814,0.11977256375966237
35362,0.3796034682418381,0.09401545989166327,0.3796034682418381
35363,0.6612539607509584,0.6444186859234547,0.6612539607509584
35364,0.05079195697112248,0.3325554664171402,0.05079195697112248
35365,0.06881802861515895,0.8454917947180038,0.06881802861515895
35366,0.09553982008683332,0.18069197624861644,0.09553982008683332
35367,0.05428287816140752,0.17165368426710279,0.05428287816140752
35368,0.03751358069413958,0.17849064113378874,0.03751358069413958
35369,0.08738633396345225,0.3615855913537474,0.08738633396345225
35370,0.2957693331531303,0.7909958529252493,0.2957693331531303
35371,0.17586432977202876,0.25965456851190244,0.17586432977202876
35372,0.028438971234077206,0.0861453837985185,0.028438971234077206
35373,0.06166207017583274,0.4026919576048244,0.06166207017583274
35374,0.01361691524509145,0.09302177724439391,0.01361691524509145
35375,0.03988460153002127,0.5413149922646671,0.03988460153002127
35376,0.06104573185060304,0.3857749791243518,0.06104573185060304
35377,0.4122510695071872,0.7639923002811395,0.4122510695071872
35378,0.45755702916522856,0.22815811387064247,0.45755702916522856
35379,0.11729220216984901,0.8560178282718568,0.11729220216984901
35380,0.23852017404242445,0.7989599559508491,0.23852017404242445
35381,0.15052223934378092,0.5332165868546805,0.15052223934378092
35382,0.18249452876401276,0.6302565262196128,0.18249452876401276
35383,0.09822152686540726,0.0799871916704926,0.09822152686540726
35384,0.13773465150776779,0.34349839923498743,0.13773465150776779
35385,0.04510453607460676,0.3065193211941336,0.04510453607460676
35386,0.06364502705172519,0.5970989492144045,0.06364502705172519
35387,0.07583085615036923,0.08405631521630323,0.07583085615036923
35388,0.07572264485296443,0.03405688734537779,0.07572264485296443
35389,0.09852681477613083,0.17648912957218288,0.09852681477613083
35390,0.020685174363608748,0.1580449221205371,0.020685174363608748
35391,0.07045334921221666,0.0738756288841527,0.07045334921221666
35392,0.025386409898799256,0.29792250362214084,0.025386409898799256
35393,0.09002059662110014,0.06450091286889761,0.09002059662110014
35394,0.9509535927372476,0.9508515944593254,0.9509535927372476
35395,0.44519843848905144,0.3943513161633665,0.44519843848905144
35396,0.13551811433243605,0.38181035166185784,0.13551811433243605
35397,0.1454693632813533,0.3807178372402056,0.1454693632813533
35398,0.05560032584503285,0.3895822453525013,0.05560032584503285
35399,0.052487039768311365,0.6528298199663924,0.052487039768311365
35400,0.2580336777831374,0.9081732553609717,0.2580336777831374
35401,0.3366971704487449,0.5867889782606974,0.3366971704487449
35402,0.19202591255814788,0.4328771105551469,0.19202591255814788
35403,0.0923799011265312,0.23715874512760268,0.0923799011265312
35404,0.21108028591162617,0.0626093792723369,0.21108028591162617
35405,0.05126722587627282,0.2517753994324034,0.05126722587627282
35406,0.05323789926588321,0.14263806242817484,0.05323789926588321
35407,0.1607173475598568,0.5180484078221104,0.1607173475598568
35408,0.0442528161791812,0.3481979788019954,0.0442528161791812
35409,0.6874642168984766,0.9628838946584103,0.6874642168984766
35410,0.5643395745569355,0.6043262712650255,0.5643395745569355
35411,0.10120646670191098,0.3155874595779785,0.10120646670191098
35412,0.060305295614201684,0.6231714154358694,0.060305295614201684
35413,0.011194949331546933,0.05899418859912891,0.011194949331546933
35414,0.06708407579580364,0.414542468257142,0.06708407579580364
35415,0.030278200990533913,0.4352184982085106,0.030278200990533913
35416,0.05991114609724724,0.3219140990140631,0.05991114609724724
35417,0.02540047960585244,0.16748461698903414,0.02540047960585244
35418,0.10941595268597329,0.4307803932315592,0.10941595268597329
35419,0.08220108172143047,0.5606511759134628,0.08220108172143047
35420,0.020625995742854075,0.01143111703208899,0.020625995742854075
35421,0.03637378433982015,0.03553351465629957,0.03637378433982015
35422,0.11673772191740502,0.730013047514345,0.11673772191740502
35423,0.11784200199729084,0.12773799976206754,0.11784200199729084
35424,0.03753036230643984,0.15635604997680302,0.03753036230643984
35425,0.11881399910498948,0.06625638390843629,0.11881399910498948
35426,0.009084798424774105,0.46278650410549677,0.009084798424774105
35427,0.05325989756483961,0.1770974162507304,0.05325989756483961
35428,0.09937544752339873,0.23742152261208202,0.09937544752339873
35429,0.036662046306424875,0.6735900822634349,0.036662046306424875
35430,0.40399316217303227,0.28219939736506733,0.40399316217303227
35431,0.1726487448117969,0.6186099663617955,0.1726487448117969
35432,0.48077877824628296,0.1882305016508212,0.48077877824628296
35433,0.47035835506124773,0.3813371972330641,0.47035835506124773
35434,0.10175293288166244,0.368697084218689,0.10175293288166244
35435,0.1428202224035452,0.7161712882943658,0.1428202224035452
35436,0.04932604223184562,0.4281980664502102,0.04932604223184562
35437,0.03725891912704959,0.7256648343373138,0.03725891912704959
35438,0.05896742661539779,0.2608662508417299,0.05896742661539779
35439,0.06577233921888156,0.4687216873245104,0.06577233921888156
35440,0.09721745431879426,0.6071814313556682,0.09721745431879426
35441,0.10468267341312529,0.788970241670508,0.10468267341312529
35442,0.2730570439465931,0.6115355479335115,0.2730570439465931
35443,0.0453456747558571,0.28604862351932303,0.0453456747558571
35444,0.2070447635054006,0.7755524859059922,0.2070447635054006
35445,0.42539648940040864,0.9540860960578383,0.42539648940040864
35446,0.05154473076722183,0.13252225701404904,0.05154473076722183
35447,0.07967746483685026,0.385748236820932,0.07967746483685026
35448,0.03537333595470471,0.11749025918526773,0.03537333595470471
35449,0.7757170770697788,0.758839172614579,0.7757170770697788
35450,0.35809225902190706,0.8022268016989972,0.35809225902190706
35451,0.04901805350118257,0.22391534919585754,0.04901805350118257
35452,0.018636517900456836,0.10068019709871553,0.018636517900456836
35453,0.1387497490058849,0.7046246351883588,0.1387497490058849
35454,0.04365715072853015,0.27065778331049956,0.04365715072853015
35455,0.05251871712006226,0.30905603322289055,0.05251871712006226
35456,0.10823520424652983,0.4036207249952751,0.10823520424652983
35457,0.007497474989477454,0.02575028395513511,0.007497474989477454
35458,0.08292708178212678,0.4081300530502464,0.08292708178212678
35459,0.34604069671991927,0.7880956829730295,0.34604069671991927
35460,0.7151835504422035,0.2510588530421685,0.7151835504422035
35461,0.14328220350690385,0.4341311355313924,0.14328220350690385
35462,0.1004217814635258,0.7137439307344078,0.1004217814635258
35463,0.5100813247164941,0.8071275465561654,0.5100813247164941
35464,0.1491085154826632,0.4452477977121331,0.1491085154826632
35465,0.07503380079356269,0.8515799633367677,0.07503380079356269
35466,0.2708045226627404,0.3920079398001507,0.2708045226627404
35467,0.11213058392243085,0.6391990121942918,0.11213058392243085
35468,0.28167886983755785,0.5072947035285352,0.28167886983755785
35469,0.31842565552759117,0.4226626805443846,0.31842565552759117
35470,0.2376087448383284,0.22598166554751428,0.2376087448383284
35471,0.08253966458491224,0.2647821756743305,0.08253966458491224
35472,0.17960370091977218,0.18254445520117007,0.17960370091977218
35473,0.018656046779203565,0.28376033459761724,0.018656046779203565
35474,0.2149021837265973,0.18268721425590098,0.2149021837265973
35475,0.13614804519227164,0.7747707252234938,0.13614804519227164
35476,0.0432249711173091,0.5249551445522991,0.0432249711173091
35477,0.08925701860136682,0.19678451781110315,0.08925701860136682
35478,0.014860559510761845,0.6514326083174931,0.014860559510761845
35479,0.029888896502169728,0.20929328772808567,0.029888896502169728
35480,0.13099091453217138,0.30228671872609675,0.13099091453217138
35481,0.5143477640384392,0.6886440429000955,0.5143477640384392
35482,0.19208330858489042,0.9452503752546367,0.19208330858489042
35483,0.059152412472037647,0.19739197069693276,0.059152412472037647
35484,0.27916186646049934,0.6624867666354739,0.27916186646049934
35485,0.09298306098401046,0.1505943252274437,0.09298306098401046
35486,0.41933975250225275,0.4740971063477115,0.41933975250225275
35487,0.14388783211558936,0.3409607991760388,0.14388783211558936
35488,0.011108912445228727,0.04843998449211809,0.011108912445228727
35489,0.0694746455268051,0.5964938650728309,0.0694746455268051
35490,0.1648668733320654,0.3076425101570118,0.1648668733320654
35491,0.06283914761554683,0.2661948703524828,0.06283914761554683
35492,0.0446202377330197,0.14813347909800498,0.0446202377330197
35493,0.03302938738152672,0.6666301826009308,0.03302938738152672
35494,0.017603445189200092,0.301850999543506,0.017603445189200092
35495,0.8019789448231534,0.7424564258353037,0.8019789448231534
35496,0.18575799343233476,0.1430832335965621,0.18575799343233476
35497,0.02414670409837252,0.04149940722423554,0.02414670409837252
35498,0.14347776776186444,0.5930367328085477,0.14347776776186444
35499,0.016928238189934785,0.2543705952777661,0.016928238189934785
35500,0.06612290398306274,0.14129119574597107,0.06612290398306274
35501,0.4464399234007945,0.24988440540878815,0.4464399234007945
35502,0.09043595009802963,0.15215013221009074,0.09043595009802963
35503,0.2691214876570755,0.3517858057668571,0.2691214876570755
35504,0.062433064084543986,0.8440619417550452,0.062433064084543986
35505,0.1814071965666334,0.32683474614526625,0.1814071965666334
35506,0.38707598870269266,0.49834004940309723,0.38707598870269266
35507,0.4856473616931854,0.9082246119303101,0.4856473616931854
35508,0.1300402646043542,0.3795657345127574,0.1300402646043542
35509,0.4154618264456533,0.2869060970968728,0.4154618264456533
35510,0.2710139951415596,0.3132246044737416,0.2710139951415596
35511,0.10155989582771399,0.3570841724104408,0.10155989582771399
35512,0.07890218855466415,0.8290159378406311,0.07890218855466415
35513,0.13307319324857703,0.8667367585300875,0.13307319324857703
35514,0.14882459037313572,0.282526860994947,0.14882459037313572
35515,0.1575450834662214,0.5445836681488344,0.1575450834662214
35516,0.23978931354134028,0.4507190767150379,0.23978931354134028
35517,0.5241029213993844,0.7581627731472277,0.5241029213993844
35518,0.37958122658942334,0.3113658779194341,0.37958122658942334
35519,0.11265437261958292,0.15451022715202725,0.11265437261958292
35520,0.06970027831092787,0.2984181518631814,0.06970027831092787
35521,0.7600948123819725,0.8307340362058976,0.7600948123819725
35522,0.7460273995130658,0.9719190606769995,0.7460273995130658
35523,0.454635866593704,0.5720640155275815,0.454635866593704
35524,0.03938668516570054,0.25991675469357206,0.03938668516570054
35525,0.07563525064963218,0.1336221186273021,0.07563525064963218
35526,0.08712757966673088,0.664172780778032,0.08712757966673088
35527,0.39752218222632424,0.5441228297504588,0.39752218222632424
35528,0.1093214272414244,0.6401073577356888,0.1093214272414244
35529,0.45341456799218066,0.5953925819776406,0.45341456799218066
35530,0.08599176344912995,0.42869792790911454,0.08599176344912995
35531,0.3901253965064401,0.5622660329977623,0.3901253965064401
35532,0.028583623320450672,0.3227961048156562,0.028583623320450672
35533,0.022848720557243345,0.21168961998287358,0.022848720557243345
35534,0.09631784974998349,0.6808441644354793,0.09631784974998349
35535,0.035262285704403575,0.06841141170536028,0.035262285704403575
35536,0.9413969813269458,0.904160404517513,0.9413969813269458
35537,0.027650021701870708,0.15315911313486796,0.027650021701870708
35538,0.8392893797768644,0.7792272048158871,0.8392893797768644
35539,0.05648399781154807,0.13969815636353775,0.05648399781154807
35540,0.1457052401442937,0.26805509700221464,0.1457052401442937
35541,0.17934093085935762,0.8525471511656805,0.17934093085935762
35542,0.15188539567175832,0.09899049126533539,0.15188539567175832
35543,0.10801496020146911,0.10135494265930291,0.10801496020146911
35544,0.586039733615899,0.7338513850970638,0.586039733615899
35545,0.07844806423960135,0.7993238871971392,0.07844806423960135
35546,0.15396296355840436,0.10333770219494323,0.15396296355840436
35547,0.056433550801054604,0.09600203606011197,0.056433550801054604
35548,0.023062264878477907,0.3757302184301615,0.023062264878477907
35549,0.32501421819503223,0.286139567069277,0.32501421819503223
35550,0.12650680422891133,0.4470513089588497,0.12650680422891133
35551,0.027267110224837406,0.14585485692784783,0.027267110224837406
35552,0.05690387240658372,0.7181938288369436,0.05690387240658372
35553,0.3690036140975381,0.8191523108855462,0.3690036140975381
35554,0.22355855599411695,0.6641141802420328,0.22355855599411695
35555,0.3473896368606474,0.3615709913739015,0.3473896368606474
35556,0.02789777626419832,0.10304685093409127,0.02789777626419832
35557,0.10160070676017942,0.4014686080159258,0.10160070676017942
35558,0.0182686594043226,0.038678192511811274,0.0182686594043226
35559,0.12456362272958756,0.19925034282172294,0.12456362272958756
35560,0.13845116176526584,0.24578808866775145,0.13845116176526584
35561,0.08339696769694428,0.17062367186931618,0.08339696769694428
35562,0.03943037338362237,0.2699012572626404,0.03943037338362237
35563,0.05614392259292475,0.2915188836899108,0.05614392259292475
35564,0.09208125367165551,0.18207446338607508,0.09208125367165551
35565,0.07808746406858007,0.16373446459736662,0.07808746406858007
35566,0.0336033380951941,0.42590591384447185,0.0336033380951941
35567,0.017141212501746543,0.04504523961490325,0.017141212501746543
35568,0.12289950449931185,0.4987755619893846,0.12289950449931185
35569,0.3907816954604801,0.863626041930765,0.3907816954604801
35570,0.11102962024594488,0.4882304194234229,0.11102962024594488
35571,0.03352339592414898,0.6106491536567087,0.03352339592414898
35572,0.04781565870227399,0.4942796560329968,0.04781565870227399
35573,0.23517554079073014,0.8616415077302259,0.23517554079073014
35574,0.08111656601082617,0.10691723881477287,0.08111656601082617
35575,0.10463686800452084,0.6901676389297635,0.10463686800452084
35576,0.06255244164208221,0.2883541521676772,0.06255244164208221
35577,0.03979516032841396,0.5471592590945976,0.03979516032841396
35578,0.11684440616624114,0.1730530049212041,0.11684440616624114
35579,0.021115903979958304,0.07649844295303483,0.021115903979958304
35580,0.1396256514851179,0.3257667217757788,0.1396256514851179
35581,0.2478916956054563,0.8444098818131859,0.2478916956054563
35582,0.3045345259207746,0.9221476241891029,0.3045345259207746
35583,0.23112671022808473,0.13785227239131062,0.23112671022808473
35584,0.060842115502873356,0.22875099126167778,0.060842115502873356
35585,0.06167128307451739,0.022090490609562346,0.06167128307451739
35586,0.6440214947121963,0.8432952502371553,0.6440214947121963
35587,0.24246258758398406,0.7073077281943405,0.24246258758398406
35588,0.036043207799730734,0.2557178451940355,0.036043207799730734
35589,0.09201642026210434,0.5072538532170909,0.09201642026210434
35590,0.2066792547227596,0.3668320821779731,0.2066792547227596
35591,0.12352101166390843,0.20182789820559327,0.12352101166390843
35592,0.07018042946725392,0.2802811281133147,0.07018042946725392
35593,0.08082907292877725,0.20022079307454219,0.08082907292877725
35594,0.16830424816674205,0.7698692360572056,0.16830424816674205
35595,0.0531016837654465,0.12072599039594045,0.0531016837654465
35596,0.5172734370261135,0.2564591235101654,0.5172734370261135
35597,0.06676254938776144,0.3717540467767811,0.06676254938776144
35598,0.03938725443881294,0.13510054859600631,0.03938725443881294
35599,0.02030402062565045,0.7560525605482259,0.02030402062565045
35600,0.15274907317224595,0.4998228357085195,0.15274907317224595
35601,0.6899588771767791,0.86713230807598,0.6899588771767791
35602,0.7547272297355249,0.4251223008802644,0.7547272297355249
35603,0.07855569416589707,0.8466981699636716,0.07855569416589707
35604,0.5896984078573477,0.6962836498785662,0.5896984078573477
35605,0.0933830488564984,0.5289441957879076,0.0933830488564984
35606,0.0342350517079782,0.7534229193105837,0.0342350517079782
35607,0.019499622037531274,0.11553590744930256,0.019499622037531274
35608,0.6088075550211233,0.5589574042494967,0.6088075550211233
35609,0.12632111795942205,0.8483857579403431,0.12632111795942205
35610,0.12720054778923665,0.47192009385936784,0.12720054778923665
35611,0.0788366889640769,0.6385774943475324,0.0788366889640769
35612,0.09425035247271726,0.48774539671504463,0.09425035247271726
35613,0.15935105801349592,0.25032543324579304,0.15935105801349592
35614,0.10736745652096522,0.7357844280826071,0.10736745652096522
35615,0.15089828882729153,0.43725499431723375,0.15089828882729153
35616,0.7312312172140403,0.38803160068423215,0.7312312172140403
35617,0.2509133259913571,0.3021741828325778,0.2509133259913571
35618,0.05533323777546014,0.6300844757286381,0.05533323777546014
35619,0.13541672299728066,0.490304478896915,0.13541672299728066
35620,0.24287371162064583,0.35804329531168677,0.24287371162064583
35621,0.023346182889137746,0.3467507356102983,0.023346182889137746
35622,0.259345972795582,0.7115379370882887,0.259345972795582
35623,0.2313893206668244,0.37745161728451526,0.2313893206668244
35624,0.3162502098354177,0.31270560193242286,0.3162502098354177
35625,0.1592148115895255,0.7458431829076526,0.1592148115895255
35626,0.12336648853090217,0.6432208992633893,0.12336648853090217
35627,0.06535599712991935,0.6638437401839339,0.06535599712991935
35628,0.11951155762043124,0.26158141659821027,0.11951155762043124
35629,0.03824055252181633,0.4850358811863051,0.03824055252181633
35630,0.010759505928980319,0.00930711711568931,0.010759505928980319
35631,0.0343002425630815,0.1407523587700385,0.0343002425630815
35632,0.12436250485805289,0.38252288945647017,0.12436250485805289
35633,0.05881289175948031,0.1312704521131993,0.05881289175948031
35634,0.08506999494369198,0.15553934203688582,0.08506999494369198
35635,0.3447227902025676,0.5335312261862726,0.3447227902025676
35636,0.22729237719160228,0.9039510465204513,0.22729237719160228
35637,0.28522352177438054,0.1539443927292944,0.28522352177438054
35638,0.07422788311224235,0.04549197439484177,0.07422788311224235
35639,0.7795791125037284,0.9003086070185824,0.7795791125037284
35640,0.14400420363570832,0.2030475287493198,0.14400420363570832
35641,0.08881808103589939,0.2961106991194773,0.08881808103589939
35642,0.031674529121507755,0.13890588794330166,0.031674529121507755
35643,0.6013612544943575,0.6464455109975011,0.6013612544943575
35644,0.014172597416282098,0.012840626601322666,0.014172597416282098
35645,0.10099588966313712,0.32243837569622236,0.10099588966313712
35646,0.06534790679859404,0.06011540876905778,0.06534790679859404
35647,0.15241643913086583,0.6272156279432104,0.15241643913086583
35648,0.04211869495733456,0.7101052545332601,0.04211869495733456
35649,0.03773217028290734,0.18578806821518057,0.03773217028290734
35650,0.07596701860063329,0.8208127930896341,0.07596701860063329
35651,0.3441471107294726,0.19791303596460924,0.3441471107294726
35652,0.3483881606042954,0.46889710137564106,0.3483881606042954
35653,0.6678161173926026,0.8949194146249153,0.6678161173926026
35654,0.02454421129303649,0.291570407479837,0.02454421129303649
35655,0.03827846126767402,0.29520121267589644,0.03827846126767402
35656,0.31238091939082696,0.3551835085414933,0.31238091939082696
35657,0.11837375108160814,0.6456777824374729,0.11837375108160814
35658,0.10265852729349494,0.4916074182262433,0.10265852729349494
35659,0.040702930417339564,0.3450000492441677,0.040702930417339564
35660,0.5864272601514523,0.24163653745358896,0.5864272601514523
35661,0.01977461461645706,0.08828956729425357,0.01977461461645706
35662,0.29820025416083484,0.1566809955420556,0.29820025416083484
35663,0.022404836373568146,0.038213722862623964,0.022404836373568146
35664,0.5449467788133079,0.6587794700829908,0.5449467788133079
35665,0.028221723721924784,0.17605466858193308,0.028221723721924784
35666,0.07099567435725472,0.09433913365492864,0.07099567435725472
35667,0.09779281726054677,0.579571936251365,0.09779281726054677
35668,0.021784394608068802,0.023723376198515105,0.021784394608068802
35669,0.6710532312925709,0.9460281914086827,0.6710532312925709
35670,0.13022139890220763,0.28516152229895314,0.13022139890220763
35671,0.06404667725394038,0.6184359263482627,0.06404667725394038
35672,0.5526353161321165,0.5034629386522799,0.5526353161321165
35673,0.01831061478844079,0.040107594004819225,0.01831061478844079
35674,0.08637335141746272,0.6524408753206644,0.08637335141746272
35675,0.3645628218745726,0.44617955771079504,0.3645628218745726
35676,0.06774621171797661,0.3468422069408727,0.06774621171797661
35677,0.17013012016961226,0.259998645108838,0.17013012016961226
35678,0.07545027514063517,0.178363595876864,0.07545027514063517
35679,0.15019794745429993,0.031337654175786864,0.15019794745429993
35680,0.02375268889348421,0.07132279355022164,0.02375268889348421
35681,0.526246103918269,0.772988922531004,0.526246103918269
35682,0.06104825487233118,0.2541126974329909,0.06104825487233118
35683,0.1827047202668345,0.5193067547601579,0.1827047202668345
35684,0.2528535252537315,0.427597973687242,0.2528535252537315
35685,0.06095214747103729,0.11255946734627081,0.06095214747103729
35686,0.4271406270597496,0.604356418457743,0.4271406270597496
35687,0.14941705237745004,0.18278047469766698,0.14941705237745004
35688,0.020936732436636116,0.06722526930163107,0.020936732436636116
35689,0.03185226794287186,0.09451065045269495,0.03185226794287186
35690,0.10358196208218404,0.3304781860049681,0.10358196208218404
35691,0.6449268082747138,0.8347954726472894,0.6449268082747138
35692,0.16547834193776445,0.3111211671962358,0.16547834193776445
35693,0.523748555814585,0.763214810505317,0.523748555814585
35694,0.76698166206841,0.8868343648144018,0.76698166206841
35695,0.7127378592968202,0.7104441761430341,0.7127378592968202
35696,0.07858304137331457,0.23584903633341256,0.07858304137331457
35697,0.0975160800535683,0.7233045583848089,0.0975160800535683
35698,0.03029734909013877,0.2754198078705479,0.03029734909013877
35699,0.045803821156054844,0.03099286525189971,0.045803821156054844
35700,0.07786467210673341,0.1102522000208737,0.07786467210673341
35701,0.05770319513205204,0.18448908413984882,0.05770319513205204
35702,0.02067757447975147,0.04208437893383119,0.02067757447975147
35703,0.11129112192123528,0.5028171427543527,0.11129112192123528
35704,0.5149448533986889,0.8906519785473583,0.5149448533986889
35705,0.0416536070624319,0.21280635224370711,0.0416536070624319
35706,0.125723405301508,0.4008007036757021,0.125723405301508
35707,0.061842019869924825,0.8841234042138377,0.061842019869924825
35708,0.7120824957657761,0.5286976944259096,0.7120824957657761
35709,0.025099846699969893,0.020832082585359114,0.025099846699969893
35710,0.09283291369295985,0.2911107924837261,0.09283291369295985
35711,0.11014135693985945,0.9428980714135259,0.11014135693985945
35712,0.044200675814612636,0.14511427605542737,0.044200675814612636
35713,0.031506306222833305,0.07192883217190668,0.031506306222833305
35714,0.22434408609129014,0.9149380082390242,0.22434408609129014
35715,0.3997666606202381,0.5664320881981266,0.3997666606202381
35716,0.08338929388908371,0.05881552295395289,0.08338929388908371
35717,0.07436453850293057,0.21664475487426332,0.07436453850293057
35718,0.10735151409441206,0.128190784081273,0.10735151409441206
35719,0.015944852897338605,0.3396820120935267,0.015944852897338605
35720,0.046483251109610116,0.7397770591272792,0.046483251109610116
35721,0.07786261077403628,0.13091411699616137,0.07786261077403628
35722,0.11172369851488315,0.15676165489686242,0.11172369851488315
35723,0.2193351244355856,0.8638303819407577,0.2193351244355856
35724,0.017200605857844043,0.17610555494819166,0.017200605857844043
35725,0.12410098395000908,0.19007240736747097,0.12410098395000908
35726,0.17621810724986595,0.522247475268339,0.17621810724986595
35727,0.09366257925427479,0.21771341191655755,0.09366257925427479
35728,0.12438587570635508,0.24915756696881802,0.12438587570635508
35729,0.07948468262028924,0.5137299802023242,0.07948468262028924
35730,0.05516956801716428,0.2887816756344958,0.05516956801716428
35731,0.057201637380041304,0.8226423928060113,0.057201637380041304
35732,0.07129443263274522,0.20394790868447982,0.07129443263274522
35733,0.13846731177619515,0.7153937642495825,0.13846731177619515
35734,0.6435215796857426,0.5444661777077963,0.6435215796857426
35735,0.21925180431396718,0.4939333347131398,0.21925180431396718
35736,0.060288494371158276,0.045666972343406866,0.060288494371158276
35737,0.2414518234880093,0.5401163109152062,0.2414518234880093
35738,0.00744316525220882,0.12605751220766093,0.00744316525220882
35739,0.018413527693241043,0.8261489663221142,0.018413527693241043
35740,0.2100428125464457,0.8206842490117883,0.2100428125464457
35741,0.12893455682114957,0.21058492939599274,0.12893455682114957
35742,0.2461211656572068,0.5720468474420761,0.2461211656572068
35743,0.12281473608795979,0.4926481111381906,0.12281473608795979
35744,0.17743645824033458,0.6990930785057069,0.17743645824033458
35745,0.05464077617774165,0.34298949696891023,0.05464077617774165
35746,0.06812672851587667,0.09381566924961138,0.06812672851587667
35747,0.019506085513701817,0.08907198676055758,0.019506085513701817
35748,0.12117918875588185,0.22458660897987393,0.12117918875588185
35749,0.052323890532013514,0.020382864318076233,0.052323890532013514
35750,0.08210464613023144,0.156862023693176,0.08210464613023144
35751,0.030794714431039528,0.17852708062847036,0.030794714431039528
35752,0.11072258372390159,0.5215145320527027,0.11072258372390159
35753,0.02713951360860281,0.5426561566946435,0.02713951360860281
35754,0.1436180634319841,0.1157887584499007,0.1436180634319841
35755,0.02087827801933947,0.2454453157710003,0.02087827801933947
35756,0.540632512084003,0.651594125821234,0.540632512084003
35757,0.4581079764717012,0.23572273478971792,0.4581079764717012
35758,0.011185200595257246,0.02919792442266697,0.011185200595257246
35759,0.3239150038811696,0.9148837616501526,0.3239150038811696
35760,0.11437192938753213,0.49513563187236037,0.11437192938753213
35761,0.7143264891050088,0.5117256918095311,0.7143264891050088
35762,0.7573621372458917,0.6817209979623702,0.7573621372458917
35763,0.24270604270925203,0.45755410258446383,0.24270604270925203
35764,0.1631667291431717,0.8661038493530601,0.1631667291431717
35765,0.048377526181631526,0.34868997645893407,0.048377526181631526
35766,0.70928361061221,0.8768479699388358,0.70928361061221
35767,0.3233474396917268,0.917619171934203,0.3233474396917268
35768,0.0357436021026712,0.8373496438772219,0.0357436021026712
35769,0.08796293679983593,0.4823141397517448,0.08796293679983593
35770,0.17727153353489988,0.8421803697269645,0.17727153353489988
35771,0.039736639052829814,0.11633401058283901,0.039736639052829814
35772,0.27137600507329046,0.2761256917516689,0.27137600507329046
35773,0.08143407807980042,0.38575746649009196,0.08143407807980042
35774,0.27628170452756934,0.38067950835790776,0.27628170452756934
35775,0.19284824723401417,0.4458256497659191,0.19284824723401417
35776,0.04982438909568387,0.30500299814878734,0.04982438909568387
35777,0.36265121160281416,0.8867210361707974,0.36265121160281416
35778,0.02376569547493257,0.09145719726831854,0.02376569547493257
35779,0.23723637915359783,0.3747169660593149,0.23723637915359783
35780,0.1858857521512706,0.5726743920373957,0.1858857521512706
35781,0.6494404249150504,0.17585553139958449,0.6494404249150504
35782,0.19293129511740995,0.8699319527468696,0.19293129511740995
35783,0.2524048055385906,0.642281381907097,0.2524048055385906
35784,0.9074782773078176,0.9172450777334126,0.9074782773078176
35785,0.040009331952740916,0.1359343499118682,0.040009331952740916
35786,0.0711832088713861,0.3914138542159286,0.0711832088713861
35787,0.03976091704992468,0.8708260178726164,0.03976091704992468
35788,0.12359486778759976,0.7369973776258097,0.12359486778759976
35789,0.1981870432341301,0.2044589280999616,0.1981870432341301
35790,0.3478488603125306,0.5934220869725916,0.3478488603125306
35791,0.11503842641225426,0.8805654001530734,0.11503842641225426
35792,0.05339147287158494,0.3073131872250746,0.05339147287158494
35793,0.1696722864530669,0.44236928717885055,0.1696722864530669
35794,0.1097856893546525,0.24888567416723026,0.1097856893546525
35795,0.16177876053683762,0.32608989416337136,0.16177876053683762
35796,0.08760242138303131,0.09977804783609251,0.08760242138303131
35797,0.03576774231137631,0.0344510535805305,0.03576774231137631
35798,0.0888751706096996,0.2987736030906862,0.0888751706096996
35799,0.0805742722169966,0.2435323978381135,0.0805742722169966
35800,0.23640541385930453,0.38525783768350624,0.23640541385930453
35801,0.11882386092942096,0.4676850453171526,0.11882386092942096
35802,0.07066021649799083,0.09448453657259587,0.07066021649799083
35803,0.1233416062185821,0.6089350441964763,0.1233416062185821
35804,0.042449861935795384,0.24167382680886537,0.042449861935795384
35805,0.02702012056122638,0.4563522678150642,0.02702012056122638
35806,0.21580933102180103,0.12011090429163047,0.21580933102180103
35807,0.42217905041257403,0.7661810168658072,0.42217905041257403
35808,0.09177676074357087,0.6102797111383723,0.09177676074357087
35809,0.17474097108939726,0.5648795454249952,0.17474097108939726
35810,0.09324906944724203,0.749285130068235,0.09324906944724203
35811,0.053606308756233165,0.1289959572503437,0.053606308756233165
35812,0.15803152023404504,0.4434327934369893,0.15803152023404504
35813,0.10438164601130491,0.10200623401645358,0.10438164601130491
35814,0.2941374639129658,0.6339460204056744,0.2941374639129658
35815,0.13704190796304772,0.17362074426064866,0.13704190796304772
35816,0.6238917414032227,0.8598206054275689,0.6238917414032227
35817,0.11631344715420992,0.26837877741790744,0.11631344715420992
35818,0.36624441191209595,0.5071245660426268,0.36624441191209595
35819,0.5737047774606481,0.5661294448745925,0.5737047774606481
35820,0.1794842672866807,0.43140474707952753,0.1794842672866807
35821,0.1255781322365993,0.2878404677937905,0.1255781322365993
35822,0.7824026512315178,0.8182658622843593,0.7824026512315178
35823,0.29964081591529457,0.3118887637335696,0.29964081591529457
35824,0.07358965062484016,0.22861145788972465,0.07358965062484016
35825,0.66114664684303,0.8251422023048557,0.66114664684303
35826,0.1177784105580323,0.35675643671291274,0.1177784105580323
35827,0.0637302572544102,0.43204689666343443,0.0637302572544102
35828,0.03440720940125212,0.0415439264107282,0.03440720940125212
35829,0.018035033272218615,0.1052228852941012,0.018035033272218615
35830,0.08032410801919092,0.7397353330760637,0.08032410801919092
35831,0.02358450730404324,0.3214831861190237,0.02358450730404324
35832,0.06175725129038913,0.3098418031504998,0.06175725129038913
35833,0.09933460888441235,0.050202745026023246,0.09933460888441235
35834,0.0943835933490254,0.744923947538569,0.0943835933490254
35835,0.020325559389266005,0.32594795062339865,0.020325559389266005
35836,0.4831431570673402,0.6595824092065296,0.4831431570673402
35837,0.04571358594976531,0.41170123017906535,0.04571358594976531
35838,0.02038168361838836,0.06814264883061838,0.02038168361838836
35839,0.20818377089607093,0.3498533301951417,0.20818377089607093
35840,0.05434351115390909,0.2980696272853759,0.05434351115390909
35841,0.1553392994224474,0.5814576318700583,0.1553392994224474
35842,0.6572514649828779,0.5364498603614295,0.6572514649828779
35843,0.6717368936151622,0.5570441326175577,0.6717368936151622
35844,0.20499447091951048,0.4011835092097609,0.20499447091951048
35845,0.03511012410139048,0.14233267396792246,0.03511012410139048
35846,0.007453100222324761,0.024402807222332765,0.007453100222324761
35847,0.1278784366512047,0.5106079414915766,0.1278784366512047
35848,0.09021046805670928,0.8528308401375927,0.09021046805670928
35849,0.4088619211262211,0.3395629046695764,0.4088619211262211
35850,0.039121373280505044,0.7961679593505117,0.039121373280505044
35851,0.3143931990086996,0.21415611529781534,0.3143931990086996
35852,0.0480288399762475,0.270888793546381,0.0480288399762475
35853,0.16774336278486365,0.7337597240577212,0.16774336278486365
35854,0.2737431806524299,0.6818765924253348,0.2737431806524299
35855,0.01839035527048677,0.11628358215959357,0.01839035527048677
35856,0.4757287439013924,0.3502542681568647,0.4757287439013924
35857,0.09345345492448312,0.2571189304723261,0.09345345492448312
35858,0.04889693305146375,0.23559944316080125,0.04889693305146375
35859,0.08790671221369759,0.6249063144122106,0.08790671221369759
35860,0.0504042360145482,0.17477308375689135,0.0504042360145482
35861,0.8382176257982866,0.917047129070681,0.8382176257982866
35862,0.12650856309943836,0.43727127872179683,0.12650856309943836
35863,0.7869201401960009,0.9307364788517513,0.7869201401960009
35864,0.3487638082083683,0.49301194670011556,0.3487638082083683
35865,0.2642678966598283,0.4528347922300624,0.2642678966598283
35866,0.048207474415076015,0.029826935457857955,0.048207474415076015
35867,0.06055152809735494,0.09762575627431547,0.06055152809735494
35868,0.0689424448662471,0.33566032609018615,0.0689424448662471
35869,0.08221408693284513,0.14932134117016607,0.08221408693284513
35870,0.08619337400591495,0.4969703290119765,0.08619337400591495
35871,0.5814641433310266,0.6125547606431647,0.5814641433310266
35872,0.01666988935338462,0.3792688791593877,0.01666988935338462
35873,0.029409999156026913,0.5001736462579994,0.029409999156026913
35874,0.4808805739256909,0.8627353043157353,0.4808805739256909
35875,0.05786625778711579,0.34322658684136076,0.05786625778711579
35876,0.20581669411470538,0.24521971638600232,0.20581669411470538
35877,0.18227586904644774,0.3187246090548661,0.18227586904644774
35878,0.5718429972557978,0.8171085188953235,0.5718429972557978
35879,0.041327792679208636,0.3998222531147632,0.041327792679208636
35880,0.27246942954441616,0.7076865753714635,0.27246942954441616
35881,0.09142992834228009,0.5316365791502433,0.09142992834228009
35882,0.549288256517056,0.7427389282129898,0.549288256517056
35883,0.14753333599059804,0.6990792842167266,0.14753333599059804
35884,0.15056134426177117,0.6371778964665048,0.15056134426177117
35885,0.1425806839097005,0.3620694770990654,0.1425806839097005
35886,0.04031603270759113,0.037120102383766805,0.04031603270759113
35887,0.05843235155401955,0.4967790635503812,0.05843235155401955
35888,0.16879907488921672,0.5971302399052401,0.16879907488921672
35889,0.29030484912117616,0.5528970980459845,0.29030484912117616
35890,0.08600378373231593,0.21436140494818845,0.08600378373231593
35891,0.13416920597240278,0.671187892111713,0.13416920597240278
35892,0.09656669608070348,0.34096777875098455,0.09656669608070348
35893,0.1599911265526471,0.6421644845391751,0.1599911265526471
35894,0.537072597296401,0.5797321611281446,0.537072597296401
35895,0.10611694540967162,0.7589277765463877,0.10611694540967162
35896,0.1585321377468991,0.23155022045218768,0.1585321377468991
35897,0.0825187779833451,0.02569083232345325,0.0825187779833451
35898,0.2627818525330526,0.22195765512428084,0.2627818525330526
35899,0.011578387614702904,0.06119264422671812,0.011578387614702904
35900,0.04887139624419227,0.07298097036881125,0.04887139624419227
35901,0.05816603318483925,0.40073659947681795,0.05816603318483925
35902,0.02481058507281073,0.022737693945523392,0.02481058507281073
35903,0.10921070353653561,0.77342323089527,0.10921070353653561
35904,0.135525934880021,0.5059341107370662,0.135525934880021
35905,0.028153452114744796,0.27889088648552934,0.028153452114744796
35906,0.16228743840495918,0.25363934084274437,0.16228743840495918
35907,0.038517606093393296,0.7603673021014389,0.038517606093393296
35908,0.032734639385914074,0.09052991233469256,0.032734639385914074
35909,0.10906888794729803,0.45830009418467854,0.10906888794729803
35910,0.18490652999125506,0.6357259072029143,0.18490652999125506
35911,0.08262689452864873,0.7903777711179742,0.08262689452864873
35912,0.07846517546930168,0.14017008101315254,0.07846517546930168
35913,0.0790455717460003,0.03330166607256452,0.0790455717460003
35914,0.13496580146495332,0.3396775153073569,0.13496580146495332
35915,0.1115464909944207,0.745624527896801,0.1115464909944207
35916,0.2608546303368557,0.4301774017762267,0.2608546303368557
35917,0.04083590689791678,0.06299002356753323,0.04083590689791678
35918,0.3151366396561591,0.3805753759668509,0.3151366396561591
35919,0.11086438750504694,0.1301363872892267,0.11086438750504694
35920,0.12507296219636582,0.1968110648700551,0.12507296219636582
35921,0.06666623549679558,0.5142134460831373,0.06666623549679558
35922,0.03685422309205847,0.10762727234583379,0.03685422309205847
35923,0.054719566263861014,0.2821902200835713,0.054719566263861014
35924,0.07483424415165808,0.38044125775567794,0.07483424415165808
35925,0.6222788735647244,0.9097163659513112,0.6222788735647244
35926,0.0548024551105006,0.745615272905293,0.0548024551105006
35927,0.04775585907463737,0.7851665943332921,0.04775585907463737
35928,0.07056880060307118,0.13261544037591533,0.07056880060307118
35929,0.2973846914916752,0.5955162066240665,0.2973846914916752
35930,0.0717138389152101,0.8876382072277086,0.0717138389152101
35931,0.4700157774258451,0.500068201875051,0.4700157774258451
35932,0.6825278686027197,0.8011294756314689,0.6825278686027197
35933,0.0389732242380109,0.25455268040796236,0.0389732242380109
35934,0.053047416134206056,0.41733101866510697,0.053047416134206056
35935,0.07367812039573288,0.11672271501971188,0.07367812039573288
35936,0.012765861105279587,0.0198565554728906,0.012765861105279587
35937,0.02298732552199978,0.015713446281665093,0.02298732552199978
35938,0.6138853771605282,0.568317332785162,0.6138853771605282
35939,0.06945886236908803,0.17125749957236402,0.06945886236908803
35940,0.0895940254602604,0.24581878798963905,0.0895940254602604
35941,0.03737350935437763,0.3714660606071566,0.03737350935437763
35942,0.03255009768645548,0.0449478302693696,0.03255009768645548
35943,0.09649377583832723,0.5456179124586521,0.09649377583832723
35944,0.14080203932589483,0.3761174001619856,0.14080203932589483
35945,0.03494466219692135,0.02344887931780877,0.03494466219692135
35946,0.2902625681607229,0.36220078642524045,0.2902625681607229
35947,0.608086935977324,0.9184103233485545,0.608086935977324
35948,0.20024751983358877,0.8562386890057692,0.20024751983358877
35949,0.18359731418180839,0.7369025128883007,0.18359731418180839
35950,0.4659731083676208,0.4635652884801927,0.4659731083676208
35951,0.04274616964473325,0.49140860709456025,0.04274616964473325
35952,0.13847116733096915,0.3307801299054947,0.13847116733096915
35953,0.04303740482126481,0.34387743823316724,0.04303740482126481
35954,0.025563565555954893,0.15746504224460495,0.025563565555954893
35955,0.4267287144455209,0.8332957294932442,0.4267287144455209
35956,0.9292826471606537,0.9497988650630091,0.9292826471606537
35957,0.01851974654471154,0.07350490879822047,0.01851974654471154
35958,0.03789834990658586,0.38512648012239736,0.03789834990658586
35959,0.07375826629793437,0.3037192560083387,0.07375826629793437
35960,0.149871104920437,0.6157889807740854,0.149871104920437
35961,0.02277342015294005,0.056878485381788385,0.02277342015294005
35962,0.017435974790409918,0.20621878045597142,0.017435974790409918
35963,0.07057536996842567,0.32071422844259434,0.07057536996842567
35964,0.03219759836394526,0.12135110657558842,0.03219759836394526
35965,0.05628078099304647,0.6380121819428334,0.05628078099304647
35966,0.05532356755271677,0.5626632795947661,0.05532356755271677
35967,0.018882117019079193,0.20072190050840927,0.018882117019079193
35968,0.08514891515404666,0.31915286458577646,0.08514891515404666
35969,0.6668307845918645,0.7327659769307997,0.6668307845918645
35970,0.09483148258949817,0.8692108305071706,0.09483148258949817
35971,0.3079817723484389,0.7652780993837518,0.3079817723484389
35972,0.0875011797338203,0.5259574141057902,0.0875011797338203
35973,0.03637184672222849,0.07859452804142877,0.03637184672222849
35974,0.32572052619086395,0.5499764260171006,0.32572052619086395
35975,0.1787894430306636,0.25689742185402736,0.1787894430306636
35976,0.03091237567991749,0.06816662706200272,0.03091237567991749
35977,0.02726723311463886,0.05090064978872448,0.02726723311463886
35978,0.10471813946427816,0.2790772295882611,0.10471813946427816
35979,0.3428057948511681,0.3834322306823495,0.3428057948511681
35980,0.16495410953474435,0.9345198130649917,0.16495410953474435
35981,0.12214656367412871,0.6697317072086139,0.12214656367412871
35982,0.07369359172823713,0.41303760865987554,0.07369359172823713
35983,0.026870514701517936,0.5787885557268435,0.026870514701517936
35984,0.024191405380631005,0.13621972356677395,0.024191405380631005
35985,0.2376186534891934,0.7311078369759295,0.2376186534891934
35986,0.17771038035548814,0.5424285024366432,0.17771038035548814
35987,0.013059793726649886,0.32576051642648446,0.013059793726649886
35988,0.12328458522046902,0.2916401326900846,0.12328458522046902
35989,0.05212300433907778,0.1810454944510605,0.05212300433907778
35990,0.14904500166774612,0.06803625477696607,0.14904500166774612
35991,0.4886253321878404,0.3096000420820449,0.4886253321878404
35992,0.042844302532847864,0.10940869237067705,0.042844302532847864
35993,0.17057610855857785,0.09662973926040937,0.17057610855857785
35994,0.30147645171491005,0.5433262598605094,0.30147645171491005
35995,0.06672547308077735,0.4615826754123201,0.06672547308077735
35996,0.7735508676071652,0.9593025354290142,0.7735508676071652
35997,0.28396758340058154,0.8740168697504739,0.28396758340058154
35998,0.4001089195260117,0.3794314886821735,0.4001089195260117
35999,0.07176286650594942,0.1139519424623303,0.07176286650594942
36000,0.07307999776301258,0.06537937867749866,0.07307999776301258
36001,0.19388000056206237,0.41419412418567864,0.19388000056206237
36002,0.08865552255667739,0.11146773121315022,0.08865552255667739
36003,0.475808572941356,0.8792070799731498,0.475808572941356
36004,0.04470542173138844,0.27391398228669644,0.04470542173138844
36005,0.045761328331893336,0.3744394552667945,0.045761328331893336
36006,0.2306955457217793,0.28589463070884163,0.2306955457217793
36007,0.11513576251425887,0.30363784741988975,0.11513576251425887
36008,0.10299762005466809,0.528931217396552,0.10299762005466809
36009,0.19584079896772708,0.47680017847460104,0.19584079896772708
36010,0.047558155762257866,0.06056044042622553,0.047558155762257866
36011,0.05744207116844937,0.18323211086570054,0.05744207116844937
36012,0.06497099106955655,0.648213221608484,0.06497099106955655
36013,0.5356389843669301,0.361667129542711,0.5356389843669301
36014,0.03486565785873175,0.07306322237505217,0.03486565785873175
36015,0.03007863259208072,0.05956378652158241,0.03007863259208072
36016,0.08582440119295444,0.8599578597709477,0.08582440119295444
36017,0.0180933582677814,0.07189378605938908,0.0180933582677814
36018,0.05602120872345504,0.2625068132489821,0.05602120872345504
36019,0.07310508474460536,0.10438061156125675,0.07310508474460536
36020,0.02350988558276994,0.18491191501918883,0.02350988558276994
36021,0.07496371326063267,0.451061828817393,0.07496371326063267
36022,0.42409715339972615,0.8309195480282902,0.42409715339972615
36023,0.05273213127866522,0.6681262032322651,0.05273213127866522
36024,0.4633196606173407,0.6972996169781306,0.4633196606173407
36025,0.04638653078134204,0.6344863274492795,0.04638653078134204
36026,0.016590765856085363,0.0910459687871583,0.016590765856085363
36027,0.008009642817135135,0.27923739830873423,0.008009642817135135
36028,0.0688115193667228,0.046837337025234294,0.0688115193667228
36029,0.08083418785490148,0.7343064595140002,0.08083418785490148
36030,0.030364446240917504,0.04304001725705939,0.030364446240917504
36031,0.04436374354819746,0.2957416391465084,0.04436374354819746
36032,0.03674053703370637,0.17946153877996557,0.03674053703370637
36033,0.1271296798588356,0.8309959100506807,0.1271296798588356
36034,0.12911479592517383,0.2910322595041269,0.12911479592517383
36035,0.0521357080191379,0.20811862669819187,0.0521357080191379
36036,0.09752175536695074,0.8393870848822623,0.09752175536695074
36037,0.44740309445533083,0.2080737701359989,0.44740309445533083
36038,0.10859530476541897,0.27876518628209657,0.10859530476541897
36039,0.03515308433442919,0.22787184144210623,0.03515308433442919
36040,0.17244276225294447,0.6520296473199977,0.17244276225294447
36041,0.1425338314453053,0.6381238601779202,0.1425338314453053
36042,0.17402670238650483,0.5142543705668425,0.17402670238650483
36043,0.5733585085476394,0.9289288470011258,0.5733585085476394
36044,0.1576304498371862,0.6850952996684292,0.1576304498371862
36045,0.2935815539039992,0.5340823191142031,0.2935815539039992
36046,0.22740060537797174,0.6012369083652105,0.22740060537797174
36047,0.13906345711252197,0.4334447388923111,0.13906345711252197
36048,0.11231849134517585,0.9346338232024018,0.11231849134517585
36049,0.03219091936835533,0.6397905662202611,0.03219091936835533
36050,0.851189197949004,0.8667981167381742,0.851189197949004
36051,0.0583683102218587,0.22566746921012545,0.0583683102218587
36052,0.09414157112150971,0.2975142471301388,0.09414157112150971
36053,0.25352031352410476,0.22130862581141453,0.25352031352410476
36054,0.04375612230027264,0.13414832280146322,0.04375612230027264
36055,0.06547877585800405,0.26343011966435537,0.06547877585800405
36056,0.06526448896596146,0.1652581826161461,0.06526448896596146
36057,0.03696990868414635,0.03684924962992572,0.03696990868414635
36058,0.16639540830333385,0.21351526681587482,0.16639540830333385
36059,0.2218618176643715,0.6182446272842953,0.2218618176643715
36060,0.44574439228048024,0.4286661359576219,0.44574439228048024
36061,0.04526567005569711,0.8161653422621642,0.04526567005569711
36062,0.07708905547625795,0.7115829802102256,0.07708905547625795
36063,0.08809704346275782,0.673433059119575,0.08809704346275782
36064,0.1066609260409332,0.08563133469212031,0.1066609260409332
36065,0.5954190385035062,0.5547591406620738,0.5954190385035062
36066,0.043586656065118315,0.5954920134887937,0.043586656065118315
36067,0.31670749140032894,0.3633893811178204,0.31670749140032894
36068,0.1210909364462831,0.2599524002504775,0.1210909364462831
36069,0.035573076497091814,0.12088768973175629,0.035573076497091814
36070,0.05264323348941795,0.2530734880581305,0.05264323348941795
36071,0.47250497995163626,0.8198283388307542,0.47250497995163626
36072,0.029214591035524352,0.4376499530360218,0.029214591035524352
36073,0.018087777292747003,0.15955317693665755,0.018087777292747003
36074,0.053120464054487844,0.340270100045295,0.053120464054487844
36075,0.012129708847467113,0.3031691849727848,0.012129708847467113
36076,0.511779447457403,0.6019224958581898,0.511779447457403
36077,0.49078627196796587,0.8960513789185729,0.49078627196796587
36078,0.2850951211540507,0.3862381156736906,0.2850951211540507
36079,0.0953258676090743,0.08137826565622246,0.0953258676090743
36080,0.4427319850126491,0.711917792457366,0.4427319850126491
36081,0.037070093057719355,0.5951151320492407,0.037070093057719355
36082,0.10366087701414667,0.4812411664746117,0.10366087701414667
36083,0.6917685368507022,0.8426472296725126,0.6917685368507022
36084,0.1514564197139962,0.9201218559084559,0.1514564197139962
36085,0.07972855465293706,0.2916409480482238,0.07972855465293706
36086,0.042381692825671925,0.10161499863517082,0.042381692825671925
36087,0.053437574586588675,0.27732421522128303,0.053437574586588675
36088,0.1767052344265446,0.16701451491156924,0.1767052344265446
36089,0.34278738193260394,0.8615792415992949,0.34278738193260394
36090,0.31094939375084735,0.663947194471955,0.31094939375084735
36091,0.2763233626496355,0.893902804389504,0.2763233626496355
36092,0.09971404962097337,0.4824950725949456,0.09971404962097337
36093,0.21486149646022198,0.32518575208989614,0.21486149646022198
36094,0.029184791374998315,0.1436145863744956,0.029184791374998315
36095,0.22378334767954514,0.21839777991628462,0.22378334767954514
36096,0.2989401678566483,0.927719830717708,0.2989401678566483
36097,0.2259764025073996,0.19489726710907823,0.2259764025073996
36098,0.07516709793397969,0.8309092971682421,0.07516709793397969
36099,0.04032758849688223,0.48425764720643233,0.04032758849688223
36100,0.13465934598659984,0.4595236014598607,0.13465934598659984
36101,0.8460071558852258,0.841561085740811,0.8460071558852258
36102,0.03694032866162432,0.13492066202241482,0.03694032866162432
36103,0.1327895592982376,0.6630781866872616,0.1327895592982376
36104,0.2473681880300391,0.24287785544057328,0.2473681880300391
36105,0.12662765611144694,0.2752272311990941,0.12662765611144694
36106,0.05558104984664388,0.29928731913742496,0.05558104984664388
36107,0.11633803415940354,0.4946003597690677,0.11633803415940354
36108,0.0962715668203463,0.015358659275398808,0.0962715668203463
36109,0.5488376554596116,0.6418255423968175,0.5488376554596116
36110,0.016609666494551666,0.07853489170162202,0.016609666494551666
36111,0.3097163796318463,0.8734383577400988,0.3097163796318463
36112,0.7839134865883846,0.9363756749550097,0.7839134865883846
36113,0.03659984749149914,0.17287967025323953,0.03659984749149914
36114,0.2517576561635204,0.2100676332135604,0.2517576561635204
36115,0.5134662005705379,0.27919901877858866,0.5134662005705379
36116,0.03652850435525219,0.11700794975456527,0.03652850435525219
36117,0.37847831836402246,0.43127818322512984,0.37847831836402246
36118,0.052072573104416243,0.74861972056837,0.052072573104416243
36119,0.12662449403297077,0.7672274645200369,0.12662449403297077
36120,0.03059283678516647,0.04077307546544919,0.03059283678516647
36121,0.01418819934394346,0.15356194568272133,0.01418819934394346
36122,0.12452082050638794,0.39265997917155065,0.12452082050638794
36123,0.4635321840160472,0.5692954000182546,0.4635321840160472
36124,0.029387131388244076,0.03511385295134117,0.029387131388244076
36125,0.07970815174107435,0.8335489666318793,0.07970815174107435
36126,0.12039402457205212,0.6895410270741977,0.12039402457205212
36127,0.05504231807202113,0.020155143331381208,0.05504231807202113
36128,0.17728062845700945,0.6786806481519305,0.17728062845700945
36129,0.09672731269793852,0.6594394093037493,0.09672731269793852
36130,0.16323054013803304,0.5508753611434277,0.16323054013803304
36131,0.11976951699436728,0.14133468939261412,0.11976951699436728
36132,0.062417584653778335,0.3919993696768358,0.062417584653778335
36133,0.0944711412046809,0.6954758206000713,0.0944711412046809
36134,0.0412075515564438,0.15838183851915014,0.0412075515564438
36135,0.1005976509610184,0.3523906742586548,0.1005976509610184
36136,0.024466875533457364,0.1563233181677942,0.024466875533457364
36137,0.08436348458267996,0.19362781121744113,0.08436348458267996
36138,0.10024449968862624,0.598015617190824,0.10024449968862624
36139,0.7078759246924157,0.8576979171272957,0.7078759246924157
36140,0.12758237363679506,0.5181373475736472,0.12758237363679506
36141,0.11163722508927473,0.828189262934615,0.11163722508927473
36142,0.10723151706677048,0.40767136318199454,0.10723151706677048
36143,0.19548000424712078,0.7489325063397518,0.19548000424712078
36144,0.05238474283561613,0.40562689533337437,0.05238474283561613
36145,0.04638305507228999,0.19718274253825704,0.04638305507228999
36146,0.6255843859897174,0.8980010715012084,0.6255843859897174
36147,0.31241709054938155,0.7288400074081329,0.31241709054938155
36148,0.030591470662805,0.05523574695154635,0.030591470662805
36149,0.027859150808700377,0.08125286443948829,0.027859150808700377
36150,0.03407540357758308,0.9024999710635331,0.03407540357758308
36151,0.2579606934599402,0.2897973569881627,0.2579606934599402
36152,0.3219045104020132,0.5286869201231148,0.3219045104020132
36153,0.14125814021665822,0.7433571995786771,0.14125814021665822
36154,0.27039256974828324,0.7066253532121188,0.27039256974828324
36155,0.19940550157349343,0.4783150068044678,0.19940550157349343
36156,0.047958585004911854,0.11364968022396345,0.047958585004911854
36157,0.15715536304896574,0.277606417151025,0.15715536304896574
36158,0.06640486117366183,0.7518531838667749,0.06640486117366183
36159,0.016104902517512884,0.0783906284803364,0.016104902517512884
36160,0.048492550894507214,0.1093662400927795,0.048492550894507214
36161,0.5297470517947884,0.8591185020693441,0.5297470517947884
36162,0.5233213108341505,0.9009610017457769,0.5233213108341505
36163,0.13787067205693504,0.6932301186328086,0.13787067205693504
36164,0.07089063353580671,0.42225182372622155,0.07089063353580671
36165,0.03814865381729992,0.3831865504545132,0.03814865381729992
36166,0.09940918870664611,0.2241712070079704,0.09940918870664611
36167,0.03573829700068284,0.2486577375232394,0.03573829700068284
36168,0.03738680068525882,0.3630446576158977,0.03738680068525882
36169,0.046794998934148894,0.45230683939532934,0.046794998934148894
36170,0.2697208558649731,0.1026499616836614,0.2697208558649731
36171,0.04651106803487291,0.07150581230410816,0.04651106803487291
36172,0.3215136793756939,0.48942075673864066,0.3215136793756939
36173,0.14588295465941037,0.18962807582055577,0.14588295465941037
36174,0.07641635995953079,0.1432907813339974,0.07641635995953079
36175,0.16148891936286702,0.7031945445895691,0.16148891936286702
36176,0.01875768584289762,0.027985543641546897,0.01875768584289762
36177,0.8046596802777018,0.12285809939809572,0.8046596802777018
36178,0.20081663179483178,0.6168900416456399,0.20081663179483178
36179,0.13839550142540716,0.44113553678260115,0.13839550142540716
36180,0.163279243335929,0.44131267831477,0.163279243335929
36181,0.07167693959849639,0.07596647896681896,0.07167693959849639
36182,0.20735529953440776,0.29229467284736815,0.20735529953440776
36183,0.833008552601224,0.6934624084266916,0.833008552601224
36184,0.7835350871986694,0.8921502365470931,0.7835350871986694
36185,0.2966204514063411,0.5370675244675697,0.2966204514063411
36186,0.08574856348190314,0.2422472068361618,0.08574856348190314
36187,0.25688422218510126,0.6483733045562705,0.25688422218510126
36188,0.11215836153543222,0.5097073849505815,0.11215836153543222
36189,0.04670099002606028,0.5830016280279774,0.04670099002606028
36190,0.3386599283169401,0.7595287936306022,0.3386599283169401
36191,0.04750786798796537,0.3956101544689592,0.04750786798796537
36192,0.18426132934765332,0.30792188197759024,0.18426132934765332
36193,0.06861118749438247,0.46904113533281505,0.06861118749438247
36194,0.41460731602456,0.5438379327179264,0.41460731602456
36195,0.23896056447565422,0.5390292785707731,0.23896056447565422
36196,0.08835109346306301,0.21275116738603467,0.08835109346306301
36197,0.04573494146166124,0.33014367562747016,0.04573494146166124
36198,0.7633425210595379,0.9307203516762144,0.7633425210595379
36199,0.04728233051929492,0.4138062166849288,0.04728233051929492
36200,0.08401028083400364,0.08445565664225031,0.08401028083400364
36201,0.8497922701414189,0.9525366659494536,0.8497922701414189
36202,0.15666279220177182,0.5406917282553904,0.15666279220177182
36203,0.06320097682947313,0.5578508773348918,0.06320097682947313
36204,0.02861206568825072,0.3237157217543612,0.02861206568825072
36205,0.03746321361940409,0.7303614265619798,0.03746321361940409
36206,0.08962561363191074,0.8083637330492038,0.08962561363191074
36207,0.0637318645354651,0.2697405720000411,0.0637318645354651
36208,0.16365524419202018,0.6633671282273823,0.16365524419202018
36209,0.09639014803524412,0.47286592294401497,0.09639014803524412
36210,0.05620658855453128,0.3798755642380994,0.05620658855453128
36211,0.048740526442239564,0.23296142055009253,0.048740526442239564
36212,0.04492003628902112,0.28589079138182133,0.04492003628902112
36213,0.1584753526380986,0.173860105702197,0.1584753526380986
36214,0.2717638114149058,0.6335958374148851,0.2717638114149058
36215,0.1832864067566803,0.8594000269225475,0.1832864067566803
36216,0.2941130629765262,0.6036748879818963,0.2941130629765262
36217,0.08020177579795747,0.26945116216671466,0.08020177579795747
36218,0.0653764353457506,0.5834315345897909,0.0653764353457506
36219,0.05731515807496718,0.039478177891136716,0.05731515807496718
36220,0.5399791660207213,0.4180059777416052,0.5399791660207213
36221,0.0465423137235184,0.09799399471988125,0.0465423137235184
36222,0.046088103717163084,0.15478779805801335,0.046088103717163084
36223,0.14290320076347848,0.5107571996012646,0.14290320076347848
36224,0.01950051370169266,0.017029785540227257,0.01950051370169266
36225,0.03866777525809926,0.3814620231473877,0.03866777525809926
36226,0.03754015170164492,0.5659569109408477,0.03754015170164492
36227,0.46226985645584745,0.3667761702362592,0.46226985645584745
36228,0.16202210319761737,0.077270933847797,0.16202210319761737
36229,0.040916207385435034,0.21875923488724414,0.040916207385435034
36230,0.07379743780594306,0.1485783346387042,0.07379743780594306
36231,0.06992543609603419,0.3464271873368293,0.06992543609603419
36232,0.03398158913871434,0.05381660896572298,0.03398158913871434
36233,0.05935618741073862,0.180247437689537,0.05935618741073862
36234,0.03171313241488572,0.28225405269773524,0.03171313241488572
36235,0.3380614201343919,0.8803280011132809,0.3380614201343919
36236,0.08346221388434343,0.19117354384647928,0.08346221388434343
36237,0.42795264079847783,0.4532312576896144,0.42795264079847783
36238,0.020260908077762717,0.10996955544421712,0.020260908077762717
36239,0.153753031942827,0.20661719691040903,0.153753031942827
36240,0.1075930310112082,0.37870846983725387,0.1075930310112082
36241,0.12179400309234287,0.7216518916498855,0.12179400309234287
36242,0.01709986866107117,0.08871839958458684,0.01709986866107117
36243,0.07873496015790372,0.8082825724831659,0.07873496015790372
36244,0.08295874192261542,0.21065698963425097,0.08295874192261542
36245,0.1203222520170028,0.06426242250435044,0.1203222520170028
36246,0.559508516528545,0.8885991159094707,0.559508516528545
36247,0.6087342670842938,0.7716206438409564,0.6087342670842938
36248,0.14319012545013504,0.4160878652418335,0.14319012545013504
36249,0.07350389942317377,0.18484537452293426,0.07350389942317377
36250,0.33778032400612185,0.35319921355976047,0.33778032400612185
36251,0.035610177317765834,0.40910704522190716,0.035610177317765834
36252,0.7193404680012366,0.5388182782829377,0.7193404680012366
36253,0.23636952820264953,0.2715526501162394,0.23636952820264953
36254,0.3634600111701054,0.8154234954377871,0.3634600111701054
36255,0.13396982899091486,0.12617372035637375,0.13396982899091486
36256,0.05199820115922944,0.41371147483802045,0.05199820115922944
36257,0.07346352672427048,0.21663008024883001,0.07346352672427048
36258,0.10298355787312619,0.2694140169492522,0.10298355787312619
36259,0.03736989444774005,0.11678491694558789,0.03736989444774005
36260,0.038481663117301286,0.40386234196374554,0.038481663117301286
36261,0.4427900034863271,0.30640800096460713,0.4427900034863271
36262,0.5453429500485601,0.925458599034676,0.5453429500485601
36263,0.06404982171530357,0.042460474794996865,0.06404982171530357
36264,0.20139531852407835,0.5777009717982617,0.20139531852407835
36265,0.050590989692584354,0.7901528389506102,0.050590989692584354
36266,0.11290694651033517,0.8349833557099647,0.11290694651033517
36267,0.4809526219200318,0.6327276584076522,0.4809526219200318
36268,0.04939359922271569,0.09580139863721465,0.04939359922271569
36269,0.05572664051513811,0.9659166611426402,0.05572664051513811
36270,0.39615503123307194,0.32010157419731,0.39615503123307194
36271,0.11532445585605682,0.5332386864657074,0.11532445585605682
36272,0.43904350332142994,0.4703099012016381,0.43904350332142994
36273,0.08646059112144214,0.3189798041666689,0.08646059112144214
36274,0.12263770276941792,0.7414462972670961,0.12263770276941792
36275,0.02326016845798122,0.16935968136357468,0.02326016845798122
36276,0.27211030497178734,0.7604088891616316,0.27211030497178734
36277,0.18138209563768565,0.2942208726101538,0.18138209563768565
36278,0.058412181787051286,0.2945790481749072,0.058412181787051286
36279,0.17694086987713303,0.47773753259866214,0.17694086987713303
36280,0.09756753643494323,0.19939282090291988,0.09756753643494323
36281,0.06523307299895495,0.5505044045368308,0.06523307299895495
36282,0.8143811405739708,0.7211500750010502,0.8143811405739708
36283,0.06543695918527455,0.44928416167709667,0.06543695918527455
36284,0.08853393273730711,0.4688969402586553,0.08853393273730711
36285,0.3251062465264671,0.6681237018410133,0.3251062465264671
36286,0.7142275094917403,0.24531013127417112,0.7142275094917403
36287,0.026158924296322543,0.20915272648170583,0.026158924296322543
36288,0.074179914281009,0.1121771903280701,0.074179914281009
36289,0.573452611080567,0.8459903053800361,0.573452611080567
36290,0.030765564068778863,0.13576103569113243,0.030765564068778863
36291,0.1734930856136823,0.29679766620377074,0.1734930856136823
36292,0.06707499702277214,0.21683529108208902,0.06707499702277214
36293,0.11509075382993687,0.31973779077645814,0.11509075382993687
36294,0.5415684329409614,0.7708574324116221,0.5415684329409614
36295,0.21661768920193566,0.8702528210543956,0.21661768920193566
36296,0.4333647574290784,0.1472461215096669,0.4333647574290784
36297,0.0824401936818436,0.26054955387121004,0.0824401936818436
36298,0.16544168953382143,0.38838103161403925,0.16544168953382143
36299,0.06695739129995328,0.14076625431717346,0.06695739129995328
36300,0.05494395149734908,0.44091254626176235,0.05494395149734908
36301,0.06416582791748596,0.17447052079884215,0.06416582791748596
36302,0.059894230258103635,0.28706962787323176,0.059894230258103635
36303,0.24666600276203648,0.2056053624074093,0.24666600276203648
36304,0.06426079521579729,0.19625915210807118,0.06426079521579729
36305,0.24599019117518264,0.4340160676117317,0.24599019117518264
36306,0.7571702147062079,0.34109350560561313,0.7571702147062079
36307,0.1262699418667523,0.2302066340466903,0.1262699418667523
36308,0.1673234076314919,0.06030501440998636,0.1673234076314919
36309,0.044310960672292475,0.4367129822865088,0.044310960672292475
36310,0.14842273254693525,0.19614079220668884,0.14842273254693525
36311,0.23654899239776556,0.522253999152158,0.23654899239776556
36312,0.027934430067022113,0.14497801494622925,0.027934430067022113
36313,0.1052187805951153,0.6013112646865421,0.1052187805951153
36314,0.5977172939999139,0.2505296393725517,0.5977172939999139
36315,0.04393660647214197,0.173314923426707,0.04393660647214197
36316,0.057051319221629565,0.3836202765074622,0.057051319221629565
36317,0.24594676871425533,0.11628266698148909,0.24594676871425533
36318,0.264070840465708,0.3896956206620813,0.264070840465708
36319,0.02253234348672706,0.05737365600984071,0.02253234348672706
36320,0.6294438025760442,0.7809922469052645,0.6294438025760442
36321,0.017752031403304683,0.040658381858663724,0.017752031403304683
36322,0.6019584313147557,0.8001718904586168,0.6019584313147557
36323,0.1638582856576196,0.44628878823718093,0.1638582856576196
36324,0.12122958602024489,0.21084462340536167,0.12122958602024489
36325,0.04071707286483307,0.6325845045060177,0.04071707286483307
36326,0.0666330365043205,0.8437448467343283,0.0666330365043205
36327,0.10557743749865807,0.500090481504632,0.10557743749865807
36328,0.08238062062884133,0.7021861909512059,0.08238062062884133
36329,0.3348317460646094,0.47998010814898734,0.3348317460646094
36330,0.18913390931474622,0.5187560714475262,0.18913390931474622
36331,0.0728393718864951,0.11023647910762047,0.0728393718864951
36332,0.12332513653488988,0.17968568753353206,0.12332513653488988
36333,0.03434713171246778,0.5496535415739525,0.03434713171246778
36334,0.246746208611542,0.7332807202942037,0.246746208611542
36335,0.21749985709238062,0.2836502735451374,0.21749985709238062
36336,0.15949784694274066,0.1285416927754455,0.15949784694274066
36337,0.07809344777612584,0.9467011269643671,0.07809344777612584
36338,0.03006225059616681,0.4153811967249346,0.03006225059616681
36339,0.07565749545411384,0.3725446142829274,0.07565749545411384
36340,0.09994560223264572,0.9084873903690234,0.09994560223264572
36341,0.10586903455931942,0.41181391665049843,0.10586903455931942
36342,0.11420876031413411,0.08871971718860942,0.11420876031413411
36343,0.1118376148917445,0.20750881458122195,0.1118376148917445
36344,0.32100754325341757,0.2884958573965062,0.32100754325341757
36345,0.136653969561718,0.3770120018344713,0.136653969561718
36346,0.056057457487420706,0.5708513044251196,0.056057457487420706
36347,0.32601184963375834,0.11193613209835998,0.32601184963375834
36348,0.03435086616050203,0.1024526010631658,0.03435086616050203
36349,0.1768835253785869,0.3486089812365889,0.1768835253785869
36350,0.08265605364783203,0.13066754868388086,0.08265605364783203
36351,0.317587830503366,0.051778935205015475,0.317587830503366
36352,0.08991029850966632,0.9146950082391153,0.08991029850966632
36353,0.4186582537538577,0.462314784603768,0.4186582537538577
36354,0.08591757508998508,0.8685043608427052,0.08591757508998508
36355,0.4781347801302963,0.5115265747733853,0.4781347801302963
36356,0.02635764864877939,0.5396085548493049,0.02635764864877939
36357,0.10820014141814888,0.2666617966194655,0.10820014141814888
36358,0.03936134798189517,0.436938607175637,0.03936134798189517
36359,0.15794036199067904,0.7911499817330752,0.15794036199067904
36360,0.4153810558853703,0.6639260260634784,0.4153810558853703
36361,0.22207990756220813,0.21645848903766304,0.22207990756220813
36362,0.23205708051074514,0.23350173013666747,0.23205708051074514
36363,0.5842672998427976,0.8939706766326257,0.5842672998427976
36364,0.06522570886721138,0.4653939789716145,0.06522570886721138
36365,0.45637529095996243,0.6157588028711787,0.45637529095996243
36366,0.2311144809938464,0.14437058732666083,0.2311144809938464
36367,0.1747394169688135,0.5646555022264075,0.1747394169688135
36368,0.7765207849881993,0.847310957568979,0.7765207849881993
36369,0.3205805662835602,0.8637036914712349,0.3205805662835602
36370,0.19057994373851142,0.7162774070432013,0.19057994373851142
36371,0.1851573479173606,0.1742834182879977,0.1851573479173606
36372,0.21769447648885648,0.39567188189474767,0.21769447648885648
36373,0.07622174714904174,0.3574989840019447,0.07622174714904174
36374,0.06106600924075287,0.17742149462394377,0.06106600924075287
36375,0.0672875048191995,0.09484370930406362,0.0672875048191995
36376,0.054233624892235266,0.141722703412304,0.054233624892235266
36377,0.019793981066118998,0.22339199398292042,0.019793981066118998
36378,0.07289751044133058,0.165876289387339,0.07289751044133058
36379,0.07135831767513749,0.30394626234250244,0.07135831767513749
36380,0.9604082321609679,0.8537587699913248,0.9604082321609679
36381,0.05241774936376545,0.6817714713859512,0.05241774936376545
36382,0.13227495089659874,0.18202882511365023,0.13227495089659874
36383,0.052868497535051705,0.39342808037682686,0.052868497535051705
36384,0.2054122600957241,0.6216809004866203,0.2054122600957241
36385,0.1626170132799767,0.44731363456318574,0.1626170132799767
36386,0.14482143264640243,0.2162115939235319,0.14482143264640243
36387,0.21568716725317444,0.7197777934059644,0.21568716725317444
36388,0.15941474736895153,0.24885090622206738,0.15941474736895153
36389,0.05890526935483848,0.2015119870725859,0.05890526935483848
36390,0.24490660263142486,0.30649709506027395,0.24490660263142486
36391,0.2646063485134286,0.9026688459937457,0.2646063485134286
36392,0.03256531131399918,0.4247696045619965,0.03256531131399918
36393,0.0714985734921903,0.8267510680746595,0.0714985734921903
36394,0.05530439361555305,0.356475929804266,0.05530439361555305
36395,0.24127965541583837,0.45767286501172827,0.24127965541583837
36396,0.5925374631803708,0.02650354748211701,0.5925374631803708
36397,0.35593393601896706,0.6613486118140017,0.35593393601896706
36398,0.11504822495844445,0.3047255495203073,0.11504822495844445
36399,0.09969872488402731,0.2871081312928123,0.09969872488402731
36400,0.06359817467736156,0.13238291859332066,0.06359817467736156
36401,0.05013033310515675,0.0824483924351429,0.05013033310515675
36402,0.04204084580007041,0.29827216712026333,0.04204084580007041
36403,0.03492464877075666,0.20200625509886672,0.03492464877075666
36404,0.42395117971931456,0.11609032959735029,0.42395117971931456
36405,0.03467241998991421,0.43728170703286107,0.03467241998991421
36406,0.17609654994405333,0.7964625716845397,0.17609654994405333
36407,0.3533587126785766,0.5943872502844005,0.3533587126785766
36408,0.4963654493584825,0.3736429702571726,0.4963654493584825
36409,0.06321639978662487,0.05887380352873418,0.06321639978662487
36410,0.22225832046055893,0.7999648198114442,0.22225832046055893
36411,0.05605292207487533,0.37844675521379756,0.05605292207487533
36412,0.12589335847225613,0.17070103109422105,0.12589335847225613
36413,0.17370977572794383,0.5462967789422345,0.17370977572794383
36414,0.213621275571774,0.11109353855676939,0.213621275571774
36415,0.2456356638833834,0.5186942729492336,0.2456356638833834
36416,0.06588967043183334,0.09431609392315744,0.06588967043183334
36417,0.20529108401927076,0.5835890903485611,0.20529108401927076
36418,0.02025681369702826,0.10769313145457142,0.02025681369702826
36419,0.07372336136432146,0.5327932082796665,0.07372336136432146
36420,0.6141261204975058,0.9038329427197078,0.6141261204975058
36421,0.6319360589764196,0.47129820400862205,0.6319360589764196
36422,0.021118015945060395,0.3219376826424753,0.021118015945060395
36423,0.8030050170371825,0.5847273266835874,0.8030050170371825
36424,0.4982482726229384,0.5759828611127649,0.4982482726229384
36425,0.21101584643511084,0.5052576942432878,0.21101584643511084
36426,0.25847377048512804,0.2998668763972067,0.25847377048512804
36427,0.09528161807376298,0.7103016954692225,0.09528161807376298
36428,0.8599224146191535,0.9178813721096654,0.8599224146191535
36429,0.13840662650237198,0.743043776950277,0.13840662650237198
36430,0.24816497741070226,0.2389593112635875,0.24816497741070226
36431,0.26972649724579434,0.7651388211387161,0.26972649724579434
36432,0.06552697731717802,0.30323150809269633,0.06552697731717802
36433,0.12465569100642,0.4579184197675499,0.12465569100642
36434,0.14559450901192242,0.10880052207751074,0.14559450901192242
36435,0.07151110563719637,0.15400016197817623,0.07151110563719637
36436,0.042879581828099506,0.7120661009234046,0.042879581828099506
36437,0.3035201056138681,0.22262104290510443,0.3035201056138681
36438,0.3993760198147234,0.11521923180877222,0.3993760198147234
36439,0.20602269573930343,0.6772051133324111,0.20602269573930343
36440,0.07254478525730455,0.38372154027563804,0.07254478525730455
36441,0.13684058128904217,0.704765078221563,0.13684058128904217
36442,0.06278835530206137,0.19369978175101024,0.06278835530206137
36443,0.1350300272853716,0.9402662702528828,0.1350300272853716
36444,0.16235107717911604,0.48767096522345316,0.16235107717911604
36445,0.1244834004896973,0.1057648361369977,0.1244834004896973
36446,0.12882634719436478,0.5130539302673696,0.12882634719436478
36447,0.037382157068704604,0.11904524227149958,0.037382157068704604
36448,0.18858251991794717,0.07845182882572355,0.18858251991794717
36449,0.09283382589966253,0.7563615090165964,0.09283382589966253
36450,0.7119666747994079,0.3820308242980126,0.7119666747994079
36451,0.08889587190266864,0.412036346337923,0.08889587190266864
36452,0.03742678271397802,0.5577369610637356,0.03742678271397802
36453,0.10100464136150913,0.4334869859211208,0.10100464136150913
36454,0.008562185121927668,0.04386073789786212,0.008562185121927668
36455,0.04027021927049393,0.18367359098406483,0.04027021927049393
36456,0.1434913823540511,0.180563473945511,0.1434913823540511
36457,0.11070130609811403,0.10017792038546926,0.11070130609811403
36458,0.16030242298622324,0.3800907563172959,0.16030242298622324
36459,0.04289377086606593,0.2288242486329006,0.04289377086606593
36460,0.6604162063897793,0.8593288902684452,0.6604162063897793
36461,0.4378264715363115,0.4775168270170425,0.4378264715363115
36462,0.07104923661049854,0.22484411045154526,0.07104923661049854
36463,0.023091807023720608,0.3965944286991315,0.023091807023720608
36464,0.05751359212203853,0.11463543169363272,0.05751359212203853
36465,0.03213963933397821,0.13707566480330188,0.03213963933397821
36466,0.10461260583531175,0.29788205310754423,0.10461260583531175
36467,0.07164251887474568,0.2508344608734814,0.07164251887474568
36468,0.07010281545286969,0.08246918794656909,0.07010281545286969
36469,0.14565654283599028,0.8095720608579073,0.14565654283599028
36470,0.08619811892234568,0.7589081327431914,0.08619811892234568
36471,0.0645809928832966,0.5052351783593896,0.0645809928832966
36472,0.0525212558662727,0.10278520318865832,0.0525212558662727
36473,0.10115601663777102,0.4739616809514047,0.10115601663777102
36474,0.757173853078139,0.9515090544725813,0.757173853078139
36475,0.20509167994151958,0.3222411641555106,0.20509167994151958
36476,0.2545186123061004,0.5160003316560957,0.2545186123061004
36477,0.06131100534272039,0.7722627320086941,0.06131100534272039
36478,0.2157597348386812,0.2927398003497745,0.2157597348386812
36479,0.026981367769440164,0.0650916734410031,0.026981367769440164
36480,0.2052568844812361,0.6096872036183159,0.2052568844812361
36481,0.016595968051483494,0.027920721938844005,0.016595968051483494
36482,0.09691216120298642,0.4723461722029618,0.09691216120298642
36483,0.06635189823720422,0.2804555360293533,0.06635189823720422
36484,0.029935476016180858,0.16852799525330509,0.029935476016180858
36485,0.3046334187698789,0.7711512066776791,0.3046334187698789
36486,0.0800787778258979,0.16491875250175556,0.0800787778258979
36487,0.21139130247805732,0.5523262355849954,0.21139130247805732
36488,0.06993296718804216,0.7392621916443289,0.06993296718804216
36489,0.14841025767826446,0.617737507044633,0.14841025767826446
36490,0.8658377409954361,0.824147349597256,0.8658377409954361
36491,0.10595716864615205,0.8298543677354617,0.10595716864615205
36492,0.01342734180183039,0.17614012993921246,0.01342734180183039
36493,0.2743167223725647,0.8926426293287799,0.2743167223725647
36494,0.10034156509743036,0.10853342892985353,0.10034156509743036
36495,0.7522500952856329,0.7501165226446137,0.7522500952856329
36496,0.12086932442491254,0.3770580599240121,0.12086932442491254
36497,0.010804758118524231,0.026598584214881496,0.010804758118524231
36498,0.33134431655089336,0.09785526290731392,0.33134431655089336
36499,0.12923863888506748,0.5501662878444928,0.12923863888506748
36500,0.36501849887443727,0.6903915726742924,0.36501849887443727
36501,0.09700680895831869,0.33933722892128865,0.09700680895831869
36502,0.20228000481250935,0.051955128805681546,0.20228000481250935
36503,0.3186364302592088,0.5840406129425826,0.3186364302592088
36504,0.2682777098558372,0.7346138657572965,0.2682777098558372
36505,0.05936388991628867,0.17692781272307037,0.05936388991628867
36506,0.11846942298079763,0.4321366602018693,0.11846942298079763
36507,0.10391809273668792,0.24174133013309318,0.10391809273668792
36508,0.13990916165331377,0.2793609161254252,0.13990916165331377
36509,0.8313408392244918,0.9109826180013023,0.8313408392244918
36510,0.27877739181835764,0.23901589302509688,0.27877739181835764
36511,0.07164205623162544,0.7973745355719594,0.07164205623162544
36512,0.07978498354305945,0.5102116627660364,0.07978498354305945
36513,0.1340573751216826,0.2650275571190705,0.1340573751216826
36514,0.0333555463062157,0.4585122412506512,0.0333555463062157
36515,0.070883716189624,0.06799118773787557,0.070883716189624
36516,0.06209222585637656,0.48300104621184065,0.06209222585637656
36517,0.01221634315103944,0.1912649801258512,0.01221634315103944
36518,0.5931290963352651,0.09504908670496641,0.5931290963352651
36519,0.6150751853181039,0.8897163415786469,0.6150751853181039
36520,0.04366974700170105,0.08558098380694927,0.04366974700170105
36521,0.3895642312195015,0.45626054339565536,0.3895642312195015
36522,0.24732722325673806,0.6203108655530761,0.24732722325673806
36523,0.04583542855072616,0.2372928475812662,0.04583542855072616
36524,0.03456109000938942,0.323635532604003,0.03456109000938942
36525,0.1638865306407326,0.506431949655603,0.1638865306407326
36526,0.06019059260916181,0.355929829660102,0.06019059260916181
36527,0.10272868630381037,0.21197960157632267,0.10272868630381037
36528,0.28933173580517113,0.7331329451143911,0.28933173580517113
36529,0.1725999846570122,0.7215036208646533,0.1725999846570122
36530,0.2685644588030728,0.2569642515915322,0.2685644588030728
36531,0.3125373574057736,0.5133471182211699,0.3125373574057736
36532,0.09863950166249597,0.28878624887212884,0.09863950166249597
36533,0.24764922767280637,0.760575672067188,0.24764922767280637
36534,0.051320003339542467,0.11766479010475342,0.051320003339542467
36535,0.8944975381385232,0.8126030748879554,0.8944975381385232
36536,0.3159765530018286,0.47648273786613043,0.3159765530018286
36537,0.16139739803429218,0.5246355515174594,0.16139739803429218
36538,0.04468376209122809,0.344703630216094,0.04468376209122809
36539,0.1773299642400689,0.6379036857863609,0.1773299642400689
36540,0.08424697708751538,0.5383600224313342,0.08424697708751538
36541,0.29384008415321666,0.22000068098864553,0.29384008415321666
36542,0.15803113855915793,0.3350915092060929,0.15803113855915793
36543,0.09964274313274553,0.1403752187702038,0.09964274313274553
36544,0.4382403093687713,0.3403061244408976,0.4382403093687713
36545,0.223940233102668,0.42180271919918405,0.223940233102668
36546,0.05443713984793129,0.4619715416166271,0.05443713984793129
36547,0.8503423516884242,0.9281325190906813,0.8503423516884242
36548,0.7726057855651555,0.8818791735888114,0.7726057855651555
36549,0.039899628086652546,0.24320589537205195,0.039899628086652546
36550,0.031274408105335424,0.10278603086893792,0.031274408105335424
36551,0.01881166518834498,0.13654115346673926,0.01881166518834498
36552,0.12077147349529861,0.616860158472793,0.12077147349529861
36553,0.11556802848435511,0.14197690538960056,0.11556802848435511
36554,0.0813384085946037,0.18864560007139425,0.0813384085946037
36555,0.03093312729059287,0.4140805108991629,0.03093312729059287
36556,0.0256930789622749,0.19897909401932912,0.0256930789622749
36557,0.011870840822139447,0.05021465298190963,0.011870840822139447
36558,0.05842615634602463,0.8497466719701965,0.05842615634602463
36559,0.10785217707482157,0.7321834564263203,0.10785217707482157
36560,0.051593160806978906,0.1320293098288603,0.051593160806978906
36561,0.07562372114489328,0.46215644964089025,0.07562372114489328
36562,0.015265081297289085,0.08165119003866214,0.015265081297289085
36563,0.01433354546285338,0.02554025304820052,0.01433354546285338
36564,0.014527424230405993,0.021253466195334872,0.014527424230405993
36565,0.09833574725580271,0.09693850253555643,0.09833574725580271
36566,0.07813221948106262,0.23176746193301337,0.07813221948106262
36567,0.13664615136432398,0.27050059663706194,0.13664615136432398
36568,0.04215051220140646,0.10167452267733759,0.04215051220140646
36569,0.13949284220559904,0.3332854007406609,0.13949284220559904
36570,0.034737152673701116,0.42944862089089914,0.034737152673701116
36571,0.11461461116391629,0.20434173710573322,0.11461461116391629
36572,0.04273794965356407,0.3603499002907424,0.04273794965356407
36573,0.15419031075538633,0.2956953241671114,0.15419031075538633
36574,0.039475950573198304,0.2925999944304915,0.039475950573198304
36575,0.08138110844128738,0.6638710456826541,0.08138110844128738
36576,0.03656397013555886,0.0733523803726054,0.03656397013555886
36577,0.04384733078942231,0.08450959455704768,0.04384733078942231
36578,0.1543652705075489,0.30544860915642974,0.1543652705075489
36579,0.054100443631578614,0.8935705838700794,0.054100443631578614
36580,0.34698049879729354,0.27210458987295794,0.34698049879729354
36581,0.07526551484086065,0.21271779625992537,0.07526551484086065
36582,0.21648562475121688,0.4730639032083265,0.21648562475121688
36583,0.13139327004255605,0.19125719582437942,0.13139327004255605
36584,0.8298011041988894,0.894593915067589,0.8298011041988894
36585,0.18898348567863396,0.6413533945710824,0.18898348567863396
36586,0.11596259219825791,0.5567144542944089,0.11596259219825791
36587,0.03449104280584519,0.017725071028452208,0.03449104280584519
36588,0.053668091054798764,0.3921632736291777,0.053668091054798764
36589,0.08336134739499033,0.08835765173840768,0.08336134739499033
36590,0.04172822390458115,0.058471624638836796,0.04172822390458115
36591,0.14427892454742322,0.7777268775079648,0.14427892454742322
36592,0.048087608128482666,0.9501854762670373,0.048087608128482666
36593,0.4136128953456953,0.8216977280341881,0.4136128953456953
36594,0.27923048606387707,0.5840446151454146,0.27923048606387707
36595,0.15818395994117834,0.2668347794617009,0.15818395994117834
36596,0.034184385258323194,0.22981752840590072,0.034184385258323194
36597,0.5021476074374134,0.2889788580907159,0.5021476074374134
36598,0.05922699605109626,0.32038644877219047,0.05922699605109626
36599,0.12243689074213236,0.24173593463273665,0.12243689074213236
36600,0.13037062513826012,0.17144768566358057,0.13037062513826012
36601,0.5105620530157526,0.705640105537942,0.5105620530157526
36602,0.019864750847119094,0.12964233619723195,0.019864750847119094
36603,0.09613718383657556,0.20658578456467444,0.09613718383657556
36604,0.1628409958855877,0.09516260019441186,0.1628409958855877
36605,0.048032910269734455,0.23628845762423148,0.048032910269734455
36606,0.038610021973052785,0.3934787134577875,0.038610021973052785
36607,0.06705575601324003,0.9410769838743276,0.06705575601324003
36608,0.6863801962647839,0.6339072679280336,0.6863801962647839
36609,0.13283112406363132,0.49451384669650145,0.13283112406363132
36610,0.036241861361665684,0.2206890850347984,0.036241861361665684
36611,0.05879502741657622,0.40191087372172624,0.05879502741657622
36612,0.6104700031765242,0.4611360258954239,0.6104700031765242
36613,0.0756145769296972,0.12812128673091935,0.0756145769296972
36614,0.05636695396223507,0.11173143570562157,0.05636695396223507
36615,0.040658569788041304,0.23064874429018875,0.040658569788041304
36616,0.08365546502844574,0.23014767287413113,0.08365546502844574
36617,0.6250847450890166,0.6434964560469086,0.6250847450890166
36618,0.06400379535858186,0.9273478023279393,0.06400379535858186
36619,0.03480000427532158,0.19731330928384744,0.03480000427532158
36620,0.057795453675879994,0.12727591830270488,0.057795453675879994
36621,0.07571787003953925,0.011143814391168893,0.07571787003953925
36622,0.05294229093502099,0.049722283253251086,0.05294229093502099
36623,0.14869582082099472,0.2513760514827159,0.14869582082099472
36624,0.35960307136558106,0.7978246029044165,0.35960307136558106
36625,0.029405207404851273,0.2542277295043375,0.029405207404851273
36626,0.6411163209768058,0.43749245279081594,0.6411163209768058
36627,0.05265648481785717,0.1668338875568986,0.05265648481785717
36628,0.13888619415156297,0.647019969859171,0.13888619415156297
36629,0.07190146049983732,0.3127296450597843,0.07190146049983732
36630,0.06269877485336614,0.71644438308755,0.06269877485336614
36631,0.06649611379842058,0.19583406098215622,0.06649611379842058
36632,0.23045666405915755,0.9546658603779402,0.23045666405915755
36633,0.12762579294430057,0.3400762469741185,0.12762579294430057
36634,0.06614970939724696,0.30598616371991716,0.06614970939724696
36635,0.2215198222605245,0.11080064249340908,0.2215198222605245
36636,0.15867814582674453,0.2540300615834908,0.15867814582674453
36637,0.31166961629526896,0.20232477945998034,0.31166961629526896
36638,0.030857892448412,0.15394285362592605,0.030857892448412
36639,0.07668676599104857,0.4990137194282362,0.07668676599104857
36640,0.06567465658982563,0.24347703741221915,0.06567465658982563
36641,0.05068762558454942,0.49216520227155264,0.05068762558454942
36642,0.053925709850774654,0.4560257140390273,0.053925709850774654
36643,0.4642129301961675,0.4971950672869267,0.4642129301961675
36644,0.19370161050100407,0.935547519147195,0.19370161050100407
36645,0.24529561304108763,0.8057513950197204,0.24529561304108763
36646,0.06651180498518676,0.6705703795819713,0.06651180498518676
36647,0.06192623640385564,0.4330172031774942,0.06192623640385564
36648,0.10671093699704477,0.5068746550834919,0.10671093699704477
36649,0.3320825238747217,0.6152347827616995,0.3320825238747217
36650,0.036466356662505216,0.21968002976308298,0.036466356662505216
36651,0.04723178122281857,0.1329751430266626,0.04723178122281857
36652,0.32077092403538887,0.6219973120307225,0.32077092403538887
36653,0.11881085606669445,0.7529750765702069,0.11881085606669445
36654,0.03933697095031273,0.37358013835334736,0.03933697095031273
36655,0.1057130933531235,0.3134461783444123,0.1057130933531235
36656,0.07891462577769574,0.2867746002538217,0.07891462577769574
36657,0.02749668504559411,0.294201680644929,0.02749668504559411
36658,0.05528919906027379,0.4471675490751936,0.05528919906027379
36659,0.035154285808445644,0.5633203981240804,0.035154285808445644
36660,0.44375338259795094,0.7819481024489295,0.44375338259795094
36661,0.01939250501049103,0.043541459998631155,0.01939250501049103
36662,0.04542672154854805,0.7622862173498683,0.04542672154854805
36663,0.23257378263539194,0.1025960821100228,0.23257378263539194
36664,0.03003366476925708,0.12226153538811182,0.03003366476925708
36665,0.07302203462496115,0.6524198163724323,0.07302203462496115
36666,0.5596665570444601,0.5317252264415979,0.5596665570444601
36667,0.5996515969932541,0.8317052076000427,0.5996515969932541
36668,0.05193659399131788,0.24244120231288518,0.05193659399131788
36669,0.05704675292561779,0.9373301857153372,0.05704675292561779
36670,0.05226615053756386,0.014212531740810143,0.05226615053756386
36671,0.22435926824719202,0.8213444973029792,0.22435926824719202
36672,0.13263229328900886,0.4142021015847758,0.13263229328900886
36673,0.7245871735367109,0.8358054183591858,0.7245871735367109
36674,0.14836374574736275,0.28561972426682775,0.14836374574736275
36675,0.0668995279005331,0.31544091704169985,0.0668995279005331
36676,0.128451301687752,0.34362047947862806,0.128451301687752
36677,0.038830730942671476,0.15484451267590668,0.038830730942671476
36678,0.43986550556259424,0.4748699316325475,0.43986550556259424
36679,0.04656876543509776,0.25900059671908965,0.04656876543509776
36680,0.05278924152491958,0.42933497754112265,0.05278924152491958
36681,0.19375371375105416,0.2980448662043325,0.19375371375105416
36682,0.06250925986609997,0.138623503972567,0.06250925986609997
36683,0.03572615443819348,0.814280234131088,0.03572615443819348
36684,0.08154515740064837,0.17847533146892508,0.08154515740064837
36685,0.18641910317914223,0.7605640012473914,0.18641910317914223
36686,0.06484529737898266,0.22179197958576982,0.06484529737898266
36687,0.02607803005556019,0.664018510986476,0.02607803005556019
36688,0.08300459737248832,0.6594562810809871,0.08300459737248832
36689,0.09211585220417451,0.23212564949636388,0.09211585220417451
36690,0.4166699417190742,0.40309483586492284,0.4166699417190742
36691,0.05359556957899145,0.05818769949140858,0.05359556957899145
36692,0.2955499035258337,0.15350428136780656,0.2955499035258337
36693,0.07858899050193992,0.8164079361618617,0.07858899050193992
36694,0.06056745104911577,0.12756160250754103,0.06056745104911577
36695,0.018330028653693,0.06507002766866343,0.018330028653693
36696,0.13328802138522128,0.3948297133703044,0.13328802138522128
36697,0.023271867739289732,0.07084871091530506,0.023271867739289732
36698,0.21065757395768436,0.23252592223679436,0.21065757395768436
36699,0.08036069272184614,0.08592017964836973,0.08036069272184614
36700,0.11973637606556416,0.17550857114847818,0.11973637606556416
36701,0.160131768623104,0.7682739288111947,0.160131768623104
36702,0.044032591505327484,0.04976438563999922,0.044032591505327484
36703,0.04760366491875281,0.16507671661962497,0.04760366491875281
36704,0.0578386028922975,0.05028703347212923,0.0578386028922975
36705,0.08997163911938624,0.2716393904579698,0.08997163911938624
36706,0.07146439136027345,0.5262404101526403,0.07146439136027345
36707,0.2769154954055625,0.5218866604770357,0.2769154954055625
36708,0.04830645703810979,0.09074487928276817,0.04830645703810979
36709,0.2326075927482828,0.699716883285709,0.2326075927482828
36710,0.1762850447043614,0.6087559466850088,0.1762850447043614
36711,0.03251529818891573,0.03922928804461172,0.03251529818891573
36712,0.06349621278277129,0.3523931517035701,0.06349621278277129
36713,0.060449472614277855,0.17815625420987682,0.060449472614277855
36714,0.020463450324713486,0.18307899390398893,0.020463450324713486
36715,0.07285671438610758,0.10579169800016575,0.07285671438610758
36716,0.017807754828279915,0.07059077947739373,0.017807754828279915
36717,0.19925626723431306,0.8529915142901082,0.19925626723431306
36718,0.06835318422520212,0.6678105621681746,0.06835318422520212
36719,0.06762775441542643,0.41649116642439604,0.06762775441542643
36720,0.13003244244451706,0.21230962477961995,0.13003244244451706
36721,0.019406827842371924,0.04370226977207848,0.019406827842371924
36722,0.0823856408092072,0.5511513392772045,0.0823856408092072
36723,0.07014509716828314,0.3177850449105817,0.07014509716828314
36724,0.9150245861212574,0.8590884043883035,0.9150245861212574
36725,0.03139571306989955,0.16189845067981845,0.03139571306989955
36726,0.039514029586898654,0.3770288167458332,0.039514029586898654
36727,0.022123854440809682,0.05269301795402672,0.022123854440809682
36728,0.1092923394579312,0.7659681388122467,0.1092923394579312
36729,0.06870532783292006,0.0507700090650355,0.06870532783292006
36730,0.3854442275766772,0.6039460244051335,0.3854442275766772
36731,0.18150050278973612,0.4600705271536345,0.18150050278973612
36732,0.09466109781846561,0.1040185441741961,0.09466109781846561
36733,0.006731415882938398,0.0106326121850585,0.006731415882938398
36734,0.1008448611179604,0.5433843053527186,0.1008448611179604
36735,0.17844070488687608,0.37253870319001403,0.17844070488687608
36736,0.026356688923242614,0.16619131984847918,0.026356688923242614
36737,0.42633684943800654,0.22001951384638918,0.42633684943800654
36738,0.6549256030242455,0.7946736763216667,0.6549256030242455
36739,0.0867527478864036,0.13789927683752715,0.0867527478864036
36740,0.20960331356698325,0.34812641727548055,0.20960331356698325
36741,0.03673411875223976,0.8924688986960856,0.03673411875223976
36742,0.3186798069317719,0.37165308907878725,0.3186798069317719
36743,0.10353101810424423,0.4233563926026823,0.10353101810424423
36744,0.017643389666831908,0.05812948905799683,0.017643389666831908
36745,0.13740134806494525,0.8444048555800944,0.13740134806494525
36746,0.37679762949798806,0.7473242473322871,0.37679762949798806
36747,0.055080365101433895,0.8044394743061412,0.055080365101433895
36748,0.562661924512929,0.9221964909870909,0.562661924512929
36749,0.19118755425083978,0.8662489772957747,0.19118755425083978
36750,0.05133269101871073,0.48827995238852456,0.05133269101871073
36751,0.06519568858513992,0.14536844046266187,0.06519568858513992
36752,0.0969272529612027,0.5007988086674275,0.0969272529612027
36753,0.16034110151219144,0.4980709056576446,0.16034110151219144
36754,0.090081619080083,0.2026662981368049,0.090081619080083
36755,0.34055595773989317,0.36052237857180774,0.34055595773989317
36756,0.14419452477705647,0.33540547104070517,0.14419452477705647
36757,0.03314150760205092,0.346959559915198,0.03314150760205092
36758,0.031677610465965275,0.13986489220305606,0.031677610465965275
36759,0.08728766857423621,0.47628586061367617,0.08728766857423621
36760,0.03764987650612196,0.2578691950393771,0.03764987650612196
36761,0.15074224409875153,0.45627742323598913,0.15074224409875153
36762,0.16138096274269859,0.804832818443937,0.16138096274269859
36763,0.2411971531378852,0.561456255555414,0.2411971531378852
36764,0.1486627608530063,0.1919543936926951,0.1486627608530063
36765,0.31344684562217573,0.44688241917052246,0.31344684562217573
36766,0.05619621113137715,0.91454596640771,0.05619621113137715
36767,0.022447988558959242,0.6646107341764512,0.022447988558959242
36768,0.6674619300556048,0.25794507485141704,0.6674619300556048
36769,0.7146061959755082,0.5876240030186448,0.7146061959755082
36770,0.02831270405498014,0.06675397551751776,0.02831270405498014
36771,0.06710115138284083,0.14967968430477635,0.06710115138284083
36772,0.05338316048631831,0.0574096378346417,0.05338316048631831
36773,0.030051691741685285,0.11645021816083294,0.030051691741685285
36774,0.0682337230568683,0.49524968411154896,0.0682337230568683
36775,0.020300684221146344,0.10075513018574216,0.020300684221146344
36776,0.06522320445018887,0.308111517303441,0.06522320445018887
36777,0.10875382469821647,0.5574313385484039,0.10875382469821647
36778,0.05665069394949487,0.1446902137986143,0.05665069394949487
36779,0.07833554084222384,0.5435024331941033,0.07833554084222384
36780,0.05265199997057394,0.15104766888566332,0.05265199997057394
36781,0.27468176828527663,0.8733730953071015,0.27468176828527663
36782,0.27906550580564826,0.8807473158126323,0.27906550580564826
36783,0.1662158651811845,0.5603644550321908,0.1662158651811845
36784,0.03563255551058072,0.20927156142786735,0.03563255551058072
36785,0.07171646433997464,0.28289451868742865,0.07171646433997464
36786,0.07091830971749068,0.8372200645274468,0.07091830971749068
36787,0.024135573169716266,0.0554370214502894,0.024135573169716266
36788,0.12566675245337058,0.31036124375639607,0.12566675245337058
36789,0.757736009568585,0.9288242154931349,0.757736009568585
36790,0.05784543266534446,0.10420301655460584,0.05784543266534446
36791,0.3590422350731734,0.5334276292571603,0.3590422350731734
36792,0.07128354945334656,0.12430063817595581,0.07128354945334656
36793,0.12148993101334891,0.07093352125058042,0.12148993101334891
36794,0.04964315892850119,0.04969057347849935,0.04964315892850119
36795,0.20392017093301595,0.31527649611603487,0.20392017093301595
36796,0.03820239687788995,0.6114814823522,0.03820239687788995
36797,0.027500537999110466,0.17318137928877872,0.027500537999110466
36798,0.050166405309218655,0.4567148101071602,0.050166405309218655
36799,0.06268268412117643,0.2764704481040111,0.06268268412117643
36800,0.031336758179881664,0.3478438448748244,0.031336758179881664
36801,0.08625335068257702,0.6974580800440268,0.08625335068257702
36802,0.12590589989299023,0.14825674529418878,0.12590589989299023
36803,0.09739742081834872,0.5626274247576911,0.09739742081834872
36804,0.12039368406275112,0.32112963316047083,0.12039368406275112
36805,0.0371760462621765,0.02614742009850853,0.0371760462621765
36806,0.11951782065176901,0.5817656262657377,0.11951782065176901
36807,0.015363273330484114,0.05888428922335059,0.015363273330484114
36808,0.37031039150560247,0.7915557133442067,0.37031039150560247
36809,0.09431624757835418,0.20427024914230263,0.09431624757835418
36810,0.11298545715647534,0.3510788287605538,0.11298545715647534
36811,0.5072865296385782,0.40818959777802244,0.5072865296385782
36812,0.4423724817030735,0.7552464190133334,0.4423724817030735
36813,0.06483461638088256,0.23137398759232528,0.06483461638088256
36814,0.14911801285753398,0.8655171307396554,0.14911801285753398
36815,0.5080126406167202,0.6372052904907599,0.5080126406167202
36816,0.01552620364590038,0.2548448473840148,0.01552620364590038
36817,0.36050294690996526,0.6538258385591116,0.36050294690996526
36818,0.07253452030301105,0.7299764508224065,0.07253452030301105
36819,0.040068072799743025,0.3722178471672205,0.040068072799743025
36820,0.3402784138046113,0.16627124314848848,0.3402784138046113
36821,0.03870904552319048,0.23533443224460038,0.03870904552319048
36822,0.038164991903857824,0.41390182506669,0.038164991903857824
36823,0.16168397547754887,0.3864073530841969,0.16168397547754887
36824,0.10737519145105148,0.7685856992002555,0.10737519145105148
36825,0.2618889686866946,0.5581830410322788,0.2618889686866946
36826,0.02400719125621516,0.13276126540825037,0.02400719125621516
36827,0.5812132045655689,0.48918443602181205,0.5812132045655689
36828,0.40414331839171713,0.6506562602343587,0.40414331839171713
36829,0.6045017120532215,0.7783411074677782,0.6045017120532215
36830,0.8064557525532189,0.6841071843696553,0.8064557525532189
36831,0.020909045840312484,0.36317895495062336,0.020909045840312484
36832,0.3411332066879491,0.43275598990284847,0.3411332066879491
36833,0.13123350585142912,0.33662804786352996,0.13123350585142912
36834,0.22467883423222137,0.4604238490008697,0.22467883423222137
36835,0.04493029898958124,0.1550344091743898,0.04493029898958124
36836,0.05083315914731516,0.1525667901304271,0.05083315914731516
36837,0.04152422483692925,0.12606391906703907,0.04152422483692925
36838,0.5285698009121055,0.707737950703013,0.5285698009121055
36839,0.060786567464960806,0.24357360999636446,0.060786567464960806
36840,0.2465153124474765,0.42249768297038676,0.2465153124474765
36841,0.18062406526225644,0.10976522697135875,0.18062406526225644
36842,0.07736469412598396,0.11509896372938386,0.07736469412598396
36843,0.051464363180442625,0.15889988752824658,0.051464363180442625
36844,0.10457327304766102,0.2372136740855801,0.10457327304766102
36845,0.03130092298877742,0.1408126328116278,0.03130092298877742
36846,0.19856574006342176,0.8256542687984096,0.19856574006342176
36847,0.09282856155439945,0.43446932184173004,0.09282856155439945
36848,0.2377692725038184,0.748121149558219,0.2377692725038184
36849,0.06347388393474193,0.20667776952229816,0.06347388393474193
36850,0.03319297528013651,0.5066125794485712,0.03319297528013651
36851,0.04319986037359882,0.1007198478825504,0.04319986037359882
36852,0.023079939277207782,0.06125867567433644,0.023079939277207782
36853,0.034175485639578146,0.521160263780977,0.034175485639578146
36854,0.4115310995090262,0.8631309371292138,0.4115310995090262
36855,0.036603331463781565,0.4577869051402565,0.036603331463781565
36856,0.12275453572497265,0.28350837463417405,0.12275453572497265
36857,0.014019313434636955,0.313851360820449,0.014019313434636955
36858,0.011952048431822057,0.1373964818671233,0.011952048431822057
36859,0.29679530694622713,0.6139173665314788,0.29679530694622713
36860,0.21468256908722366,0.4112575002766352,0.21468256908722366
36861,0.13303827997778422,0.5520985893396619,0.13303827997778422
36862,0.11590896288378817,0.5991836149901769,0.11590896288378817
36863,0.027246023697018246,0.4461761381534532,0.027246023697018246
36864,0.057602344208967655,0.538809413200233,0.057602344208967655
36865,0.01425099461001951,0.020656580708084012,0.01425099461001951
36866,0.06205691552143725,0.18666314018067026,0.06205691552143725
36867,0.053013002384509574,0.28348653685421316,0.053013002384509574
36868,0.6950317509080999,0.8434566364056238,0.6950317509080999
36869,0.2099632479020704,0.8917618824971381,0.2099632479020704
36870,0.07473439056969822,0.17084512342626235,0.07473439056969822
36871,0.47318139886516886,0.7722169589001036,0.47318139886516886
36872,0.030347246934071193,0.12608812139278433,0.030347246934071193
36873,0.08954478327868351,0.23871040244074834,0.08954478327868351
36874,0.29402856076032136,0.18385524983914847,0.29402856076032136
36875,0.10486473330430304,0.32180850411779127,0.10486473330430304
36876,0.03897408951044195,0.38441088974180776,0.03897408951044195
36877,0.025025996288903403,0.23038664984459858,0.025025996288903403
36878,0.6357878475185306,0.4954781434272979,0.6357878475185306
36879,0.2175727466318957,0.3335601346481773,0.2175727466318957
36880,0.05884848257996307,0.7976374796630883,0.05884848257996307
36881,0.3300994103239919,0.6726980232099194,0.3300994103239919
36882,0.044134161984621896,0.03605386233555444,0.044134161984621896
36883,0.885025902696252,0.5919903191863205,0.885025902696252
36884,0.019100837885400283,0.031045450072088317,0.019100837885400283
36885,0.22606184151673583,0.4343148110474345,0.22606184151673583
36886,0.17081825824290248,0.24134340256658698,0.17081825824290248
36887,0.09149027958211224,0.3549692067163588,0.09149027958211224
36888,0.37721415374447326,0.5210233632587052,0.37721415374447326
36889,0.03934297593900017,0.4776696571106329,0.03934297593900017
36890,0.101190521484123,0.4231436699563819,0.101190521484123
36891,0.08310205998099993,0.6906421072069916,0.08310205998099993
36892,0.182230628137026,0.8933492966418289,0.182230628137026
36893,0.06370804090883547,0.9345582016285215,0.06370804090883547
36894,0.07192947068382631,0.3911648790451028,0.07192947068382631
36895,0.48463429659612106,0.5239427519022777,0.48463429659612106
36896,0.5395323851496913,0.8879436444036495,0.5395323851496913
36897,0.016188244996024104,0.22271090281347777,0.016188244996024104
36898,0.07916653618479264,0.18376893888731208,0.07916653618479264
36899,0.3658819794110088,0.7441681911041705,0.3658819794110088
36900,0.033726536195222825,0.14815959096605164,0.033726536195222825
36901,0.08598739654504045,0.19481043250438634,0.08598739654504045
36902,0.08704413997784458,0.49139596202222097,0.08704413997784458
36903,0.06376686338388093,0.3108378802210296,0.06376686338388093
36904,0.05779261287337541,0.5712380642952621,0.05779261287337541
36905,0.0831624104990182,0.28986785409103827,0.0831624104990182
36906,0.035198467650313106,0.08649052095770926,0.035198467650313106
36907,0.498042672695326,0.6582349035802347,0.498042672695326
36908,0.13320106498321582,0.3704905767508786,0.13320106498321582
36909,0.1336818429609236,0.5696990024569595,0.1336818429609236
36910,0.08420731454446088,0.12368647164926426,0.08420731454446088
36911,0.10774245602573009,0.7714424366858239,0.10774245602573009
36912,0.038933884017347466,0.32211438427519246,0.038933884017347466
36913,0.04605843588833675,0.07356519122813492,0.04605843588833675
36914,0.03831081275309378,0.22023908254915214,0.03831081275309378
36915,0.6427742429633453,0.3833348414281696,0.6427742429633453
36916,0.06695820418795805,0.1441442160072328,0.06695820418795805
36917,0.09491066294308705,0.26732687205379585,0.09491066294308705
36918,0.12985340500377057,0.5402586912748664,0.12985340500377057
36919,0.04793569002067444,0.25806772878074125,0.04793569002067444
36920,0.11620725109311608,0.34115281641799605,0.11620725109311608
36921,0.15598461281249232,0.19300537854771635,0.15598461281249232
36922,0.24042144024086745,0.7973757435214881,0.24042144024086745
36923,0.1879198902474482,0.14513083886501835,0.1879198902474482
36924,0.43198044046515466,0.5415907274345586,0.43198044046515466
36925,0.039381987426317794,0.3637941178578713,0.039381987426317794
36926,0.02544888109207007,0.20669582163420672,0.02544888109207007
36927,0.4610636149287683,0.014577778863755839,0.4610636149287683
36928,0.020253085621773765,0.1592340689364739,0.020253085621773765
36929,0.020054783725822867,0.1624007115551873,0.020054783725822867
36930,0.18971231252429493,0.5227009250682826,0.18971231252429493
36931,0.18573535737961824,0.5135183783387751,0.18573535737961824
36932,0.023853264167229462,0.1359599547288316,0.023853264167229462
36933,0.16284994087825352,0.558862488451609,0.16284994087825352
36934,0.051725451921094553,0.11691605165851957,0.051725451921094553
36935,0.10608884679900667,0.4230291900213912,0.10608884679900667
36936,0.01901051586563413,0.04178863076803611,0.01901051586563413
36937,0.1191741234998406,0.21224491004388846,0.1191741234998406
36938,0.10791249996926064,0.282502921762539,0.10791249996926064
36939,0.2900848645046797,0.2964007768963816,0.2900848645046797
36940,0.4715850595210872,0.8718573178889123,0.4715850595210872
36941,0.03874666053552538,0.3458848822925415,0.03874666053552538
36942,0.059239899989401795,0.18172796361768045,0.059239899989401795
36943,0.03192907260193064,0.23640264419611387,0.03192907260193064
36944,0.805267062225671,0.4092213461183455,0.805267062225671
36945,0.08855644579498005,0.3514912833170862,0.08855644579498005
36946,0.1953935466669668,0.0982888449061885,0.1953935466669668
36947,0.06366032130814776,0.20052198437891525,0.06366032130814776
36948,0.07304650090846529,0.40600686151092324,0.07304650090846529
36949,0.04022939281008589,0.16456047864142268,0.04022939281008589
36950,0.08965880533849245,0.13738543110353554,0.08965880533849245
36951,0.0435100645503508,0.34473206883865154,0.0435100645503508
36952,0.03675939237488919,0.023354086422627506,0.03675939237488919
36953,0.6572014070497135,0.45915271316262685,0.6572014070497135
36954,0.14011323277435225,0.7807442926677812,0.14011323277435225
36955,0.08009166122938502,0.22238437649000117,0.08009166122938502
36956,0.1675892802600825,0.63362316951539,0.1675892802600825
36957,0.2510705437398196,0.5108710725215354,0.2510705437398196
36958,0.14559258032394576,0.2938223930239333,0.14559258032394576
36959,0.1569925868116434,0.2785893796369646,0.1569925868116434
36960,0.17536959239412578,0.5939823170705913,0.17536959239412578
36961,0.09507266634413417,0.5614388353986752,0.09507266634413417
36962,0.0423007470166263,0.5522201834391514,0.0423007470166263
36963,0.08895957473958853,0.2581022949319208,0.08895957473958853
36964,0.8942377952549794,0.9087500676693374,0.8942377952549794
36965,0.02391614874765282,0.0751095653980026,0.02391614874765282
36966,0.03890973342274022,0.25631537465842585,0.03890973342274022
36967,0.030193455838358835,0.031172443733844552,0.030193455838358835
36968,0.6620509191711741,0.9364453088651361,0.6620509191711741
36969,0.05564416972524383,0.3055976266398697,0.05564416972524383
36970,0.0386924395762905,0.16583860862742078,0.0386924395762905
36971,0.603283667796001,0.7470325413333871,0.603283667796001
36972,0.5960999188427081,0.5876487441436158,0.5960999188427081
36973,0.11584682577115103,0.38382286724588754,0.11584682577115103
36974,0.6492843174299823,0.6295144387787593,0.6492843174299823
36975,0.13739644929261577,0.6423101128619737,0.13739644929261577
36976,0.12567710481263186,0.5971094103764623,0.12567710481263186
36977,0.13266438730237357,0.46857131724072565,0.13266438730237357
36978,0.13382768780642443,0.29361499899629406,0.13382768780642443
36979,0.07504475824395464,0.08560213944738958,0.07504475824395464
36980,0.05058797683247163,0.13736884208282749,0.05058797683247163
36981,0.6758235486560141,0.41542232195217915,0.6758235486560141
36982,0.038372226313256805,0.22472861133468178,0.038372226313256805
36983,0.22563282518462902,0.5241934257941647,0.22563282518462902
36984,0.0446346657534589,0.3889404573865213,0.0446346657534589
36985,0.5675583128456008,0.8775800546150969,0.5675583128456008
36986,0.0427253701462159,0.22954760746237923,0.0427253701462159
36987,0.1756507991610121,0.46744760954393394,0.1756507991610121
36988,0.8922768002685507,0.48155313004614975,0.8922768002685507
36989,0.6700042998800292,0.5903019447767838,0.6700042998800292
36990,0.15204112603888054,0.41272433406902204,0.15204112603888054
36991,0.09895829513098894,0.8293047019971527,0.09895829513098894
36992,0.16989768339379102,0.33596899946878583,0.16989768339379102
36993,0.6295185702371732,0.7169291535281839,0.6295185702371732
36994,0.27116048375107077,0.7751154909284887,0.27116048375107077
36995,0.05362052665732899,0.18180218462082345,0.05362052665732899
36996,0.05214822074971696,0.016059574653301666,0.05214822074971696
36997,0.6246555810045631,0.5145212388349362,0.6246555810045631
36998,0.06044965043865463,0.17028168130490498,0.06044965043865463
36999,0.05168195220687143,0.18416562731701258,0.05168195220687143
37000,0.19937386209105776,0.80836526276042,0.19937386209105776
37001,0.052744924373365136,0.4244764918401333,0.052744924373365136
37002,0.20485925622769893,0.2349805088327511,0.20485925622769893
37003,0.1379441484629442,0.2224039846593183,0.1379441484629442
37004,0.20798474035871095,0.18726214831565774,0.20798474035871095
37005,0.2447943337828784,0.4165379682495076,0.2447943337828784
37006,0.8613687908403835,0.9587548484772196,0.8613687908403835
37007,0.020437733055438428,0.03762469846353656,0.020437733055438428
37008,0.32836791016281686,0.16889581510722435,0.32836791016281686
37009,0.16998144075754643,0.9016855728434267,0.16998144075754643
37010,0.1260196529424883,0.26419942679276437,0.1260196529424883
37011,0.07630617192922234,0.30320672076511246,0.07630617192922234
37012,0.4520324557680833,0.5919790246127479,0.4520324557680833
37013,0.07946436688256585,0.05496047980559409,0.07946436688256585
37014,0.059934471570187976,0.028436314365343676,0.059934471570187976
37015,0.11315126406342893,0.15166472608924314,0.11315126406342893
37016,0.02979402546988515,0.054818590700051566,0.02979402546988515
37017,0.1789152156703669,0.6937555463335485,0.1789152156703669
37018,0.09734781014151656,0.8558787414390504,0.09734781014151656
37019,0.185956666475011,0.6141809656326366,0.185956666475011
37020,0.05306156571796984,0.20814189349385992,0.05306156571796984
37021,0.19027998182404665,0.6170365380931867,0.19027998182404665
37022,0.04394673665761576,0.1639994331898926,0.04394673665761576
37023,0.07925749806560968,0.2860174102602699,0.07925749806560968
37024,0.18267273775130097,0.17497966070946877,0.18267273775130097
37025,0.04257143369019826,0.21340955931031014,0.04257143369019826
37026,0.03399981362912248,0.11610381465639241,0.03399981362912248
37027,0.09589394511520481,0.2743715283862447,0.09589394511520481
37028,0.10333037485511495,0.9485425133685903,0.10333037485511495
37029,0.07770767502951659,0.2137939961588967,0.07770767502951659
37030,0.10314191901616543,0.3645503717757805,0.10314191901616543
37031,0.06091886970336646,0.09474546714279009,0.06091886970336646
37032,0.657115918461746,0.6017364830877809,0.657115918461746
37033,0.5273267912635696,0.24212806388027838,0.5273267912635696
37034,0.05019092874705602,0.12927395777639186,0.05019092874705602
37035,0.017154683181458942,0.021518417455894508,0.017154683181458942
37036,0.1312386882415778,0.3148954164932378,0.1312386882415778
37037,0.4505460230197682,0.3587752452519251,0.4505460230197682
37038,0.10793312672363703,0.26238310337141224,0.10793312672363703
37039,0.07594010311814335,0.39547254724714415,0.07594010311814335
37040,0.053701413881572256,0.2722062608587218,0.053701413881572256
37041,0.07472482876745533,0.1906138290260674,0.07472482876745533
37042,0.06356534415815551,0.29676105609584424,0.06356534415815551
37043,0.10004401811374625,0.36442037570205293,0.10004401811374625
37044,0.07429506818971647,0.6487620838009268,0.07429506818971647
37045,0.050550938574599615,0.09254906551565921,0.050550938574599615
37046,0.6374143097073293,0.8850689687803568,0.6374143097073293
37047,0.057180788420054474,0.12742647536319257,0.057180788420054474
37048,0.29322608764242136,0.7791473099000098,0.29322608764242136
37049,0.08352255314666568,0.8902693735240783,0.08352255314666568
37050,0.04929165159336301,0.6003259404161327,0.04929165159336301
37051,0.3647725368289029,0.41285641918205673,0.3647725368289029
37052,0.12509048019671484,0.5498170543662152,0.12509048019671484
37053,0.1316535802088939,0.2542385966325643,0.1316535802088939
37054,0.021100809344014846,0.27081266902845647,0.021100809344014846
37055,0.063231565664408,0.4349259607502715,0.063231565664408
37056,0.03896505862076476,0.06016155547191974,0.03896505862076476
37057,0.03581964450451736,0.1599920362561204,0.03581964450451736
37058,0.10966977987687712,0.11731111706637444,0.10966977987687712
37059,0.07646576739877428,0.09404066469938242,0.07646576739877428
37060,0.08152422368808326,0.2694874758580677,0.08152422368808326
37061,0.17548644327472387,0.7371398609726393,0.17548644327472387
37062,0.14054871100209745,0.4482542678194939,0.14054871100209745
37063,0.24292937956083652,0.07490141442233963,0.24292937956083652
37064,0.009303467435066172,0.2000466241414555,0.009303467435066172
37065,0.05467797391680992,0.15807586149946246,0.05467797391680992
37066,0.0998101384230261,0.3299888428976001,0.0998101384230261
37067,0.3888563644101156,0.9257562737781595,0.3888563644101156
37068,0.02406955946004608,0.09009743229989423,0.02406955946004608
37069,0.03163401688090185,0.10789400294929126,0.03163401688090185
37070,0.18253956642784053,0.5916863376374153,0.18253956642784053
37071,0.7518402932033437,0.6944971717221582,0.7518402932033437
37072,0.07814046457083443,0.298061460518803,0.07814046457083443
37073,0.04629747662797029,0.3798369286950633,0.04629747662797029
37074,0.027654435882798218,0.811112649768404,0.027654435882798218
37075,0.027092580816239435,0.05523477395346803,0.027092580816239435
37076,0.12417803597997416,0.6353427019302895,0.12417803597997416
37077,0.15638897505564128,0.45603947860060506,0.15638897505564128
37078,0.0435125861909996,0.6894938551264015,0.0435125861909996
37079,0.05301434148092736,0.055671461261100015,0.05301434148092736
37080,0.28117898553892745,0.6704880107670707,0.28117898553892745
37081,0.10166087892041252,0.4329658316001043,0.10166087892041252
37082,0.24174062909326724,0.42777440677440004,0.24174062909326724
37083,0.7527019252636307,0.6896910136490988,0.7527019252636307
37084,0.1305028740580371,0.21777037534852692,0.1305028740580371
37085,0.07299926012614494,0.5676655603044936,0.07299926012614494
37086,0.13967793928874628,0.3482801672140961,0.13967793928874628
37087,0.5026701978393479,0.18388249257331643,0.5026701978393479
37088,0.05060285215281788,0.14293054042081135,0.05060285215281788
37089,0.2545055005729136,0.21842625773737648,0.2545055005729136
37090,0.17976042937324607,0.28359134467950026,0.17976042937324607
37091,0.3623052567891246,0.6093658770924043,0.3623052567891246
37092,0.09232924330168236,0.12904182131358252,0.09232924330168236
37093,0.07056146014766074,0.20566363382439418,0.07056146014766074
37094,0.025364572164485795,0.20235311676999007,0.025364572164485795
37095,0.02460756908507967,0.04520524719266085,0.02460756908507967
37096,0.13886300768831553,0.8669959575459691,0.13886300768831553
37097,0.03189199939590722,0.18773510090423856,0.03189199939590722
37098,0.3970942343447631,0.6941424549108091,0.3970942343447631
37099,0.09724430973313462,0.3672122769182745,0.09724430973313462
37100,0.01674226988268298,0.14038551405444713,0.01674226988268298
37101,0.02902824163401907,0.6699598425955786,0.02902824163401907
37102,0.06295512997068324,0.04597855764846954,0.06295512997068324
37103,0.09669858586258402,0.7186478448976736,0.09669858586258402
37104,0.03863102304375478,0.5879420646148835,0.03863102304375478
37105,0.25309238132864853,0.46219835731131315,0.25309238132864853
37106,0.08361837615393865,0.4705151561923966,0.08361837615393865
37107,0.3268859653826353,0.2814291524116722,0.3268859653826353
37108,0.04579503245834289,0.16550342199590118,0.04579503245834289
37109,0.04489532671853239,0.23605532251662825,0.04489532671853239
37110,0.01575736976466742,0.03756828150271521,0.01575736976466742
37111,0.11387852866735912,0.34364165685304643,0.11387852866735912
37112,0.06304446746256395,0.5358073262680719,0.06304446746256395
37113,0.4932682227731966,0.4939373286421005,0.4932682227731966
37114,0.41504819535329923,0.8546569036852768,0.41504819535329923
37115,0.029741699510607133,0.26052244352250686,0.029741699510607133
37116,0.14845833624843893,0.38403810544833367,0.14845833624843893
37117,0.06721123974220036,0.0940556143494096,0.06721123974220036
37118,0.31017429383378503,0.4696020780026588,0.31017429383378503
37119,0.0270958232395246,0.04594827453230442,0.0270958232395246
37120,0.07914511983750026,0.1339250973082704,0.07914511983750026
37121,0.04191447432809135,0.07355694667793185,0.04191447432809135
37122,0.05301328355609844,0.14063074893303337,0.05301328355609844
37123,0.21760701796780302,0.31842132974971143,0.21760701796780302
37124,0.04887621114917122,0.1734275713849044,0.04887621114917122
37125,0.07210682994316601,0.4331439572352447,0.07210682994316601
37126,0.038508130344376,0.1630287552207484,0.038508130344376
37127,0.1024303893620522,0.2411402762222437,0.1024303893620522
37128,0.05703354964395031,0.7591018962403294,0.05703354964395031
37129,0.2828509882638525,0.31826523078512614,0.2828509882638525
37130,0.733283758072922,0.914366489795958,0.733283758072922
37131,0.06600370615993785,0.37215538598587317,0.06600370615993785
37132,0.6504112806137133,0.6565410544468084,0.6504112806137133
37133,0.08868119681903752,0.7242545821111478,0.08868119681903752
37134,0.24409116728726335,0.8528930882521066,0.24409116728726335
37135,0.7508841233170785,0.8707738163433002,0.7508841233170785
37136,0.050782355933585425,0.3684137524796912,0.050782355933585425
37137,0.56711867389089,0.7791738876981734,0.56711867389089
37138,0.29475100288469513,0.530013091317323,0.29475100288469513
37139,0.0760334515813938,0.6928740705519313,0.0760334515813938
37140,0.15290234278097223,0.4281947883703645,0.15290234278097223
37141,0.08260599491913986,0.2995725695769282,0.08260599491913986
37142,0.5378341216712487,0.11926100309469577,0.5378341216712487
37143,0.016995887181899143,0.04066668684724296,0.016995887181899143
37144,0.6070738231396687,0.5152135822891096,0.6070738231396687
37145,0.8588304976617159,0.8411311183270019,0.8588304976617159
37146,0.06290541445483575,0.4294705111076868,0.06290541445483575
37147,0.33808353333571434,0.8338162783383426,0.33808353333571434
37148,0.07795783189562089,0.6173879562536888,0.07795783189562089
37149,0.16588732686135416,0.4815605821947303,0.16588732686135416
37150,0.23157979383755575,0.7055973047536711,0.23157979383755575
37151,0.039876646108611975,0.7841240604895324,0.039876646108611975
37152,0.23413195716582952,0.34477137611104375,0.23413195716582952
37153,0.11364864441026397,0.29700299640901634,0.11364864441026397
37154,0.10163577009314978,0.1680601233591934,0.10163577009314978
37155,0.7083998738567548,0.8019137424207559,0.7083998738567548
37156,0.30086693984729906,0.6619592114573134,0.30086693984729906
37157,0.047135701732501804,0.31151229978403344,0.047135701732501804
37158,0.07302212223941279,0.3520659627000576,0.07302212223941279
37159,0.575494376808423,0.6790698297053002,0.575494376808423
37160,0.15990027845324026,0.2429224772599158,0.15990027845324026
37161,0.11462554825557295,0.790731815726901,0.11462554825557295
37162,0.12089244520795757,0.5356698721404384,0.12089244520795757
37163,0.11811084387727593,0.048880169254130135,0.11811084387727593
37164,0.11002394528080083,0.315083133397054,0.11002394528080083
37165,0.05781940395146995,0.3027207551198683,0.05781940395146995
37166,0.045567605492304486,0.18497260728106427,0.045567605492304486
37167,0.03245812434061513,0.12130275860629183,0.03245812434061513
37168,0.06613001515936594,0.22020679371637913,0.06613001515936594
37169,0.0803858972461707,0.31138814749589017,0.0803858972461707
37170,0.37556341765595436,0.13631063546621655,0.37556341765595436
37171,0.06932568358021471,0.7748609564283578,0.06932568358021471
37172,0.7014370164450892,0.9237318380404468,0.7014370164450892
37173,0.11344490819883125,0.6620078684250997,0.11344490819883125
37174,0.10015168229285076,0.3970996515850392,0.10015168229285076
37175,0.04341770403638814,0.06913170565214288,0.04341770403638814
37176,0.7299593319887262,0.6630648846946156,0.7299593319887262
37177,0.08277741048429116,0.8194249497119861,0.08277741048429116
37178,0.245464068787272,0.289225004104535,0.245464068787272
37179,0.30455994473682596,0.889157994918798,0.30455994473682596
37180,0.08107711421138777,0.6064338982623299,0.08107711421138777
37181,0.8035346889398766,0.7652160385091149,0.8035346889398766
37182,0.08174304175732361,0.31938175967006793,0.08174304175732361
37183,0.07850130619306839,0.816176668942904,0.07850130619306839
37184,0.279997466210869,0.6663493618171485,0.279997466210869
37185,0.44149256825075767,0.8300724305816312,0.44149256825075767
37186,0.06071382711225181,0.5100976199207695,0.06071382711225181
37187,0.04316545232729805,0.1775033272119694,0.04316545232729805
37188,0.3934646826564657,0.6659667412620474,0.3934646826564657
37189,0.02337922349831277,0.9025143784426987,0.02337922349831277
37190,0.05905510726328829,0.058720819851052805,0.05905510726328829
37191,0.399368587110973,0.24550312982309022,0.399368587110973
37192,0.3270626177524238,0.4004861683979457,0.3270626177524238
37193,0.09790474869137886,0.19910893679803163,0.09790474869137886
37194,0.06815625564375388,0.6196937450597104,0.06815625564375388
37195,0.24297494900366984,0.18963962043620924,0.24297494900366984
37196,0.09004452051246754,0.17902489909878097,0.09004452051246754
37197,0.35920992917614675,0.8382711906966528,0.35920992917614675
37198,0.077059635095431,0.3404919997918613,0.077059635095431
37199,0.19070516564363957,0.42046505386378347,0.19070516564363957
37200,0.050670390030402954,0.01955953389977496,0.050670390030402954
37201,0.09412553928398695,0.47062725659082644,0.09412553928398695
37202,0.07465634999009216,0.8667715384113068,0.07465634999009216
37203,0.024645485240901092,0.4086306734601747,0.024645485240901092
37204,0.05398262597490822,0.056619740649612504,0.05398262597490822
37205,0.052522125613118906,0.05939758156336928,0.052522125613118906
37206,0.031795792758658355,0.13437222476050914,0.031795792758658355
37207,0.03725872901510956,0.12147856523047032,0.03725872901510956
37208,0.13466133016995407,0.3493408133938911,0.13466133016995407
37209,0.1078139285028054,0.45264365627274655,0.1078139285028054
37210,0.8592772314835744,0.6415468716075936,0.8592772314835744
37211,0.21112956917288955,0.5235391160507578,0.21112956917288955
37212,0.143236415277821,0.4103162409960659,0.143236415277821
37213,0.8329544311494079,0.9534218731996729,0.8329544311494079
37214,0.048748227696207756,0.08565976278135944,0.048748227696207756
37215,0.28872813980371087,0.328012642669168,0.28872813980371087
37216,0.8953678232416772,0.5969987615311337,0.8953678232416772
37217,0.1734848164484306,0.5296525172148006,0.1734848164484306
37218,0.06722294734896352,0.3942465655561918,0.06722294734896352
37219,0.05380921782740881,0.0893473774771827,0.05380921782740881
37220,0.06093438387391233,0.17513004434113993,0.06093438387391233
37221,0.048278281668357764,0.5135042995245234,0.048278281668357764
37222,0.14018255545433417,0.3397093114897901,0.14018255545433417
37223,0.6769229121373792,0.6266538159621948,0.6769229121373792
37224,0.084984128182187,0.6857832644938799,0.084984128182187
37225,0.05353199232513228,0.32958454810918025,0.05353199232513228
37226,0.6606801406699925,0.5347867462125916,0.6606801406699925
37227,0.03242544001506892,0.7042401853126674,0.03242544001506892
37228,0.15467785426292135,0.5503261781707013,0.15467785426292135
37229,0.40223404302035537,0.40943238122921444,0.40223404302035537
37230,0.4933072718236946,0.8578671907252979,0.4933072718236946
37231,0.2813844156117494,0.22281655275610587,0.2813844156117494
37232,0.07265832005816363,0.13990846087706585,0.07265832005816363
37233,0.0838187922253629,0.11988845318893153,0.0838187922253629
37234,0.16588617180853885,0.2794318242685749,0.16588617180853885
37235,0.27032468613991495,0.7643274281634044,0.27032468613991495
37236,0.09519534722130492,0.551103641527759,0.09519534722130492
37237,0.25946140465653317,0.26055151500212675,0.25946140465653317
37238,0.25479693438002693,0.26132242674510253,0.25479693438002693
37239,0.1105132737458731,0.5904958474870508,0.1105132737458731
37240,0.12205524686867583,0.5187846631847215,0.12205524686867583
37241,0.10108562846460091,0.17052121471382706,0.10108562846460091
37242,0.14358700857655327,0.8792673626012678,0.14358700857655327
37243,0.07196501230452532,0.7418217564644343,0.07196501230452532
37244,0.16117286246777512,0.7073208365703133,0.16117286246777512
37245,0.7440512308230655,0.9317837095107215,0.7440512308230655
37246,0.0918216919876296,0.34404474241910715,0.0918216919876296
37247,0.0537259633886603,0.5785035663867408,0.0537259633886603
37248,0.05923374723444504,0.3210898981127843,0.05923374723444504
37249,0.3600801029526909,0.8262767626145335,0.3600801029526909
37250,0.06664757604091402,0.19078440654397064,0.06664757604091402
37251,0.0765982210856983,0.1853549065050094,0.0765982210856983
37252,0.07500725335658778,0.17518707853964346,0.07500725335658778
37253,0.0470056732536072,0.37293211666957726,0.0470056732536072
37254,0.15414241918831104,0.6164106583733904,0.15414241918831104
37255,0.455126162425837,0.904057333683584,0.455126162425837
37256,0.12086119971155984,0.37417729369171965,0.12086119971155984
37257,0.06817818967866965,0.718719770756297,0.06817818967866965
37258,0.1224738121234008,0.4567235419765202,0.1224738121234008
37259,0.07539324941033362,0.09967737354637074,0.07539324941033362
37260,0.07141217935205171,0.20290434135299637,0.07141217935205171
37261,0.07947226574531749,0.27215226990045577,0.07947226574531749
37262,0.16806428592967074,0.507178013890471,0.16806428592967074
37263,0.04189775027508349,0.44299472112862925,0.04189775027508349
37264,0.035503380431874725,0.09173609638681209,0.035503380431874725
37265,0.1740583121559622,0.6855099951668695,0.1740583121559622
37266,0.40252512001290774,0.5878693896148851,0.40252512001290774
37267,0.1172746313058329,0.4462250376822303,0.1172746313058329
37268,0.1191962213077914,0.6482115049565373,0.1191962213077914
37269,0.03517244913881001,0.24917210499342332,0.03517244913881001
37270,0.0925458542168523,0.3384550518729314,0.0925458542168523
37271,0.2005310282761242,0.8085588555059979,0.2005310282761242
37272,0.03286456761145733,0.1178052272587245,0.03286456761145733
37273,0.06775683766677118,0.3467819856833213,0.06775683766677118
37274,0.08834480528561041,0.0528778175688168,0.08834480528561041
37275,0.039184718344670244,0.09381831455641795,0.039184718344670244
37276,0.05278292791966078,0.2750659407453833,0.05278292791966078
37277,0.12678091896109922,0.21042454072152705,0.12678091896109922
37278,0.40469049990751504,0.6276357862316798,0.40469049990751504
37279,0.4076127224571467,0.8321742211114668,0.4076127224571467
37280,0.07229319660144919,0.727692490398258,0.07229319660144919
37281,0.08073380063554654,0.5103079554636134,0.08073380063554654
37282,0.09524315051389154,0.8481258752721926,0.09524315051389154
37283,0.022156286921700886,0.12724306744647523,0.022156286921700886
37284,0.10669022997318922,0.4447704349816303,0.10669022997318922
37285,0.048970053367653865,0.14611544085479752,0.048970053367653865
37286,0.08109886596085211,0.6253689322484556,0.08109886596085211
37287,0.11727609010537171,0.5803042244556729,0.11727609010537171
37288,0.15922304587199804,0.6192931528022001,0.15922304587199804
37289,0.041453747757794715,0.23245035217893653,0.041453747757794715
37290,0.7166456346606601,0.9292868585010223,0.7166456346606601
37291,0.1102661972429275,0.8476208166409864,0.1102661972429275
37292,0.3236520261655476,0.5126417681118057,0.3236520261655476
37293,0.9051263991179249,0.8697353032889227,0.9051263991179249
37294,0.054228934665635324,0.04437330570511781,0.054228934665635324
37295,0.09085121893220072,0.8968512476813576,0.09085121893220072
37296,0.09024109188974903,0.41026100378421904,0.09024109188974903
37297,0.015149251691122719,0.27433606025855767,0.015149251691122719
37298,0.17534815602366832,0.8400203788213956,0.17534815602366832
37299,0.11723034810444836,0.10912623720869086,0.11723034810444836
37300,0.10032231285325632,0.30273912248323387,0.10032231285325632
37301,0.03754296255480255,0.2773137340142746,0.03754296255480255
37302,0.11402861258142337,0.9306317403197517,0.11402861258142337
37303,0.1417992397816429,0.3553873812133862,0.1417992397816429
37304,0.025485738759203902,0.09148168141487789,0.025485738759203902
37305,0.061324224520751924,0.3817154506614966,0.061324224520751924
37306,0.0137595982107782,0.03169885077886501,0.0137595982107782
37307,0.057441881810952944,0.32105267698980294,0.057441881810952944
37308,0.48172656904189787,0.24795076884466177,0.48172656904189787
37309,0.26387535118535094,0.7683317984176873,0.26387535118535094
37310,0.5269301871678221,0.4729847235753174,0.5269301871678221
37311,0.026575041776273477,0.08324274268871247,0.026575041776273477
37312,0.027840411226555076,0.024176068111017742,0.027840411226555076
37313,0.20388388759946408,0.5607370549273568,0.20388388759946408
37314,0.6400567360849019,0.20598104218142543,0.6400567360849019
37315,0.1327525672775754,0.7940549909396832,0.1327525672775754
37316,0.2345592543774505,0.7253099400895677,0.2345592543774505
37317,0.11226672921918794,0.4061021119144488,0.11226672921918794
37318,0.08130766323590233,0.1927788718619656,0.08130766323590233
37319,0.35328944292376746,0.7135077733206726,0.35328944292376746
37320,0.15853042120062283,0.1059795448300839,0.15853042120062283
37321,0.05129111378573636,0.36348022420291676,0.05129111378573636
37322,0.06277603977805865,0.2537516384378787,0.06277603977805865
37323,0.14601933057692704,0.17774759016975378,0.14601933057692704
37324,0.4762367945541549,0.06310645824734357,0.4762367945541549
37325,0.033241334531653725,0.5866038156934623,0.033241334531653725
37326,0.031606584888775845,0.6595638150573476,0.031606584888775845
37327,0.06400944418661111,0.2130520192155283,0.06400944418661111
37328,0.19880885642974008,0.4723955667007513,0.19880885642974008
37329,0.41948860278198313,0.8320029882952081,0.41948860278198313
37330,0.04419455349610547,0.14502408519307103,0.04419455349610547
37331,0.05171684574459917,0.11877385610276747,0.05171684574459917
37332,0.15280182865807135,0.24082398260851307,0.15280182865807135
37333,0.15526363839338797,0.6957844767105743,0.15526363839338797
37334,0.09834940492882213,0.2005633970419928,0.09834940492882213
37335,0.17715851246031614,0.49725774811272083,0.17715851246031614
37336,0.22386186648446924,0.060037414331942825,0.22386186648446924
37337,0.08272620581488721,0.16153287613508585,0.08272620581488721
37338,0.0430343636066151,0.7227068980358393,0.0430343636066151
37339,0.05885441168265413,0.04459832554875304,0.05885441168265413
37340,0.4447457442051588,0.6847748655564769,0.4447457442051588
37341,0.5604385223828386,0.3885962529585948,0.5604385223828386
37342,0.06030218177199638,0.2992671943731802,0.06030218177199638
37343,0.4073848758927903,0.7317841414045224,0.4073848758927903
37344,0.028658305628903244,0.4978053151608342,0.028658305628903244
37345,0.6533676976860602,0.5818783711563392,0.6533676976860602
37346,0.05659671852218843,0.25057712579252894,0.05659671852218843
37347,0.2782523439987452,0.5436251252744648,0.2782523439987452
37348,0.06796579297776766,0.6415753974647412,0.06796579297776766
37349,0.03482699106042537,0.7829690000532455,0.03482699106042537
37350,0.16568322408031658,0.44267922557978573,0.16568322408031658
37351,0.03323823521340161,0.035299274213425186,0.03323823521340161
37352,0.03407034949665497,0.2957305592372481,0.03407034949665497
37353,0.1633690655767594,0.6667496640294929,0.1633690655767594
37354,0.11357749310193962,0.7484580923818437,0.11357749310193962
37355,0.19597800486092667,0.4303892702153723,0.19597800486092667
37356,0.25684585652070624,0.3018327315204802,0.25684585652070624
37357,0.06014316764101742,0.20663809121043594,0.06014316764101742
37358,0.12562266884642123,0.25010942692852856,0.12562266884642123
37359,0.11371399802666415,0.24558577325794292,0.11371399802666415
37360,0.03834974437147043,0.10060998002370694,0.03834974437147043
37361,0.18266854604566327,0.2439640950548322,0.18266854604566327
37362,0.03132523335452758,0.06066798272187557,0.03132523335452758
37363,0.26916884504080035,0.5288971346493433,0.26916884504080035
37364,0.20395837767001526,0.3441491034742049,0.20395837767001526
37365,0.06327001111200103,0.11112251250245544,0.06327001111200103
37366,0.11930268684561068,0.20059416043922576,0.11930268684561068
37367,0.07274977895393439,0.24968163221469608,0.07274977895393439
37368,0.3578932292674853,0.6155078664322554,0.3578932292674853
37369,0.05883053196555369,0.06441433260794635,0.05883053196555369
37370,0.06480674657494213,0.18923366376164477,0.06480674657494213
37371,0.10099191392391473,0.31320713138980316,0.10099191392391473
37372,0.3239545807148223,0.6712353774140344,0.3239545807148223
37373,0.5933777827944088,0.4760784257483539,0.5933777827944088
37374,0.04599459447663457,0.09575341523702778,0.04599459447663457
37375,0.05452690847529322,0.11089108926162852,0.05452690847529322
37376,0.15494196482523265,0.6764300838243995,0.15494196482523265
37377,0.031304488920449965,0.2648941462569968,0.031304488920449965
37378,0.06731853669288447,0.04520684637231115,0.06731853669288447
37379,0.07751432133759453,0.13864531077122805,0.07751432133759453
37380,0.32785092426698487,0.7891717911588523,0.32785092426698487
37381,0.08622621038812586,0.683299283120195,0.08622621038812586
37382,0.06698528841586643,0.8722233844555409,0.06698528841586643
37383,0.1373681330403746,0.45063950481743276,0.1373681330403746
37384,0.1334226219618132,0.3880466674078693,0.1334226219618132
37385,0.07808855282642746,0.8589390132912083,0.07808855282642746
37386,0.0884938707205785,0.1520149134531688,0.0884938707205785
37387,0.08820537406995509,0.5972925043497903,0.08820537406995509
37388,0.30508919065551116,0.5274247307344291,0.30508919065551116
37389,0.3834075754741984,0.36045421189019383,0.3834075754741984
37390,0.036741914598433546,0.07913483609662127,0.036741914598433546
37391,0.06420034731927389,0.689598848275676,0.06420034731927389
37392,0.17583534622979946,0.30462253719255517,0.17583534622979946
37393,0.09005302744702898,0.4815778219397223,0.09005302744702898
37394,0.12359795662293352,0.06134771555489962,0.12359795662293352
37395,0.1711879512939558,0.42613573909593944,0.1711879512939558
37396,0.012486581542814009,0.13689166175549178,0.012486581542814009
37397,0.05936124830613625,0.35109225132932614,0.05936124830613625
37398,0.10375608339048542,0.578881248605689,0.10375608339048542
37399,0.040096180946753386,0.25543008442668774,0.040096180946753386
37400,0.4114943676530995,0.435300282317285,0.4114943676530995
37401,0.7050266381748388,0.735065185178912,0.7050266381748388
37402,0.09830468905672204,0.36416474217798933,0.09830468905672204
37403,0.7301937690813228,0.4111634780779389,0.7301937690813228
37404,0.07596658677504572,0.18962031368298238,0.07596658677504572
37405,0.17471416279934376,0.9039515685621557,0.17471416279934376
37406,0.10268616569484224,0.4368896600281083,0.10268616569484224
37407,0.06277753444521872,0.8327041772357388,0.06277753444521872
37408,0.026523348965862458,0.5492171814764807,0.026523348965862458
37409,0.09738793866505181,0.6452148214694058,0.09738793866505181
37410,0.15064734183221812,0.45504829453909174,0.15064734183221812
37411,0.15990028672479353,0.8451273297255236,0.15990028672479353
37412,0.03390190659599009,0.20444468717023695,0.03390190659599009
37413,0.023118289970287368,0.08655105033158866,0.023118289970287368
37414,0.008651981158853678,0.059619179979117816,0.008651981158853678
37415,0.6328786154749255,0.868547296389701,0.6328786154749255
37416,0.050662509163793334,0.31034630797277063,0.050662509163793334
37417,0.2233974814827737,0.04290706946551256,0.2233974814827737
37418,0.18410166958368665,0.29791479210006905,0.18410166958368665
37419,0.021251823230516362,0.11590148095055376,0.021251823230516362
37420,0.18432648355048714,0.6046810601659095,0.18432648355048714
37421,0.048037929927860205,0.22877465667727098,0.048037929927860205
37422,0.027913862921281354,0.13083487121138496,0.027913862921281354
37423,0.2309968700817249,0.3308282486204822,0.2309968700817249
37424,0.2456155665730382,0.3481301210815043,0.2456155665730382
37425,0.13147094197791923,0.6573294559484546,0.13147094197791923
37426,0.04141017105499337,0.3619608705931443,0.04141017105499337
37427,0.02664416614978042,0.03897463176632091,0.02664416614978042
37428,0.1156862337999606,0.24955457942586023,0.1156862337999606
37429,0.023323385400328963,0.04000918718694995,0.023323385400328963
37430,0.8604901194054043,0.7678360240916989,0.8604901194054043
37431,0.30774853293689747,0.42649507598068576,0.30774853293689747
37432,0.03840687464271244,0.21177010099724344,0.03840687464271244
37433,0.5173235615442642,0.477128496128929,0.5173235615442642
37434,0.5504075115003659,0.6851372139304998,0.5504075115003659
37435,0.063628356045565,0.3606690619461539,0.063628356045565
37436,0.1288129461128129,0.8070717315647682,0.1288129461128129
37437,0.09636950340283974,0.12933906953508864,0.09636950340283974
37438,0.07098009743671412,0.039310569515120825,0.07098009743671412
37439,0.06815666331143473,0.3085615027027622,0.06815666331143473
37440,0.32296217633207425,0.24092246661927436,0.32296217633207425
37441,0.043774331489598924,0.5481040570827239,0.043774331489598924
37442,0.0745063170171341,0.23171305579862186,0.0745063170171341
37443,0.045442253937579655,0.15599879438487751,0.045442253937579655
37444,0.1493415591149226,0.6397347537667922,0.1493415591149226
37445,0.025296061645865398,0.5562372318783376,0.025296061645865398
37446,0.43917055310247466,0.7801958146061093,0.43917055310247466
37447,0.10045337575548924,0.1570346665246794,0.10045337575548924
37448,0.08465718634377255,0.47744204516515193,0.08465718634377255
37449,0.05718963845928669,0.04915421630067034,0.05718963845928669
37450,0.05459603894019836,0.05320589689467313,0.05459603894019836
37451,0.09038281783947891,0.7763882097111073,0.09038281783947891
37452,0.05626002234768519,0.43898174664658024,0.05626002234768519
37453,0.725730098532211,0.948643200612506,0.725730098532211
37454,0.073801828863435,0.5448999504544909,0.073801828863435
37455,0.28144279350015344,0.09307471050782597,0.28144279350015344
37456,0.10465764917427788,0.4667640997894956,0.10465764917427788
37457,0.39005145380413253,0.9256898467113897,0.39005145380413253
37458,0.026384710121463123,0.24657155828939256,0.026384710121463123
37459,0.7105485994354042,0.5335522844316546,0.7105485994354042
37460,0.05598100714151652,0.1755112830610599,0.05598100714151652
37461,0.5366647214707031,0.7756918186098842,0.5366647214707031
37462,0.0743764511171466,0.4203320996723259,0.0743764511171466
37463,0.13608928017536132,0.45569994678830644,0.13608928017536132
37464,0.07639815084660972,0.39094651244152506,0.07639815084660972
37465,0.12098631971390365,0.7634812321704179,0.12098631971390365
37466,0.5362834383229423,0.825782518272119,0.5362834383229423
37467,0.041898189303237375,0.08058531606870592,0.041898189303237375
37468,0.026608703451915346,0.15824253111098024,0.026608703451915346
37469,0.13736232952383404,0.420833928327617,0.13736232952383404
37470,0.12895567222992807,0.26790778048610336,0.12895567222992807
37471,0.12316777352525579,0.9102448647823428,0.12316777352525579
37472,0.046139527969938754,0.335787737200622,0.046139527969938754
37473,0.09305287200844836,0.1188495367061578,0.09305287200844836
37474,0.0589677641577783,0.42932290897082714,0.0589677641577783
37475,0.06705111820612356,0.3690419463984513,0.06705111820612356
37476,0.4447644002235482,0.6330401264899664,0.4447644002235482
37477,0.09001460672581862,0.775822433302878,0.09001460672581862
37478,0.12217444739544693,0.5893391764257745,0.12217444739544693
37479,0.037049785159312724,0.05355713478174007,0.037049785159312724
37480,0.05906900404326137,0.28631994693599655,0.05906900404326137
37481,0.6655662905379678,0.7471673659493462,0.6655662905379678
37482,0.08625825257814282,0.2393753169076602,0.08625825257814282
37483,0.19889100858704395,0.1980694171496595,0.19889100858704395
37484,0.8630566535917342,0.8310782194186845,0.8630566535917342
37485,0.11596441865714281,0.34898102770818307,0.11596441865714281
37486,0.07733068781458245,0.09678284698456856,0.07733068781458245
37487,0.11040297324347412,0.5169071179778996,0.11040297324347412
37488,0.04860415510308183,0.10483367075919088,0.04860415510308183
37489,0.04234105727753718,0.2201628013319537,0.04234105727753718
37490,0.04301707218334893,0.4356344697546127,0.04301707218334893
37491,0.09775315829044913,0.6231373300648023,0.09775315829044913
37492,0.07010904311596666,0.7182420645740076,0.07010904311596666
37493,0.020993652706792206,0.21698876518495705,0.020993652706792206
37494,0.055308725463924666,0.4008164681885962,0.055308725463924666
37495,0.04766115770915175,0.39661003398930816,0.04766115770915175
37496,0.39460782685033974,0.8139204263336871,0.39460782685033974
37497,0.01928934362737929,0.019510406656613286,0.01928934362737929
37498,0.39329461564344187,0.8189161900401422,0.39329461564344187
37499,0.014536831812851396,0.04226138637508002,0.014536831812851396
37500,0.35911425684075415,0.41710381093110305,0.35911425684075415
37501,0.0506578982355369,0.27766001067254614,0.0506578982355369
37502,0.8361779711783185,0.6678543897337997,0.8361779711783185
37503,0.06650600050974027,0.11898734185560024,0.06650600050974027
37504,0.3751148056159539,0.7958742477269471,0.3751148056159539
37505,0.16420256946543044,0.6243066401631665,0.16420256946543044
37506,0.011934063225796805,0.054224900763633496,0.011934063225796805
37507,0.10236872754081398,0.2663369928843242,0.10236872754081398
37508,0.6975308120029233,0.5835751054274183,0.6975308120029233
37509,0.02575166796410478,0.25290241299086647,0.02575166796410478
37510,0.492617873098941,0.7978673101379907,0.492617873098941
37511,0.16435067959425342,0.29350077479920733,0.16435067959425342
37512,0.04411255762677729,0.058768214746567814,0.04411255762677729
37513,0.43779958567220245,0.575197654809641,0.43779958567220245
37514,0.121299846353828,0.4399705061064198,0.121299846353828
37515,0.08066077623470329,0.18404957242910505,0.08066077623470329
37516,0.060124248432783106,0.10929962885295388,0.060124248432783106
37517,0.04451085538272947,0.807080863956513,0.04451085538272947
37518,0.03608616561536499,0.022571330483629706,0.03608616561536499
37519,0.07539324078498529,0.324426754203808,0.07539324078498529
37520,0.22610502267197788,0.716710849373118,0.22610502267197788
37521,0.05457043503628752,0.06954464901848369,0.05457043503628752
37522,0.14511446314732845,0.3267478065146017,0.14511446314732845
37523,0.053583985132412755,0.22915776226870704,0.053583985132412755
37524,0.368043461851071,0.7292263191176712,0.368043461851071
37525,0.6701037568209159,0.3516853375249048,0.6701037568209159
37526,0.15584936168666344,0.8714323795876626,0.15584936168666344
37527,0.025664892915697735,0.1556932591443166,0.025664892915697735
37528,0.07845374936017757,0.199366364986055,0.07845374936017757
37529,0.08833907328728807,0.6973810607190254,0.08833907328728807
37530,0.04201362251137727,0.888013257700936,0.04201362251137727
37531,0.03173780581292179,0.09880005809167917,0.03173780581292179
37532,0.07600474911706502,0.3242926955291023,0.07600474911706502
37533,0.026898109488412293,0.1523576094872257,0.026898109488412293
37534,0.11369940642728167,0.1402868058447285,0.11369940642728167
37535,0.6377605492929743,0.6645662850317356,0.6377605492929743
37536,0.04391855593302799,0.07513148837539321,0.04391855593302799
37537,0.04838781121031686,0.4695540842448725,0.04838781121031686
37538,0.04717723726639425,0.05466968434418015,0.04717723726639425
37539,0.062262515670030716,0.4761141057140429,0.062262515670030716
37540,0.03803345617228141,0.13760694340726176,0.03803345617228141
37541,0.03769498527538978,0.017375301727342283,0.03769498527538978
37542,0.822621680308353,0.9393118459293763,0.822621680308353
37543,0.2562517026205677,0.658687626729294,0.2562517026205677
37544,0.05980807807350398,0.7374191816479232,0.05980807807350398
37545,0.20178879675786646,0.24514367009103444,0.20178879675786646
37546,0.0701633020959138,0.3997939600215566,0.0701633020959138
37547,0.5519183112724104,0.6433060261546025,0.5519183112724104
37548,0.07263803007571681,0.6972558047053179,0.07263803007571681
37549,0.5334835640591138,0.7965420896574769,0.5334835640591138
37550,0.07737759888302082,0.3165075980607247,0.07737759888302082
37551,0.032010774170694097,0.1277680218431355,0.032010774170694097
37552,0.04428681528368968,0.28141200480851825,0.04428681528368968
37553,0.09148018228885152,0.4862846782783566,0.09148018228885152
37554,0.02832619874095144,0.1627433192044732,0.02832619874095144
37555,0.055010049737672456,0.49644448957408954,0.055010049737672456
37556,0.06485946421028743,0.4477721988602923,0.06485946421028743
37557,0.11534993633473715,0.17381817756572607,0.11534993633473715
37558,0.09235548279574853,0.7637587207439968,0.09235548279574853
37559,0.07262914708179274,0.5467837419932345,0.07262914708179274
37560,0.10081062997767687,0.6820624263183219,0.10081062997767687
37561,0.03335013683634461,0.33906312577002273,0.03335013683634461
37562,0.30776890771778886,0.10207045628885723,0.30776890771778886
37563,0.06880864697091175,0.5067043488144152,0.06880864697091175
37564,0.24279550494069488,0.5590264926002924,0.24279550494069488
37565,0.13755537009557917,0.22052956289725315,0.13755537009557917
37566,0.06911861878435142,0.22054996058829546,0.06911861878435142
37567,0.19204975193605936,0.4773784460312363,0.19204975193605936
37568,0.018572595599077917,0.44147361670537794,0.018572595599077917
37569,0.04849523790926259,0.14553526350852786,0.04849523790926259
37570,0.9118646265045959,0.9328285990991982,0.9118646265045959
37571,0.1847417369274888,0.18068974367855056,0.1847417369274888
37572,0.40835464486221695,0.19441654854305063,0.40835464486221695
37573,0.02381263116347513,0.4087381048676625,0.02381263116347513
37574,0.02579923614273845,0.28202275557873935,0.02579923614273845
37575,0.03547234592918467,0.31206982581917225,0.03547234592918467
37576,0.2988264865681397,0.6754812586886136,0.2988264865681397
37577,0.011606574836513365,0.2852615749538016,0.011606574836513365
37578,0.11740965361647307,0.22618351837393727,0.11740965361647307
37579,0.19916683061483453,0.45570014472515846,0.19916683061483453
37580,0.058823135784123605,0.12212086660985247,0.058823135784123605
37581,0.21907496571780524,0.21729145401566646,0.21907496571780524
37582,0.08613127755311424,0.799841774485965,0.08613127755311424
37583,0.10387575774595194,0.34096320238002786,0.10387575774595194
37584,0.03414554061101958,0.09199918699282798,0.03414554061101958
37585,0.09840363803872744,0.0278280295525577,0.09840363803872744
37586,0.10517391102448707,0.6174306252238015,0.10517391102448707
37587,0.7845359960790861,0.5014778145021778,0.7845359960790861
37588,0.16627912720345892,0.3135441926183273,0.16627912720345892
37589,0.4334691491927747,0.6443145645410128,0.4334691491927747
37590,0.043546945940235754,0.11482017054452585,0.043546945940235754
37591,0.138910411418384,0.6174423792589995,0.138910411418384
37592,0.08011197278137312,0.5006148235833024,0.08011197278137312
37593,0.12680430423111094,0.8116691676774768,0.12680430423111094
37594,0.3155083811975417,0.7320332454168923,0.3155083811975417
37595,0.24770614761618767,0.2187539184882434,0.24770614761618767
37596,0.06907570052873432,0.15814676300476532,0.06907570052873432
37597,0.04156835212064075,0.7744038810746695,0.04156835212064075
37598,0.3161776848711643,0.18897370290406187,0.3161776848711643
37599,0.048006434730843615,0.050075386908920126,0.048006434730843615
37600,0.03045057564558519,0.2862402775543147,0.03045057564558519
37601,0.040344692428597645,0.5563503402526494,0.040344692428597645
37602,0.1315469476023893,0.16914194189925577,0.1315469476023893
37603,0.41269578488743386,0.45140975490013596,0.41269578488743386
37604,0.05766752752574988,0.22205530031516363,0.05766752752574988
37605,0.3287540977903889,0.34686113318440964,0.3287540977903889
37606,0.11079438106558652,0.4759630878676786,0.11079438106558652
37607,0.569035151096474,0.40668247058770335,0.569035151096474
37608,0.07847149315971788,0.5085145433984783,0.07847149315971788
37609,0.04200784448002208,0.42839621438878556,0.04200784448002208
37610,0.06690114932100463,0.18362727557914305,0.06690114932100463
37611,0.04705469823718022,0.22968734092718315,0.04705469823718022
37612,0.0788810424367183,0.5713467090043175,0.0788810424367183
37613,0.49485621440251376,0.9533204777510056,0.49485621440251376
37614,0.23145912509443015,0.8776086245345581,0.23145912509443015
37615,0.036151597053704965,0.013542936399221354,0.036151597053704965
37616,0.07163354995335885,0.1812057386233818,0.07163354995335885
37617,0.030817269293071978,0.029423339834065292,0.030817269293071978
37618,0.029648879615677515,0.17768353375260446,0.029648879615677515
37619,0.046383758470250704,0.09538089573712302,0.046383758470250704
37620,0.5425022853418904,0.3935352377241291,0.5425022853418904
37621,0.02675229705485245,0.9296511189156248,0.02675229705485245
37622,0.07991520967410237,0.5562608893846204,0.07991520967410237
37623,0.06747076026764544,0.430913582088885,0.06747076026764544
37624,0.6639332808654995,0.9523215329377609,0.6639332808654995
37625,0.04204947341677897,0.4547568336007426,0.04204947341677897
37626,0.5409676570408828,0.5776803539724279,0.5409676570408828
37627,0.06758968598264874,0.3647227478737411,0.06758968598264874
37628,0.0672419688457845,0.7272664043704318,0.0672419688457845
37629,0.04449793779679087,0.20179929161725813,0.04449793779679087
37630,0.19579366478384475,0.13086421183358127,0.19579366478384475
37631,0.07673473351352442,0.16337309677548864,0.07673473351352442
37632,0.06846509729389778,0.5558600263175978,0.06846509729389778
37633,0.2664956042112176,0.39416861757005545,0.2664956042112176
37634,0.08575497060911814,0.17164113128299102,0.08575497060911814
37635,0.10255133156355044,0.6698676530849889,0.10255133156355044
37636,0.5298066935071934,0.8424827369175333,0.5298066935071934
37637,0.06156335811921981,0.6398716825334444,0.06156335811921981
37638,0.13143505210870074,0.11772756270852047,0.13143505210870074
37639,0.19785991929024108,0.6871004177198182,0.19785991929024108
37640,0.24450157937385342,0.6708133505297165,0.24450157937385342
37641,0.12833333768264055,0.8045566680915923,0.12833333768264055
37642,0.24899544929828155,0.8684327530565346,0.24899544929828155
37643,0.23743544561530425,0.508435752022681,0.23743544561530425
37644,0.6268671876839637,0.48307835151564327,0.6268671876839637
37645,0.3175058617964614,0.696885177350273,0.3175058617964614
37646,0.08466727430108306,0.7252585600491193,0.08466727430108306
37647,0.0453019891224574,0.051285657375847914,0.0453019891224574
37648,0.24500811498202205,0.521584978263171,0.24500811498202205
37649,0.02847908875305555,0.2084305731601939,0.02847908875305555
37650,0.11631042176495979,0.6111817672713226,0.11631042176495979
37651,0.023696567944605118,0.7128980485558861,0.023696567944605118
37652,0.29097785771383616,0.4754967551089864,0.29097785771383616
37653,0.046163082867419984,0.38376829126537226,0.046163082867419984
37654,0.02731227152024061,0.18122446991955568,0.02731227152024061
37655,0.6479254694323625,0.7852026258936509,0.6479254694323625
37656,0.018563802122321022,0.6215971289622347,0.018563802122321022
37657,0.04952188845731433,0.22985880406944484,0.04952188845731433
37658,0.09807614215307567,0.29000470894472774,0.09807614215307567
37659,0.03356140978418814,0.17198223085240555,0.03356140978418814
37660,0.16048006021792136,0.4982582502386933,0.16048006021792136
37661,0.05435262237754386,0.2416851303644153,0.05435262237754386
37662,0.07215908621917584,0.6781487476993143,0.07215908621917584
37663,0.10696368180275456,0.6437930916257321,0.10696368180275456
37664,0.04923249105421365,0.2574199437636824,0.04923249105421365
37665,0.047538927117343754,0.2368602647260403,0.047538927117343754
37666,0.30397685548122866,0.4309851634959561,0.30397685548122866
37667,0.03695708877455228,0.37170560486785714,0.03695708877455228
37668,0.04483837603356527,0.19056998495774688,0.04483837603356527
37669,0.0999423227875623,0.6040568089836008,0.0999423227875623
37670,0.08239646107910711,0.6003170440435065,0.08239646107910711
37671,0.09334510649497965,0.1840951538472332,0.09334510649497965
37672,0.34787867465082994,0.2746025684470625,0.34787867465082994
37673,0.15838531908312994,0.0635277814348644,0.15838531908312994
37674,0.11903229855789879,0.3009439165344709,0.11903229855789879
37675,0.21974523243105118,0.46189459452119797,0.21974523243105118
37676,0.05131786896043751,0.16805249547400958,0.05131786896043751
37677,0.02155041089965697,0.2223092240114203,0.02155041089965697
37678,0.08196780830693388,0.10079874360528354,0.08196780830693388
37679,0.034133201904938355,0.7037185186048253,0.034133201904938355
37680,0.19463995113912405,0.1997680093401708,0.19463995113912405
37681,0.21585933901610474,0.3975324069718241,0.21585933901610474
37682,0.15918876166309934,0.36271246320085193,0.15918876166309934
37683,0.05728973323491435,0.3953836860922193,0.05728973323491435
37684,0.0983035558740647,0.4833586339425569,0.0983035558740647
37685,0.1807025059563044,0.2311509834120104,0.1807025059563044
37686,0.17616736724550386,0.40922748084015037,0.17616736724550386
37687,0.15976784008360903,0.29535073884904056,0.15976784008360903
37688,0.12384302129220343,0.3522680492777902,0.12384302129220343
37689,0.7354763664397539,0.39689974543386963,0.7354763664397539
37690,0.012668159292450121,0.22238822459878502,0.012668159292450121
37691,0.36623957310369765,0.8537671539310036,0.36623957310369765
37692,0.15402866271072063,0.30464452264702097,0.15402866271072063
37693,0.2525180511624385,0.46459246078968097,0.2525180511624385
37694,0.09697750536887494,0.46448067879735905,0.09697750536887494
37695,0.5586478927069808,0.44902763439193,0.5586478927069808
37696,0.13726734240507532,0.6837136858679731,0.13726734240507532
37697,0.10784290648092747,0.36366093878024963,0.10784290648092747
37698,0.07832147061376633,0.5377282631978914,0.07832147061376633
37699,0.07861255112178185,0.13365635515098115,0.07861255112178185
37700,0.032994822966742665,0.09765205448180495,0.032994822966742665
37701,0.05772868014198156,0.6294817247672029,0.05772868014198156
37702,0.06437449787431576,0.30259370697894494,0.06437449787431576
37703,0.06635061207894126,0.15845124766832508,0.06635061207894126
37704,0.11019013309010883,0.8457192314926643,0.11019013309010883
37705,0.47024479328663116,0.5454290731847641,0.47024479328663116
37706,0.16270345692396093,0.31824584020660585,0.16270345692396093
37707,0.10839590000672741,0.15914368060033376,0.10839590000672741
37708,0.11600719426912937,0.7634478017530291,0.11600719426912937
37709,0.3486848834660765,0.7201763120269672,0.3486848834660765
37710,0.10255907977469332,0.1855715489848004,0.10255907977469332
37711,0.19781710074905615,0.46066175573696105,0.19781710074905615
37712,0.08319447900476191,0.4561584117643619,0.08319447900476191
37713,0.06720514675978131,0.9209648858267572,0.06720514675978131
37714,0.36237443271487113,0.8869532535634855,0.36237443271487113
37715,0.42745636233638823,0.8094866053928145,0.42745636233638823
37716,0.22917132827977155,0.2306382928059306,0.22917132827977155
37717,0.8098653189178876,0.8978575844530722,0.8098653189178876
37718,0.07175633320758884,0.5154038941370632,0.07175633320758884
37719,0.5843766453056524,0.9276660722609577,0.5843766453056524
37720,0.10699026166284084,0.3700292507915047,0.10699026166284084
37721,0.07452639581432238,0.3608350233643682,0.07452639581432238
37722,0.13069676944165437,0.8312689143764066,0.13069676944165437
37723,0.43292330619279545,0.8714903727986032,0.43292330619279545
37724,0.13952241392037984,0.4023716832864462,0.13952241392037984
37725,0.14748817158435787,0.43371339751080384,0.14748817158435787
37726,0.16479120114154758,0.2301786992592914,0.16479120114154758
37727,0.12074284440931006,0.4840040882618497,0.12074284440931006
37728,0.027633199761918473,0.11481036796340283,0.027633199761918473
37729,0.35669096580274956,0.4907754221162376,0.35669096580274956
37730,0.21027284564328333,0.3907276008725664,0.21027284564328333
37731,0.0053319236394535835,0.6071056849104156,0.0053319236394535835
37732,0.7141936186001205,0.767070132609038,0.7141936186001205
37733,0.48907560216223256,0.24378488253688116,0.48907560216223256
37734,0.5681461158160542,0.6718433891455107,0.5681461158160542
37735,0.06078241600676816,0.17050822050648187,0.06078241600676816
37736,0.2872841838138478,0.3420653287983743,0.2872841838138478
37737,0.07083328882289838,0.21266818641336024,0.07083328882289838
37738,0.12151283875005417,0.6827892378601887,0.12151283875005417
37739,0.7158485278513654,0.6224023348174929,0.7158485278513654
37740,0.7111193356463715,0.6593007952127651,0.7111193356463715
37741,0.19450728047150623,0.6376831588678915,0.19450728047150623
37742,0.6086932908266091,0.586904549456342,0.6086932908266091
37743,0.5233286167938814,0.4216846313109635,0.5233286167938814
37744,0.033710345071144523,0.20593147322191493,0.033710345071144523
37745,0.03508520774485544,0.8155894007330068,0.03508520774485544
37746,0.25666486294739227,0.8146435923854684,0.25666486294739227
37747,0.11980880548463474,0.21431798861190857,0.11980880548463474
37748,0.6235312587354584,0.7909159661280037,0.6235312587354584
37749,0.48794413095318784,0.7963258952463764,0.48794413095318784
37750,0.10329626876261004,0.4117495327716726,0.10329626876261004
37751,0.023297654326533426,0.07250632408903192,0.023297654326533426
37752,0.4080216095218144,0.9087436275240973,0.4080216095218144
37753,0.13545366681801577,0.17557550650939785,0.13545366681801577
37754,0.029226709046184407,0.11154156837947828,0.029226709046184407
37755,0.08049893573748333,0.5650620907840487,0.08049893573748333
37756,0.06434889201498988,0.11193174847927581,0.06434889201498988
37757,0.10628321148014769,0.24896820901877492,0.10628321148014769
37758,0.0364421459676708,0.1646663538670894,0.0364421459676708
37759,0.013206974468536971,0.03191274398730398,0.013206974468536971
37760,0.1807229868663114,0.4634888646839517,0.1807229868663114
37761,0.310736680144278,0.5859863402697357,0.310736680144278
37762,0.5802475147123164,0.5829595055450526,0.5802475147123164
37763,0.11826001089568218,0.41557476338445665,0.11826001089568218
37764,0.15320031321487615,0.6311732179638124,0.15320031321487615
37765,0.247698649042973,0.5610058714802584,0.247698649042973
37766,0.20778859138797962,0.17945657905704174,0.20778859138797962
37767,0.2257105422188851,0.5109810741333626,0.2257105422188851
37768,0.578389562995254,0.4402732658425247,0.578389562995254
37769,0.0685334149268393,0.2677856216946675,0.0685334149268393
37770,0.1430483473202861,0.16869837903751458,0.1430483473202861
37771,0.0873137638293348,0.4073008506365037,0.0873137638293348
37772,0.3640668204203943,0.8127926765588842,0.3640668204203943
37773,0.21282141752222059,0.1391749569678806,0.21282141752222059
37774,0.030806029910845818,0.6200302678954661,0.030806029910845818
37775,0.08779699452520875,0.6075577436430958,0.08779699452520875
37776,0.2373268226646642,0.29161884611690864,0.2373268226646642
37777,0.21111333974449858,0.23474446640171243,0.21111333974449858
37778,0.015051212372180173,0.015752200175671992,0.015051212372180173
37779,0.7464767821773995,0.8889739193291388,0.7464767821773995
37780,0.07259891755994481,0.06087652364688166,0.07259891755994481
37781,0.01224397975706567,0.032257438356825104,0.01224397975706567
37782,0.050259333606504614,0.3865590274200041,0.050259333606504614
37783,0.03330967342497127,0.14995916599169568,0.03330967342497127
37784,0.07139581964671333,0.21211229636906276,0.07139581964671333
37785,0.06482743098652102,0.3118596517995231,0.06482743098652102
37786,0.13768257651509744,0.27184537431474015,0.13768257651509744
37787,0.08687288943085811,0.2912470467504494,0.08687288943085811
37788,0.7446370317430971,0.6815206044035659,0.7446370317430971
37789,0.033574453748763264,0.0798700554531976,0.033574453748763264
37790,0.0685784613626394,0.13204450199545353,0.0685784613626394
37791,0.26902174978011023,0.712834909964621,0.26902174978011023
37792,0.162455376070507,0.8924943032505223,0.162455376070507
37793,0.1280502575195,0.3688345627816121,0.1280502575195
37794,0.22346568144920506,0.2523839430505517,0.22346568144920506
37795,0.036840124386880446,0.19381103480269854,0.036840124386880446
37796,0.19902208558545834,0.09887903397923681,0.19902208558545834
37797,0.03497359942219933,0.05879076132683127,0.03497359942219933
37798,0.006838688208396228,0.016359436145827987,0.006838688208396228
37799,0.023738300415410692,0.4267835252474559,0.023738300415410692
37800,0.414526453634527,0.6663390393820995,0.414526453634527
37801,0.022706252652555103,0.05890516003595589,0.022706252652555103
37802,0.2096730729932647,0.339503881815198,0.2096730729932647
37803,0.08152100103834219,0.6988132891649012,0.08152100103834219
37804,0.49697532077603884,0.8418823602754425,0.49697532077603884
37805,0.15857923135385682,0.08323876468934702,0.15857923135385682
37806,0.4206564461835097,0.8696528634741153,0.4206564461835097
37807,0.661561894638715,0.8854832886226824,0.661561894638715
37808,0.03562161104210161,0.5329125699694578,0.03562161104210161
37809,0.09717549482521541,0.3539998186556672,0.09717549482521541
37810,0.04868586889741133,0.2491518613646897,0.04868586889741133
37811,0.0242386826254551,0.0764787247112832,0.0242386826254551
37812,0.6476932598990229,0.8627669589153736,0.6476932598990229
37813,0.03037734547512059,0.19336211124842137,0.03037734547512059
37814,0.2216170680328944,0.6444601835950758,0.2216170680328944
37815,0.07234140194636725,0.4765487285812199,0.07234140194636725
37816,0.031698396176190864,0.08670460855689055,0.031698396176190864
37817,0.5881131940465619,0.7985253386151631,0.5881131940465619
37818,0.21991279847093828,0.2986141226873159,0.21991279847093828
37819,0.6781834927954231,0.3800635823443524,0.6781834927954231
37820,0.1745881878608536,0.6677849130559238,0.1745881878608536
37821,0.3845157521941875,0.9697833312531415,0.3845157521941875
37822,0.06764879572801084,0.45850912141325045,0.06764879572801084
37823,0.048649291275411816,0.029688944682587405,0.048649291275411816
37824,0.020149912788694338,0.26348666288595285,0.020149912788694338
37825,0.0256595608493756,0.017769752968085497,0.0256595608493756
37826,0.16775450005063122,0.7277814883419893,0.16775450005063122
37827,0.2836663067222632,0.7328333693049652,0.2836663067222632
37828,0.02012280774310868,0.19642178205688318,0.02012280774310868
37829,0.29024917541066275,0.33162407009670497,0.29024917541066275
37830,0.48337547758177735,0.8319301948963225,0.48337547758177735
37831,0.015917577319662347,0.6148603472532028,0.015917577319662347
37832,0.06402169090378729,0.12378347259186402,0.06402169090378729
37833,0.07061184077488328,0.9256735586786248,0.07061184077488328
37834,0.9093287101201872,0.9376274719702408,0.9093287101201872
37835,0.0391210829692624,0.1313441606615381,0.0391210829692624
37836,0.10209952826067567,0.8777702208666385,0.10209952826067567
37837,0.08274174561682178,0.1965188190345935,0.08274174561682178
37838,0.38328577352249305,0.5105900054714513,0.38328577352249305
37839,0.10985884857625557,0.08725816831146975,0.10985884857625557
37840,0.046085191099886395,0.2747549512041346,0.046085191099886395
37841,0.029381093843542833,0.3307383443784199,0.029381093843542833
37842,0.37164601680360837,0.7986105397511043,0.37164601680360837
37843,0.05247800434780912,0.1694242788313039,0.05247800434780912
37844,0.10767285323907524,0.919881589576803,0.10767285323907524
37845,0.33860170322006683,0.6453810745869445,0.33860170322006683
37846,0.06082836161702242,0.32488712805208375,0.06082836161702242
37847,0.7809237813825147,0.9404231089884847,0.7809237813825147
37848,0.034839447727786035,0.10462204092591988,0.034839447727786035
37849,0.07850354023687744,0.5546678311855405,0.07850354023687744
37850,0.13427484115412186,0.5716806606324452,0.13427484115412186
37851,0.18722359895023244,0.3492794756002662,0.18722359895023244
37852,0.08469264878866516,0.3472676286356952,0.08469264878866516
37853,0.27152138417892985,0.535457242742997,0.27152138417892985
37854,0.189589879471345,0.5812586618569602,0.189589879471345
37855,0.22750975599502224,0.7929696803569026,0.22750975599502224
37856,0.07061758546618485,0.19697384665903916,0.07061758546618485
37857,0.509642264920324,0.544140758723404,0.509642264920324
37858,0.0375687741623138,0.09101555297571755,0.0375687741623138
37859,0.04733924810611691,0.1977443012614785,0.04733924810611691
37860,0.04985238493616925,0.058476761528708995,0.04985238493616925
37861,0.5743720987401714,0.4217069996085355,0.5743720987401714
37862,0.5158701132883488,0.7371370023586266,0.5158701132883488
37863,0.18378473993501399,0.2749164456328124,0.18378473993501399
37864,0.12401714162056941,0.3863350263930693,0.12401714162056941
37865,0.036883756123879514,0.13435778846412907,0.036883756123879514
37866,0.08886403190446947,0.16170445954312032,0.08886403190446947
37867,0.07670866274657318,0.574912682988229,0.07670866274657318
37868,0.036314502354399224,0.1559976547641021,0.036314502354399224
37869,0.010165403966045046,0.058139546565781054,0.010165403966045046
37870,0.007225665356152886,0.06143371244422701,0.007225665356152886
37871,0.2258861647408097,0.24139720155644803,0.2258861647408097
37872,0.029895456681202113,0.3166195155392102,0.029895456681202113
37873,0.11311084521209272,0.5569923961462773,0.11311084521209272
37874,0.03335088641031862,0.16587049349681227,0.03335088641031862
37875,0.10311279973515473,0.8426311913087311,0.10311279973515473
37876,0.029571810830314262,0.24816652134756625,0.029571810830314262
37877,0.09473777285518728,0.6249756098409313,0.09473777285518728
37878,0.3036298188888782,0.4944311642823701,0.3036298188888782
37879,0.35572507997083475,0.5281218249699672,0.35572507997083475
37880,0.47579762810574633,0.4905532254610933,0.47579762810574633
37881,0.08121864352060022,0.6853789718675486,0.08121864352060022
37882,0.14291819095595534,0.22150312162575014,0.14291819095595534
37883,0.1456515289533431,0.29959332593876714,0.1456515289533431
37884,0.12705672039969707,0.7826808127247044,0.12705672039969707
37885,0.019820900457072032,0.021583156557141377,0.019820900457072032
37886,0.10027945597044241,0.37974008641852647,0.10027945597044241
37887,0.10643417908283925,0.07321418620123586,0.10643417908283925
37888,0.06374293733931799,0.28478230177611163,0.06374293733931799
37889,0.02464287357502435,0.1335332343157614,0.02464287357502435
37890,0.026174712526068754,0.5789267242885661,0.026174712526068754
37891,0.025885849204122534,0.16361179490975788,0.025885849204122534
37892,0.31110111695490505,0.09729860635302048,0.31110111695490505
37893,0.3573191140552737,0.7575134233027452,0.3573191140552737
37894,0.49863643503371463,0.24499998821676233,0.49863643503371463
37895,0.03197678727723131,0.0895791214095424,0.03197678727723131
37896,0.0480082951123906,0.7711081552047756,0.0480082951123906
37897,0.09280846987119179,0.6253740454450764,0.09280846987119179
37898,0.19585268778667675,0.2060979434264079,0.19585268778667675
37899,0.0575248763873437,0.43275974831964675,0.0575248763873437
37900,0.20505214383387782,0.5407254728238166,0.20505214383387782
37901,0.5001810883259915,0.6337075869356844,0.5001810883259915
37902,0.031647272969419396,0.13878561025694733,0.031647272969419396
37903,0.0917395542913956,0.9329791849630803,0.0917395542913956
37904,0.7315085625879572,0.7918267953070713,0.7315085625879572
37905,0.11777432506561203,0.16039925153054949,0.11777432506561203
37906,0.036494967790754715,0.43887606023793724,0.036494967790754715
37907,0.0068570820112334,0.17328039401653447,0.0068570820112334
37908,0.06267084865890238,0.11375188527373283,0.06267084865890238
37909,0.15480879867331063,0.620503666236571,0.15480879867331063
37910,0.5047989455979459,0.6874102047123484,0.5047989455979459
37911,0.14708427825328294,0.33880069454068074,0.14708427825328294
37912,0.11942347633836203,0.1296856297136376,0.11942347633836203
37913,0.015437560218448745,0.15731964536283588,0.015437560218448745
37914,0.12788487498763398,0.6076740689538295,0.12788487498763398
37915,0.027433337492029374,0.1347542216606753,0.027433337492029374
37916,0.7272085641177944,0.9350728534818417,0.7272085641177944
37917,0.07431787052672711,0.23163827839637505,0.07431787052672711
37918,0.0531985283275498,0.4204208345748387,0.0531985283275498
37919,0.11961368928653518,0.3440231609532487,0.11961368928653518
37920,0.11813560947735159,0.67470128680515,0.11813560947735159
37921,0.10857239117973908,0.78644452131226,0.10857239117973908
37922,0.1984812422225332,0.47526855129654605,0.1984812422225332
37923,0.10822365151480276,0.5035065463326556,0.10822365151480276
37924,0.05933138025303412,0.46976300790480446,0.05933138025303412
37925,0.12249257942524194,0.6664862324596424,0.12249257942524194
37926,0.04884606093576234,0.6030599685301281,0.04884606093576234
37927,0.09137974589234654,0.2376521887641506,0.09137974589234654
37928,0.05561787607456486,0.17353280775856839,0.05561787607456486
37929,0.5697851418680493,0.36006065378779895,0.5697851418680493
37930,0.06388821794227648,0.08457818243775285,0.06388821794227648
37931,0.7242396337127007,0.6234599689919098,0.7242396337127007
37932,0.011816093159721118,0.08292031925150427,0.011816093159721118
37933,0.16307552171398298,0.27467031598666575,0.16307552171398298
37934,0.09067331622741802,0.20531466775319357,0.09067331622741802
37935,0.041284632730650465,0.6673429449402575,0.041284632730650465
37936,0.4148905526101279,0.265331438163254,0.4148905526101279
37937,0.15159713237992342,0.3075646382086807,0.15159713237992342
37938,0.2879000875933496,0.8493269790822207,0.2879000875933496
37939,0.5759089020449759,0.5188536501678694,0.5759089020449759
37940,0.03295940968222026,0.11709520162361702,0.03295940968222026
37941,0.0303207837882024,0.13425876574167464,0.0303207837882024
37942,0.463399827798117,0.35914091730261544,0.463399827798117
37943,0.04237705094724036,0.0852769656173001,0.04237705094724036
37944,0.0788467073707612,0.19739992432809378,0.0788467073707612
37945,0.14130905987117712,0.5428397936258248,0.14130905987117712
37946,0.019213744230645813,0.05478363110822304,0.019213744230645813
37947,0.352671266116073,0.914173538517014,0.352671266116073
37948,0.36364435847190835,0.5805348481525483,0.36364435847190835
37949,0.12123926717283251,0.7058548944886001,0.12123926717283251
37950,0.03319328271080895,0.27220442940710815,0.03319328271080895
37951,0.053266226106453186,0.14264664476190528,0.053266226106453186
37952,0.15896845697074913,0.17880324050321889,0.15896845697074913
37953,0.08208171021608261,0.801862652898603,0.08208171021608261
37954,0.09586487267032877,0.26596175188797466,0.09586487267032877
37955,0.7477279902476406,0.6392152529189864,0.7477279902476406
37956,0.29280663995521045,0.6261347752843349,0.29280663995521045
37957,0.11336766508597128,0.3777368975320655,0.11336766508597128
37958,0.0678490944294959,0.352105630815131,0.0678490944294959
37959,0.10556464446468926,0.5860252504931522,0.10556464446468926
37960,0.7028021303306059,0.8749233646801569,0.7028021303306059
37961,0.12005182899094617,0.12290867934492972,0.12005182899094617
37962,0.11072496204112853,0.08127410058287837,0.11072496204112853
37963,0.18518025302153995,0.8501657843958428,0.18518025302153995
37964,0.017925607637429546,0.12658189850356302,0.017925607637429546
37965,0.629371325649494,0.7058263494337135,0.629371325649494
37966,0.010068718648119172,0.32587485362723634,0.010068718648119172
37967,0.08535447016530973,0.10883800209204152,0.08535447016530973
37968,0.05832789460661169,0.08978644417925204,0.05832789460661169
37969,0.027183625553293508,0.5380603893968401,0.027183625553293508
37970,0.013370302622949857,0.05088955757193913,0.013370302622949857
37971,0.07997261755192564,0.207033451298786,0.07997261755192564
37972,0.15022235838072082,0.401756414477262,0.15022235838072082
37973,0.3910319093932854,0.5502823969554967,0.3910319093932854
37974,0.4186561641205764,0.2434635751615581,0.4186561641205764
37975,0.45376411191386556,0.8395092157509851,0.45376411191386556
37976,0.32644303554555565,0.5007906157565061,0.32644303554555565
37977,0.23909086008197708,0.5297635441327958,0.23909086008197708
37978,0.613518916555074,0.614718331689674,0.613518916555074
37979,0.02338659741855873,0.11206887871491436,0.02338659741855873
37980,0.12836437473878776,0.38602536915982233,0.12836437473878776
37981,0.06820553912961812,0.2547240392798928,0.06820553912961812
37982,0.1407254579292051,0.6483130385096787,0.1407254579292051
37983,0.1649962111276,0.2738210660479377,0.1649962111276
37984,0.019810356142090056,0.23909419784806865,0.019810356142090056
37985,0.06203302394747457,0.30428746285961156,0.06203302394747457
37986,0.09423762362323197,0.1482256830317842,0.09423762362323197
37987,0.1006272248813902,0.27823416391746786,0.1006272248813902
37988,0.10238573598068554,0.3421361455390438,0.10238573598068554
37989,0.11137309537744079,0.31094036279558374,0.11137309537744079
37990,0.014379342528988174,0.061442814617292396,0.014379342528988174
37991,0.06435568562206667,0.5795062700019815,0.06435568562206667
37992,0.06927710728675511,0.7698803588560308,0.06927710728675511
37993,0.025703975539252952,0.3739212368008098,0.025703975539252952
37994,0.08567741638097677,0.19450134734562186,0.08567741638097677
37995,0.07937472791861416,0.12957516532950775,0.07937472791861416
37996,0.6071535571015313,0.8039846320091636,0.6071535571015313
37997,0.14674065904442737,0.2955311466503579,0.14674065904442737
37998,0.08691606183553921,0.7538077204909523,0.08691606183553921
37999,0.2792381035675999,0.38938131611454874,0.2792381035675999
38000,0.11154903689306958,0.20971045804620533,0.11154903689306958
38001,0.043289667953371365,0.789827194496667,0.043289667953371365
38002,0.3189442876561133,0.6409691691466738,0.3189442876561133
38003,0.28879305200631594,0.47246147862626126,0.28879305200631594
38004,0.040554803536991785,0.25759230959087515,0.040554803536991785
38005,0.34183066727503963,0.9154395068129187,0.34183066727503963
38006,0.10722769230829399,0.05702704812476008,0.10722769230829399
38007,0.4005867844303698,0.6482813404336716,0.4005867844303698
38008,0.10911071396401073,0.4835909613315754,0.10911071396401073
38009,0.034375947716595516,0.22509479987068756,0.034375947716595516
38010,0.07539927524625863,0.38819924211635254,0.07539927524625863
38011,0.2860226467943032,0.5416207046939995,0.2860226467943032
38012,0.027238700507851456,0.3567246800201496,0.027238700507851456
38013,0.051030957102918946,0.5647298014864323,0.051030957102918946
38014,0.0460150943929599,0.3963666479399872,0.0460150943929599
38015,0.0829504188408142,0.8534342772668951,0.0829504188408142
38016,0.12473451016226245,0.4544258652999935,0.12473451016226245
38017,0.06323364267548305,0.49094930822204924,0.06323364267548305
38018,0.17402030219477305,0.6051581782879186,0.17402030219477305
38019,0.5458468863412566,0.7926002395218292,0.5458468863412566
38020,0.025179407531603536,0.35262231634639857,0.025179407531603536
38021,0.08458945226659573,0.27148489087401495,0.08458945226659573
38022,0.38592356842744385,0.5897376187880132,0.38592356842744385
38023,0.1949834603522601,0.2482944058436915,0.1949834603522601
38024,0.31045550474189465,0.43216080968708614,0.31045550474189465
38025,0.041362154860621066,0.04908432451472259,0.041362154860621066
38026,0.018283839241955507,0.16422395702901285,0.018283839241955507
38027,0.46412976374868486,0.6890619881624739,0.46412976374868486
38028,0.6629462428842222,0.8778013833084299,0.6629462428842222
38029,0.08283522922719513,0.17344978369487332,0.08283522922719513
38030,0.1275808205509908,0.5964263419853437,0.1275808205509908
38031,0.5620916718283441,0.5173246715767191,0.5620916718283441
38032,0.04246713895378638,0.43384186794819707,0.04246713895378638
38033,0.044140577245497005,0.14764553223623061,0.044140577245497005
38034,0.09312484308061535,0.14913397318782928,0.09312484308061535
38035,0.06893379252089418,0.10296573815452108,0.06893379252089418
38036,0.21885924202937185,0.15438157236300126,0.21885924202937185
38037,0.06156994657416441,0.015484043493990364,0.06156994657416441
38038,0.053464012872699654,0.7240611111183463,0.053464012872699654
38039,0.05812733385985397,0.6678397267779065,0.05812733385985397
38040,0.15349102316118388,0.12653933174306534,0.15349102316118388
38041,0.12032445651943573,0.4790859119239075,0.12032445651943573
38042,0.04001257948965773,0.12269166205713763,0.04001257948965773
38043,0.08602859990728197,0.4141564579464074,0.08602859990728197
38044,0.06253883165995262,0.47115823185693156,0.06253883165995262
38045,0.11026442641951704,0.10268807935970348,0.11026442641951704
38046,0.045993378011723936,0.478329986794928,0.045993378011723936
38047,0.05450102614704507,0.45951130325545847,0.05450102614704507
38048,0.06626579395629686,0.17794896502417967,0.06626579395629686
38049,0.11440051661392103,0.2794944845070034,0.11440051661392103
38050,0.0485321824800827,0.08580857918560064,0.0485321824800827
38051,0.06182289453842941,0.7580592292772965,0.06182289453842941
38052,0.11579380592943676,0.18143027971883263,0.11579380592943676
38053,0.055487264458369934,0.1163147267313341,0.055487264458369934
38054,0.14583881382107144,0.4593499167051671,0.14583881382107144
38055,0.13514985874499705,0.08257687203704488,0.13514985874499705
38056,0.5508684336455962,0.7230894625530244,0.5508684336455962
38057,0.47568772558583167,0.292772226753345,0.47568772558583167
38058,0.07272667194899704,0.6973045907187958,0.07272667194899704
38059,0.11993135676558442,0.2869296471958379,0.11993135676558442
38060,0.09798224986891088,0.7704435666021531,0.09798224986891088
38061,0.316848176051123,0.4088856598806331,0.316848176051123
38062,0.1933913081047459,0.06830628022719609,0.1933913081047459
38063,0.26202835564287175,0.550932183964303,0.26202835564287175
38064,0.1021787485967793,0.17585848656148806,0.1021787485967793
38065,0.038163694911253716,0.15627917627628973,0.038163694911253716
38066,0.2163989556963368,0.6193378597815589,0.2163989556963368
38067,0.04958623382199351,0.08740458834161974,0.04958623382199351
38068,0.15908785166689682,0.08773466804569768,0.15908785166689682
38069,0.037931219231086825,0.7548013583013006,0.037931219231086825
38070,0.17950413239046736,0.4337876100092477,0.17950413239046736
38071,0.10050085429066175,0.1695656160134076,0.10050085429066175
38072,0.06831098112192706,0.2423710408242795,0.06831098112192706
38073,0.060094195545519764,0.767055372324249,0.060094195545519764
38074,0.16290715661398314,0.738571076830912,0.16290715661398314
38075,0.43684209344075686,0.6967089495773571,0.43684209344075686
38076,0.06435108320365934,0.3550727076473216,0.06435108320365934
38077,0.02502218511877591,0.23018763380402044,0.02502218511877591
38078,0.022768468396185855,0.11677144489041844,0.022768468396185855
38079,0.013490669802568292,0.06050063442050228,0.013490669802568292
38080,0.726572882542615,0.727810449300853,0.726572882542615
38081,0.06941220692701482,0.6943816151327431,0.06941220692701482
38082,0.09786745297829609,0.24344820998642033,0.09786745297829609
38083,0.48374349521800897,0.620570898125775,0.48374349521800897
38084,0.5639052342125215,0.339561167195201,0.5639052342125215
38085,0.05785585748125027,0.20025272153338425,0.05785585748125027
38086,0.06267281806527684,0.28761512651742793,0.06267281806527684
38087,0.10955101418428789,0.7268902445897786,0.10955101418428789
38088,0.08133960256065026,0.5577770510267309,0.08133960256065026
38089,0.2124826204266534,0.885856146446479,0.2124826204266534
38090,0.023931338791867943,0.049684491044274505,0.023931338791867943
38091,0.06151079974495997,0.1980742161926491,0.06151079974495997
38092,0.0905333780045233,0.8062103421827858,0.0905333780045233
38093,0.18412980152862649,0.23612010688746438,0.18412980152862649
38094,0.1103361449237943,0.4802450352376847,0.1103361449237943
38095,0.09082398528661613,0.6079343242953172,0.09082398528661613
38096,0.42680452089770377,0.3669777985378406,0.42680452089770377
38097,0.06799183137018476,0.11546587137089863,0.06799183137018476
38098,0.07557087420962563,0.23092392644268714,0.07557087420962563
38099,0.08257759078405635,0.19434052786600967,0.08257759078405635
38100,0.014780751037499642,0.07314343281140959,0.014780751037499642
38101,0.059501916385534544,0.7459606070169742,0.059501916385534544
38102,0.11561794880646692,0.12503021100530023,0.11561794880646692
38103,0.03504290947834727,0.12598405411998723,0.03504290947834727
38104,0.06008995780324828,0.5214334945732237,0.06008995780324828
38105,0.05961035999443279,0.3964718065300664,0.05961035999443279
38106,0.04485381619763941,0.1956905306492418,0.04485381619763941
38107,0.06011854934572753,0.23463640942475406,0.06011854934572753
38108,0.06343505509553327,0.10026495788744054,0.06343505509553327
38109,0.23805661664365785,0.6086855083195005,0.23805661664365785
38110,0.059869255544205725,0.16244001607389705,0.059869255544205725
38111,0.05199374272656359,0.7670445244005273,0.05199374272656359
38112,0.14000781714091237,0.23049783536935997,0.14000781714091237
38113,0.7241906264835756,0.42295659220350973,0.7241906264835756
38114,0.0823549455276692,0.08459294230873979,0.0823549455276692
38115,0.11224392598710216,0.9097096665224231,0.11224392598710216
38116,0.2733470666126887,0.5954721195363168,0.2733470666126887
38117,0.019146590829912234,0.08012589502609417,0.019146590829912234
38118,0.7674929515786166,0.9534325633459927,0.7674929515786166
38119,0.09661845191319074,0.771092344702783,0.09661845191319074
38120,0.12052688540621893,0.24713151131283514,0.12052688540621893
38121,0.04982377177406627,0.1091297720892962,0.04982377177406627
38122,0.052358541133513806,0.7606440504692914,0.052358541133513806
38123,0.23113404774427768,0.49609843809751386,0.23113404774427768
38124,0.07517267964068701,0.26397138019847555,0.07517267964068701
38125,0.3771894504119384,0.21826685429565384,0.3771894504119384
38126,0.17649306142155327,0.5618217499628007,0.17649306142155327
38127,0.33206799971434803,0.5265005396265378,0.33206799971434803
38128,0.014694364745296172,0.05983801986944732,0.014694364745296172
38129,0.08289403572442963,0.2416559789526373,0.08289403572442963
38130,0.07677994799657252,0.9229185896827865,0.07677994799657252
38131,0.021355726127967194,0.16066898059389403,0.021355726127967194
38132,0.04639977079284738,0.20978440685818037,0.04639977079284738
38133,0.041562699962353095,0.2241927464744815,0.041562699962353095
38134,0.03885179189844569,0.09916590272359262,0.03885179189844569
38135,0.0840668032031867,0.3350422043762545,0.0840668032031867
38136,0.13502976662663244,0.49968717407663865,0.13502976662663244
38137,0.9101261230696126,0.6359876486334144,0.9101261230696126
38138,0.05441027591645683,0.34497705901182296,0.05441027591645683
38139,0.7360535965383909,0.7581314127040701,0.7360535965383909
38140,0.09791570775102945,0.218333826370887,0.09791570775102945
38141,0.17469204221449844,0.4190853777749704,0.17469204221449844
38142,0.7777630890383279,0.6957827727144571,0.7777630890383279
38143,0.6607837516099614,0.7265484692250107,0.6607837516099614
38144,0.16233755129276822,0.4249362389709064,0.16233755129276822
38145,0.5348919441848806,0.8757129094894963,0.5348919441848806
38146,0.23249567181092612,0.7808007142572828,0.23249567181092612
38147,0.05697931529210937,0.06430613705685227,0.05697931529210937
38148,0.44910158189382915,0.8494015818581588,0.44910158189382915
38149,0.05273687688039624,0.15033443070916785,0.05273687688039624
38150,0.050708759321094254,0.26099615473638077,0.050708759321094254
38151,0.7314048040214514,0.5863584066844181,0.7314048040214514
38152,0.031197628976884065,0.21816650403156185,0.031197628976884065
38153,0.4683601604859026,0.9191679773180961,0.4683601604859026
38154,0.024906625032257445,0.07421431140141616,0.024906625032257445
38155,0.21530798161178943,0.5951613333257886,0.21530798161178943
38156,0.3198754134531308,0.5053531885430195,0.3198754134531308
38157,0.08139099827686136,0.7423871042658813,0.08139099827686136
38158,0.11633146708461045,0.8876176507178083,0.11633146708461045
38159,0.02522209043762125,0.10484608149864841,0.02522209043762125
38160,0.08723727258077359,0.8496486209023714,0.08723727258077359
38161,0.7686618435946769,0.6208536079600421,0.7686618435946769
38162,0.16173183074205275,0.7104518128877976,0.16173183074205275
38163,0.4241657242288737,0.6934843571216529,0.4241657242288737
38164,0.04994714291752796,0.09826874143696808,0.04994714291752796
38165,0.02456499262969568,0.1037256336076492,0.02456499262969568
38166,0.1716806190257054,0.7096574726289706,0.1716806190257054
38167,0.4697753388205608,0.8834265729277763,0.4697753388205608
38168,0.0059058877380422856,0.03546189139000747,0.0059058877380422856
38169,0.2797199267124341,0.8903926996591188,0.2797199267124341
38170,0.09383939993821892,0.38041269025401,0.09383939993821892
38171,0.7138322476768018,0.5456938258310114,0.7138322476768018
38172,0.07633531528923661,0.43077979772402575,0.07633531528923661
38173,0.07721951072727926,0.07549663048017827,0.07721951072727926
38174,0.027269838908569835,0.41499268764683495,0.027269838908569835
38175,0.45870042507548303,0.3246357114058651,0.45870042507548303
38176,0.5872903629491122,0.6474500953969908,0.5872903629491122
38177,0.3746592799358387,0.7805685751154229,0.3746592799358387
38178,0.05554096483198375,0.2497778971047077,0.05554096483198375
38179,0.2632306747685738,0.6842464216545369,0.2632306747685738
38180,0.43376741034278155,0.5721013977106209,0.43376741034278155
38181,0.16388257008594487,0.20988297575898782,0.16388257008594487
38182,0.13198342706114927,0.9107571911821188,0.13198342706114927
38183,0.14260343930514205,0.7230611067918795,0.14260343930514205
38184,0.03204394521392824,0.17909861929676618,0.03204394521392824
38185,0.14272669935454405,0.3431370680212302,0.14272669935454405
38186,0.06426342584065571,0.1780485386844103,0.06426342584065571
38187,0.03128970023725199,0.1262554377309427,0.03128970023725199
38188,0.05727161408899999,0.24891613505631988,0.05727161408899999
38189,0.341085707666055,0.6345572650656237,0.341085707666055
38190,0.08809860350511564,0.35326551296628694,0.08809860350511564
38191,0.13090823491519005,0.49591593957007446,0.13090823491519005
38192,0.1354928192579669,0.4849115437326911,0.1354928192579669
38193,0.09194748956196569,0.6616248807076923,0.09194748956196569
38194,0.35234296937426357,0.1356836050777258,0.35234296937426357
38195,0.33924906144216727,0.8047269831274861,0.33924906144216727
38196,0.02455907711703477,0.12287086837205692,0.02455907711703477
38197,0.04696669949173849,0.1526122052667003,0.04696669949173849
38198,0.24053153956556245,0.7246088201741502,0.24053153956556245
38199,0.0410634715075259,0.14126356197983833,0.0410634715075259
38200,0.05530259023887905,0.054306104571759654,0.05530259023887905
38201,0.07523021589853951,0.7383810458653145,0.07523021589853951
38202,0.8401063953815957,0.7272433175114879,0.8401063953815957
38203,0.09731232036900796,0.1662376298134137,0.09731232036900796
38204,0.07109232764988622,0.26363753350307073,0.07109232764988622
38205,0.08508373977940162,0.42909133974621766,0.08508373977940162
38206,0.5015712023829616,0.703720464077578,0.5015712023829616
38207,0.18808013953169012,0.43179379382874006,0.18808013953169012
38208,0.09923600380240577,0.8230640396593986,0.09923600380240577
38209,0.10839422750537764,0.28138745814814653,0.10839422750537764
38210,0.28018106107123597,0.8515152635384057,0.28018106107123597
38211,0.12015372604292096,0.4899129852865494,0.12015372604292096
38212,0.26672994811012796,0.5622898963895916,0.26672994811012796
38213,0.017660305308329554,0.01748439159693809,0.017660305308329554
38214,0.4302512619012861,0.7657513982106308,0.4302512619012861
38215,0.07572874878748917,0.12321586575295831,0.07572874878748917
38216,0.12708861588467835,0.5246789431326027,0.12708861588467835
38217,0.06101634126051047,0.1699267359866282,0.06101634126051047
38218,0.1448355850238852,0.8864953249288452,0.1448355850238852
38219,0.019322737582839616,0.07645864101933554,0.019322737582839616
38220,0.39295667067726814,0.6667684145694582,0.39295667067726814
38221,0.07574390056563735,0.3869362501364244,0.07574390056563735
38222,0.07709203379505665,0.32021391793736476,0.07709203379505665
38223,0.3413647260046658,0.8461039309814391,0.3413647260046658
38224,0.052679184956276666,0.33293083391860556,0.052679184956276666
38225,0.03226864374522633,0.26165225973579875,0.03226864374522633
38226,0.22779242710097367,0.2503415097751088,0.22779242710097367
38227,0.18987981355152622,0.8064801354439591,0.18987981355152622
38228,0.05865036714700631,0.41004564990997,0.05865036714700631
38229,0.4539017443639746,0.821703237189433,0.4539017443639746
38230,0.16367126157220266,0.12809595278357458,0.16367126157220266
38231,0.03603020967299752,0.1904624621651135,0.03603020967299752
38232,0.36260721786897004,0.8355789632119844,0.36260721786897004
38233,0.2780862034668623,0.15038444964403697,0.2780862034668623
38234,0.04070431887658567,0.19753851746104237,0.04070431887658567
38235,0.048953984730991294,0.25205740560339013,0.048953984730991294
38236,0.9539867676260728,0.7866511814228065,0.9539867676260728
38237,0.054021049394089984,0.3939259785680949,0.054021049394089984
38238,0.012133185797356501,0.0066898982630133625,0.012133185797356501
38239,0.10344679176476378,0.29906562665147257,0.10344679176476378
38240,0.3383925589097173,0.7607805433110176,0.3383925589097173
38241,0.07080272628466891,0.3835929483938398,0.07080272628466891
38242,0.012947303913472707,0.11349834517759036,0.012947303913472707
38243,0.08066147865140356,0.2017758367500257,0.08066147865140356
38244,0.06059782810349212,0.07480449898824505,0.06059782810349212
38245,0.0839012406045324,0.1250498361168215,0.0839012406045324
38246,0.0699340910234952,0.12145696338985959,0.0699340910234952
38247,0.5799918615270214,0.2853198679891046,0.5799918615270214
38248,0.8819034172199959,0.7142561334751626,0.8819034172199959
38249,0.05779603395683402,0.15975886586384833,0.05779603395683402
38250,0.1098606321423375,0.39819988659670197,0.1098606321423375
38251,0.10401002436103886,0.4366132217319579,0.10401002436103886
38252,0.024501099282575604,0.0474782692838792,0.024501099282575604
38253,0.476829153436459,0.1700347289489931,0.476829153436459
38254,0.2886045535922785,0.24103779361341165,0.2886045535922785
38255,0.6109395819455283,0.8199395518523681,0.6109395819455283
38256,0.027591270469304714,0.47766511384664867,0.027591270469304714
38257,0.05231201537599355,0.18382497067945536,0.05231201537599355
38258,0.3033056720402099,0.8660235399593219,0.3033056720402099
38259,0.01988577530287052,0.1150177781402735,0.01988577530287052
38260,0.0714149014777535,0.16361335434923943,0.0714149014777535
38261,0.1214669888260575,0.1827209319995278,0.1214669888260575
38262,0.03314844206073648,0.1113418872162712,0.03314844206073648
38263,0.017078834434015464,0.30152786820318833,0.017078834434015464
38264,0.5024893032181461,0.8035553258706121,0.5024893032181461
38265,0.1253907878201405,0.36097691118012193,0.1253907878201405
38266,0.03006612529346214,0.0699120244757795,0.03006612529346214
38267,0.028277485637792112,0.02251168668653736,0.028277485637792112
38268,0.4216954540088249,0.9282612208417895,0.4216954540088249
38269,0.25816167377436866,0.6941702459560645,0.25816167377436866
38270,0.062499667579934026,0.5711680257761237,0.062499667579934026
38271,0.02596048507912042,0.16086551740185426,0.02596048507912042
38272,0.19263469462536126,0.6445484967174452,0.19263469462536126
38273,0.1875669933813022,0.46868666533580294,0.1875669933813022
38274,0.15238759269531874,0.7423804541371785,0.15238759269531874
38275,0.09047011010953614,0.3778107773842859,0.09047011010953614
38276,0.04014556145927163,0.22549037763955332,0.04014556145927163
38277,0.03775995925391946,0.12357147676389213,0.03775995925391946
38278,0.5764718203161122,0.5552863664182918,0.5764718203161122
38279,0.779088888366438,0.9004372992073743,0.779088888366438
38280,0.16059570025088066,0.16495763697240676,0.16059570025088066
38281,0.4437440034783868,0.906841510203679,0.4437440034783868
38282,0.0409272288357339,0.37894086627158746,0.0409272288357339
38283,0.6277852893277621,0.8721658144744193,0.6277852893277621
38284,0.03135971008098829,0.2391034443589978,0.03135971008098829
38285,0.1130387635557709,0.8499514975267258,0.1130387635557709
38286,0.7263073366498886,0.807884142898404,0.7263073366498886
38287,0.1075295608378563,0.32030323247977555,0.1075295608378563
38288,0.045238014011571494,0.5952701234364386,0.045238014011571494
38289,0.08985318261770313,0.5053391976588925,0.08985318261770313
38290,0.08419872027069608,0.44636643593597825,0.08419872027069608
38291,0.09205645071565281,0.676839734376715,0.09205645071565281
38292,0.15852563970562272,0.09006099413577277,0.15852563970562272
38293,0.31686689518693445,0.8334367765973241,0.31686689518693445
38294,0.4332945023887366,0.2096641334001675,0.4332945023887366
38295,0.2548454291664531,0.6498911423624807,0.2548454291664531
38296,0.06697393645105579,0.18232665771065434,0.06697393645105579
38297,0.7288575250593174,0.849323136378625,0.7288575250593174
38298,0.2885414603723878,0.5733862173225398,0.2885414603723878
38299,0.06779177414630683,0.18481440495817067,0.06779177414630683
38300,0.6466919617707981,0.4324521512722523,0.6466919617707981
38301,0.17674396768492442,0.2625636406890742,0.17674396768492442
38302,0.19382557017495383,0.5467752279439213,0.19382557017495383
38303,0.10093004009497353,0.16834108781227572,0.10093004009497353
38304,0.06928954186727847,0.29029702236017735,0.06928954186727847
38305,0.05364140037943597,0.05954679155390515,0.05364140037943597
38306,0.07711654083584157,0.5561572941343103,0.07711654083584157
38307,0.06182740618322831,0.6930756309183205,0.06182740618322831
38308,0.018946569522137916,0.12013740307896197,0.018946569522137916
38309,0.10480146676764222,0.16595474143964364,0.10480146676764222
38310,0.02790082799157364,0.16367452630325693,0.02790082799157364
38311,0.4002377607999439,0.837845979488365,0.4002377607999439
38312,0.2925893559462743,0.2483224351694606,0.2925893559462743
38313,0.2487645321502603,0.11869519136380494,0.2487645321502603
38314,0.022431999593922513,0.03957610070590636,0.022431999593922513
38315,0.41235039867837675,0.4952077650244988,0.41235039867837675
38316,0.08593688752154889,0.15790441520561282,0.08593688752154889
38317,0.06590903397681726,0.02554402694251656,0.06590903397681726
38318,0.10435975357080561,0.9242618757658502,0.10435975357080561
38319,0.5873052652318255,0.5726641183281507,0.5873052652318255
38320,0.10768398264642184,0.5491264435858985,0.10768398264642184
38321,0.5306534199849744,0.08379538997548995,0.5306534199849744
38322,0.06340814872332556,0.4208719865074164,0.06340814872332556
38323,0.3255476510961915,0.04054899484849215,0.3255476510961915
38324,0.2829064369080299,0.91268926628023,0.2829064369080299
38325,0.49734939902019754,0.8448890904301894,0.49734939902019754
38326,0.021322346838338953,0.03447870479022408,0.021322346838338953
38327,0.1222316705734152,0.16344895333108272,0.1222316705734152
38328,0.19849854815608645,0.4461073352072492,0.19849854815608645
38329,0.13058459573837214,0.8077778294542747,0.13058459573837214
38330,0.4708720852903728,0.44266080187678714,0.4708720852903728
38331,0.03821040140826314,0.4041458700649475,0.03821040140826314
38332,0.07364578998267907,0.312876409949229,0.07364578998267907
38333,0.15525762722646044,0.05060553696602028,0.15525762722646044
38334,0.206763274586595,0.12188285158124866,0.206763274586595
38335,0.14238713773960424,0.13414783048619303,0.14238713773960424
38336,0.09344492327044507,0.39733484801014596,0.09344492327044507
38337,0.22482520976498604,0.7237026156466514,0.22482520976498604
38338,0.7064484195560308,0.9009540405790512,0.7064484195560308
38339,0.7612885103337415,0.8226063997480719,0.7612885103337415
38340,0.032050534129534104,0.7155111844923873,0.032050534129534104
38341,0.4014066955453871,0.4247071190641134,0.4014066955453871
38342,0.7213042466554093,0.6388540630622639,0.7213042466554093
38343,0.08825773944455176,0.4276449375332256,0.08825773944455176
38344,0.09499091516636939,0.4374149007797166,0.09499091516636939
38345,0.2973452557407478,0.586078222824867,0.2973452557407478
38346,0.0175031096109889,0.0581272006330209,0.0175031096109889
38347,0.6081256448058963,0.3834008797990715,0.6081256448058963
38348,0.008215404508542405,0.013218917108816798,0.008215404508542405
38349,0.060433590316410685,0.06617001651605106,0.060433590316410685
38350,0.23093485711828388,0.5528214883682642,0.23093485711828388
38351,0.012282733641645808,0.1440454614307489,0.012282733641645808
38352,0.039962201572463066,0.1782125522725838,0.039962201572463066
38353,0.2749316932789901,0.6401269596280683,0.2749316932789901
38354,0.2956305276592801,0.7501349656981339,0.2956305276592801
38355,0.07854949047691205,0.6090936204766447,0.07854949047691205
38356,0.3365096551529155,0.794206209806761,0.3365096551529155
38357,0.8507849946013173,0.9062882090870734,0.8507849946013173
38358,0.21646531185473,0.26948604262571363,0.21646531185473
38359,0.048700697858504303,0.053912753616791556,0.048700697858504303
38360,0.07532457847106509,0.2487358977826382,0.07532457847106509
38361,0.522327740622891,0.17938707810536308,0.522327740622891
38362,0.04001669073588081,0.045897434706318095,0.04001669073588081
38363,0.0483897237518717,0.26882934239319084,0.0483897237518717
38364,0.05433498048420184,0.2398248084134535,0.05433498048420184
38365,0.4648168008818492,0.8918692421969314,0.4648168008818492
38366,0.37766387280031927,0.4769487567480323,0.37766387280031927
38367,0.36104955400791544,0.5677308312385724,0.36104955400791544
38368,0.0047594738132862805,0.008370500365788337,0.0047594738132862805
38369,0.2588519313166795,0.8225046032316086,0.2588519313166795
38370,0.10178003408058003,0.31882778550852786,0.10178003408058003
38371,0.030765280195375652,0.2580409325377252,0.030765280195375652
38372,0.6411107123184293,0.4486139451058547,0.6411107123184293
38373,0.2285357510506808,0.14968326417796682,0.2285357510506808
38374,0.29539910027186794,0.17281625339435241,0.29539910027186794
38375,0.07839632031386985,0.39986502433295085,0.07839632031386985
38376,0.27687012241738745,0.4624102566527788,0.27687012241738745
38377,0.2085499198472452,0.2511332487456624,0.2085499198472452
38378,0.049116223047719836,0.23674564625624317,0.049116223047719836
38379,0.08751492210491144,0.6193003736148204,0.08751492210491144
38380,0.13084824175584076,0.3120827701601898,0.13084824175584076
38381,0.39660287819414797,0.10681930618663983,0.39660287819414797
38382,0.06130302268024981,0.5571005941789584,0.06130302268024981
38383,0.031896751379397896,0.04184439638169129,0.031896751379397896
38384,0.20958774782045003,0.6326265418099919,0.20958774782045003
38385,0.035185923634619067,0.19471789079891483,0.035185923634619067
38386,0.39201816282939383,0.6498319202214137,0.39201816282939383
38387,0.01358229374319116,0.2537529379667043,0.01358229374319116
38388,0.1193052926722314,0.6496934897274411,0.1193052926722314
38389,0.5212804931029227,0.4998668352255753,0.5212804931029227
38390,0.08701495929039517,0.19655730306707256,0.08701495929039517
38391,0.5839812445194157,0.9379636383698053,0.5839812445194157
38392,0.6302935942110774,0.6547866528194849,0.6302935942110774
38393,0.4760403115008728,0.8477409549223197,0.4760403115008728
38394,0.2056137830850996,0.820894604178853,0.2056137830850996
38395,0.14327155192986943,0.278207659587487,0.14327155192986943
38396,0.17530403418219428,0.37094816714878903,0.17530403418219428
38397,0.5799788140027544,0.7533928243137524,0.5799788140027544
38398,0.2712348991263416,0.5433011905327817,0.2712348991263416
38399,0.08111318434612404,0.4241212759623994,0.08111318434612404
38400,0.48145238517312144,0.8983314709035567,0.48145238517312144
38401,0.1892244157875701,0.13579068958754145,0.1892244157875701
38402,0.028394209310057993,0.06991099399040174,0.028394209310057993
38403,0.02431801412169979,0.22564371936242214,0.02431801412169979
38404,0.06452467451427099,0.30403318015469694,0.06452467451427099
38405,0.5411015864071673,0.8530246752078863,0.5411015864071673
38406,0.1640788719598807,0.10761682985410895,0.1640788719598807
38407,0.5673722370146077,0.46640251787733306,0.5673722370146077
38408,0.023227572650326912,0.1035422021729749,0.023227572650326912
38409,0.02527578792849398,0.10101096281685534,0.02527578792849398
38410,0.03226184675434282,0.1255448995405588,0.03226184675434282
38411,0.7936739688191407,0.886239507368314,0.7936739688191407
38412,0.14226617733504363,0.6139756109573472,0.14226617733504363
38413,0.15867063926111746,0.7006082531807148,0.15867063926111746
38414,0.4399812270709225,0.45161730543569995,0.4399812270709225
38415,0.04330948470531162,0.179150032276577,0.04330948470531162
38416,0.07407693898514171,0.7176357472219854,0.07407693898514171
38417,0.12480529302333569,0.32755200208700086,0.12480529302333569
38418,0.015480241892313442,0.023535189142516826,0.015480241892313442
38419,0.506337552926357,0.49157347407628305,0.506337552926357
38420,0.04916816267010503,0.21688102007579457,0.04916816267010503
38421,0.48622698968169137,0.3489076895030438,0.48622698968169137
38422,0.2187047580566284,0.17331480769408014,0.2187047580566284
38423,0.19894775332793094,0.6864386695235083,0.19894775332793094
38424,0.014536045346631428,0.06627380273270875,0.014536045346631428
38425,0.1296296915469836,0.5638830807369113,0.1296296915469836
38426,0.007188304178352244,0.23610067911317778,0.007188304178352244
38427,0.05281380323173631,0.22615242288888981,0.05281380323173631
38428,0.20567480016439704,0.2901700023591692,0.20567480016439704
38429,0.40128129933139267,0.6619048117907077,0.40128129933139267
38430,0.032736033286747034,0.40616559303582084,0.032736033286747034
38431,0.5075982714039692,0.7093847592214767,0.5075982714039692
38432,0.07171327721404289,0.7163254314134421,0.07171327721404289
38433,0.6923913928787172,0.8015754436774254,0.6923913928787172
38434,0.06482254175300176,0.24843818412409277,0.06482254175300176
38435,0.0394747236756825,0.43431667778565664,0.0394747236756825
38436,0.20114948638603594,0.602775448673035,0.20114948638603594
38437,0.4242430167510939,0.7318435839569014,0.4242430167510939
38438,0.64545055837919,0.7727345085338866,0.64545055837919
38439,0.13015282902742037,0.1991847451901829,0.13015282902742037
38440,0.1500929690447569,0.5453479101137595,0.1500929690447569
38441,0.792212842824805,0.8197137855529252,0.792212842824805
38442,0.060945048026586665,0.5752659067991546,0.060945048026586665
38443,0.04980629446467668,0.2320597221330408,0.04980629446467668
38444,0.03579471945296995,0.13938531393420156,0.03579471945296995
38445,0.27493268985405966,0.1841434767949615,0.27493268985405966
38446,0.36454885353439703,0.5037897804069901,0.36454885353439703
38447,0.027913675170382932,0.14665936998103,0.027913675170382932
38448,0.048742327453118066,0.613330179355491,0.048742327453118066
38449,0.0866929893125209,0.1374614655529841,0.0866929893125209
38450,0.08031887636288029,0.4301405325820646,0.08031887636288029
38451,0.03751920508472217,0.3056792314046932,0.03751920508472217
38452,0.14550089191527882,0.37955397318231804,0.14550089191527882
38453,0.34481651958208115,0.817418458933234,0.34481651958208115
38454,0.21521472288233387,0.82201085355693,0.21521472288233387
38455,0.13290740022691383,0.30705737473074735,0.13290740022691383
38456,0.11628057330572492,0.22024107760789094,0.11628057330572492
38457,0.4140112325130153,0.723440760638591,0.4140112325130153
38458,0.07413399108092719,0.1334517756274415,0.07413399108092719
38459,0.32472816124124554,0.4318093454031781,0.32472816124124554
38460,0.04431425894286868,0.7184766184985243,0.04431425894286868
38461,0.15593507463590026,0.6054962208028702,0.15593507463590026
38462,0.6583116716877773,0.6962048480631182,0.6583116716877773
38463,0.5596956590951108,0.9132599250432286,0.5596956590951108
38464,0.052597257600789565,0.4996350445543096,0.052597257600789565
38465,0.018014313798484977,0.19295883970183167,0.018014313798484977
38466,0.022698789249979312,0.05183551329946829,0.022698789249979312
38467,0.17093588968454368,0.36473915304234833,0.17093588968454368
38468,0.17378186634016118,0.7182219893839159,0.17378186634016118
38469,0.01695984118452929,0.10552240997328151,0.01695984118452929
38470,0.44327555173618965,0.8319785499851484,0.44327555173618965
38471,0.08976019270097756,0.12343926433174383,0.08976019270097756
38472,0.36975187663042414,0.30962701261001246,0.36975187663042414
38473,0.2268586800174592,0.33158357464785065,0.2268586800174592
38474,0.3104416849448246,0.09668494208052195,0.3104416849448246
38475,0.06502857952917566,0.2483400101734972,0.06502857952917566
38476,0.0844191299897998,0.27861954071709394,0.0844191299897998
38477,0.04544491139665573,0.11800300224105781,0.04544491139665573
38478,0.4665699382892242,0.5264975620428346,0.4665699382892242
38479,0.27447500348273957,0.5519026639739971,0.27447500348273957
38480,0.4871284732739979,0.5374853484746851,0.4871284732739979
38481,0.01816189513438824,0.07660262896596409,0.01816189513438824
38482,0.28928455280022547,0.4213330999831358,0.28928455280022547
38483,0.065936005844796,0.11517972234373165,0.065936005844796
38484,0.13989098514698595,0.611228568686995,0.13989098514698595
38485,0.05469435096858953,0.34114534735612334,0.05469435096858953
38486,0.3084619029330547,0.6466784126809816,0.3084619029330547
38487,0.08205727472533057,0.7563671189977733,0.08205727472533057
38488,0.5075507097653631,0.4687583694749149,0.5075507097653631
38489,0.20713719046139364,0.18069884758731142,0.20713719046139364
38490,0.08329119532154057,0.8982919764942279,0.08329119532154057
38491,0.11569661223057627,0.2961627436786461,0.11569661223057627
38492,0.028744695108987084,0.18594833631320531,0.028744695108987084
38493,0.017627266000160766,0.004432146373902259,0.017627266000160766
38494,0.10929447099543285,0.9387722002356308,0.10929447099543285
38495,0.07958171078165581,0.3882062415447069,0.07958171078165581
38496,0.07454522648767956,0.1388145856271095,0.07454522648767956
38497,0.14441888099731415,0.61141905778706,0.14441888099731415
38498,0.3260390864136062,0.23296437019826569,0.3260390864136062
38499,0.03042419175219748,0.03434465652600349,0.03042419175219748
38500,0.041263904537011155,0.15110409745181627,0.041263904537011155
38501,0.09263366392405153,0.537516930763366,0.09263366392405153
38502,0.16417629721834998,0.2565164156324281,0.16417629721834998
38503,0.07587147075532308,0.48529681761469395,0.07587147075532308
38504,0.050753154098549705,0.34214896146496104,0.050753154098549705
38505,0.03540856869202241,0.29160261502462864,0.03540856869202241
38506,0.11057083390075365,0.6198875205884359,0.11057083390075365
38507,0.5237841580135655,0.6607339712204363,0.5237841580135655
38508,0.046002429639537164,0.15150669684089452,0.046002429639537164
38509,0.12443152585813304,0.12071656818331837,0.12443152585813304
38510,0.8161315810799294,0.5708212941574543,0.8161315810799294
38511,0.0861116557272082,0.8753307648843921,0.0861116557272082
38512,0.5191267247942853,0.6564746359014535,0.5191267247942853
38513,0.07333909539021134,0.2671327285955149,0.07333909539021134
38514,0.05143357224420083,0.3219129026377716,0.05143357224420083
38515,0.07935806513682346,0.5084539111987887,0.07935806513682346
38516,0.06024245262888381,0.2360081089839051,0.06024245262888381
38517,0.15416237588986487,0.6711631279075198,0.15416237588986487
38518,0.45405490953700833,0.7687344660523385,0.45405490953700833
38519,0.05042362537359017,0.22183991524978247,0.05042362537359017
38520,0.10983238464742763,0.4491119414266126,0.10983238464742763
38521,0.13321412786542328,0.8068840603793812,0.13321412786542328
38522,0.09179547831357127,0.5750711210450897,0.09179547831357127
38523,0.07602243875967345,0.47632605203522327,0.07602243875967345
38524,0.03865311738042875,0.5743703436311821,0.03865311738042875
38525,0.29660908602649044,0.4777952653744525,0.29660908602649044
38526,0.4775476257856571,0.3349026429821831,0.4775476257856571
38527,0.09184880381833695,0.2996437187321746,0.09184880381833695
38528,0.23231318497372347,0.8814509123794692,0.23231318497372347
38529,0.0224430210107979,0.09507933580391664,0.0224430210107979
38530,0.009450741296265415,0.07247407649712168,0.009450741296265415
38531,0.09419418638687468,0.6898708598589344,0.09419418638687468
38532,0.6829424870339259,0.6108368634518236,0.6829424870339259
38533,0.04942511504460395,0.036665378081317875,0.04942511504460395
38534,0.03517945889650617,0.07882734480533359,0.03517945889650617
38535,0.030005533622632936,0.4408842300672321,0.030005533622632936
38536,0.10006432570461361,0.5073522862060322,0.10006432570461361
38537,0.7229415700728804,0.9142404390713211,0.7229415700728804
38538,0.885139062962459,0.9127738363739022,0.885139062962459
38539,0.04097267333631812,0.5293532183204053,0.04097267333631812
38540,0.27863855446734503,0.7800858083856149,0.27863855446734503
38541,0.22697589980222896,0.2812929713430625,0.22697589980222896
38542,0.07225522432367755,0.1920261099350463,0.07225522432367755
38543,0.07120534471469663,0.6487980830841037,0.07120534471469663
38544,0.2928979333520024,0.29497838825650724,0.2928979333520024
38545,0.6936718571831906,0.6913794824910632,0.6936718571831906
38546,0.153111863441821,0.2989056187611972,0.153111863441821
38547,0.15584608531175123,0.7895191191153216,0.15584608531175123
38548,0.1198945846754934,0.30269085040996363,0.1198945846754934
38549,0.11620858654572357,0.41762588577056725,0.11620858654572357
38550,0.026493597291686023,0.18577713545135657,0.026493597291686023
38551,0.7384553679504522,0.7989148571040755,0.7384553679504522
38552,0.21801293679679845,0.4068061387953544,0.21801293679679845
38553,0.5734044903221757,0.6459744544414521,0.5734044903221757
38554,0.291707635330319,0.4648243157504115,0.291707635330319
38555,0.13289673622814793,0.305310697410034,0.13289673622814793
38556,0.011302557046647333,0.08479508175441346,0.011302557046647333
38557,0.015615961214918367,0.01673387801953922,0.015615961214918367
38558,0.1228419427075534,0.2850116831804783,0.1228419427075534
38559,0.03283898305824691,0.43142749551848547,0.03283898305824691
38560,0.06178490545078097,0.043513723879673054,0.06178490545078097
38561,0.6162630679294275,0.5382505781136949,0.6162630679294275
38562,0.5061612514161646,0.8586768019868135,0.5061612514161646
38563,0.22507151709102996,0.2811742254337109,0.22507151709102996
38564,0.12067512574435471,0.8124763936563596,0.12067512574435471
38565,0.4246360400513611,0.4956908975435274,0.4246360400513611
38566,0.2611591525513016,0.2960821383634859,0.2611591525513016
38567,0.7560537668322433,0.8827924551801732,0.7560537668322433
38568,0.4959410277591766,0.3061320765494259,0.4959410277591766
38569,0.06908748423984033,0.07213569171560924,0.06908748423984033
38570,0.6554796372969214,0.8497496325713975,0.6554796372969214
38571,0.06790611979463991,0.6270103937724791,0.06790611979463991
38572,0.10983558569400968,0.16298087125606817,0.10983558569400968
38573,0.034973070443152135,0.14442397770869544,0.034973070443152135
38574,0.1004498956158787,0.12744777136278662,0.1004498956158787
38575,0.06081110933119641,0.3728886526600385,0.06081110933119641
38576,0.034545525887240254,0.044799007568013256,0.034545525887240254
38577,0.026193581695647884,0.09865029215581775,0.026193581695647884
38578,0.09205174644846646,0.3861976154842006,0.09205174644846646
38579,0.04060112153922341,0.5403022380403438,0.04060112153922341
38580,0.17296246638677923,0.6265163715032323,0.17296246638677923
38581,0.3576185488004081,0.7198147330382964,0.3576185488004081
38582,0.7577302407407586,0.7929898665742612,0.7577302407407586
38583,0.07978926328897855,0.2573875332398594,0.07978926328897855
38584,0.17136982659136732,0.49319664158968995,0.17136982659136732
38585,0.21264875988152152,0.2136236190022431,0.21264875988152152
38586,0.02559920791614876,0.1517047676154793,0.02559920791614876
38587,0.09314018794003448,0.43227061938630634,0.09314018794003448
38588,0.03358474290177868,0.28109960450539895,0.03358474290177868
38589,0.024852509689942508,0.2267812148948855,0.024852509689942508
38590,0.11741178668848573,0.5028329310640259,0.11741178668848573
38591,0.07036721104748514,0.21045066402214954,0.07036721104748514
38592,0.10653701113854652,0.44669056941208385,0.10653701113854652
38593,0.264520467465525,0.7993271316612545,0.264520467465525
38594,0.05700916974434016,0.10161944073092181,0.05700916974434016
38595,0.10747567551113317,0.16579852008167922,0.10747567551113317
38596,0.19354403321024,0.7126916094581349,0.19354403321024
38597,0.10027242120708416,0.05851729096369,0.10027242120708416
38598,0.22003853455943867,0.41350133534756567,0.22003853455943867
38599,0.009951307413745138,0.08733009181543268,0.009951307413745138
38600,0.04902519131371452,0.04781115875954223,0.04902519131371452
38601,0.09054472801774088,0.2615490276591272,0.09054472801774088
38602,0.47562856377046997,0.6987523935617375,0.47562856377046997
38603,0.03451190568330519,0.09483361184685996,0.03451190568330519
38604,0.7078849103355014,0.8231694757121673,0.7078849103355014
38605,0.04766534525465288,0.299419864772065,0.04766534525465288
38606,0.04624401823976358,0.23450287102620776,0.04624401823976358
38607,0.11770758821828714,0.46417506277166576,0.11770758821828714
38608,0.10953817043840346,0.09369414127862032,0.10953817043840346
38609,0.15764246148429353,0.3255656292172947,0.15764246148429353
38610,0.0275299031076623,0.12842642050987213,0.0275299031076623
38611,0.033547434885138575,0.30814552037942844,0.033547434885138575
38612,0.10537176926851304,0.7834255512736787,0.10537176926851304
38613,0.07065120737585368,0.3210997492178582,0.07065120737585368
38614,0.014930539839909242,0.014500952643507594,0.014930539839909242
38615,0.029102254141190345,0.02689960894611831,0.029102254141190345
38616,0.21221538749698315,0.1331889513420868,0.21221538749698315
38617,0.4623345117671961,0.27140461938291743,0.4623345117671961
38618,0.08062987795675676,0.44215179216958084,0.08062987795675676
38619,0.07554621591749258,0.06601650876775005,0.07554621591749258
38620,0.0661867877012718,0.7930524041666699,0.0661867877012718
38621,0.41958063668496937,0.7495623716339516,0.41958063668496937
38622,0.15925032932582106,0.3984286780353023,0.15925032932582106
38623,0.10217736231652906,0.27291183570922106,0.10217736231652906
38624,0.01948089014699599,0.016005315321113666,0.01948089014699599
38625,0.035943391478108405,0.10208811319146513,0.035943391478108405
38626,0.10350809524456245,0.5158146371352998,0.10350809524456245
38627,0.8919807789485035,0.9618344478969078,0.8919807789485035
38628,0.33984280286661006,0.27957037121422323,0.33984280286661006
38629,0.3668219380063029,0.72709798030195,0.3668219380063029
38630,0.09857873809515405,0.7558047466000628,0.09857873809515405
38631,0.04420245712925579,0.1873601696536588,0.04420245712925579
38632,0.0702164754114473,0.8770534414108808,0.0702164754114473
38633,0.195698714326288,0.17859434874432722,0.195698714326288
38634,0.06476821547651634,0.0662673397823122,0.06476821547651634
38635,0.021682706908522736,0.4977547965756388,0.021682706908522736
38636,0.1330071865116671,0.8660949399295949,0.1330071865116671
38637,0.09159900894915157,0.21359111680025997,0.09159900894915157
38638,0.056162881088672366,0.09437447110841149,0.056162881088672366
38639,0.29335029589221684,0.3323198048186275,0.29335029589221684
38640,0.02722960453379851,0.10960302297431566,0.02722960453379851
38641,0.5278102008420419,0.7775187990471365,0.5278102008420419
38642,0.014293841663247868,0.04545141426214217,0.014293841663247868
38643,0.5264497163291612,0.2085856127522626,0.5264497163291612
38644,0.028754252249570806,0.3808860699023604,0.028754252249570806
38645,0.373546834119488,0.44508603285968895,0.373546834119488
38646,0.7452202423506747,0.7815863963314675,0.7452202423506747
38647,0.03736076598803814,0.26839833329626933,0.03736076598803814
38648,0.38953651693904123,0.3132759136222294,0.38953651693904123
38649,0.18646923184069966,0.05997599741213016,0.18646923184069966
38650,0.05112787007441123,0.2650746233584078,0.05112787007441123
38651,0.028390313626174894,0.13419367157297263,0.028390313626174894
38652,0.1811166987991621,0.5088777850077619,0.1811166987991621
38653,0.015190431879213234,0.011193436671795363,0.015190431879213234
38654,0.07018396168427593,0.16068555786599115,0.07018396168427593
38655,0.0779680557859194,0.28040427280032293,0.0779680557859194
38656,0.06817428335366081,0.31052001162059917,0.06817428335366081
38657,0.15822843246532994,0.2849777718572637,0.15822843246532994
38658,0.03661498988390296,0.7876412471648737,0.03661498988390296
38659,0.10078153856926678,0.3664999794920135,0.10078153856926678
38660,0.7711357100901541,0.809152411021628,0.7711357100901541
38661,0.1346436288107976,0.1424218363191906,0.1346436288107976
38662,0.06841178016586007,0.14123210152944435,0.06841178016586007
38663,0.23100157782895528,0.09639214252413353,0.23100157782895528
38664,0.49010949338606025,0.8335401240113747,0.49010949338606025
38665,0.139248490701202,0.39009241032511677,0.139248490701202
38666,0.01297855844496826,0.11958893591899687,0.01297855844496826
38667,0.6585004916793616,0.13532654169528624,0.6585004916793616
38668,0.093307062241797,0.8827629212251904,0.093307062241797
38669,0.13076320787807913,0.20758836376275752,0.13076320787807913
38670,0.09718262798059978,0.41877261374301006,0.09718262798059978
38671,0.03468896780374999,0.09633909544256442,0.03468896780374999
38672,0.06907702633015597,0.25208389192913744,0.06907702633015597
38673,0.7508640394501128,0.6588858671513315,0.7508640394501128
38674,0.13667265193145373,0.8851457994242954,0.13667265193145373
38675,0.019046417661104986,0.7275365748427469,0.019046417661104986
38676,0.20218682503618962,0.20203067038851213,0.20218682503618962
38677,0.04150271083300543,0.36189726678326983,0.04150271083300543
38678,0.6891403928218326,0.888774566384184,0.6891403928218326
38679,0.08776758063297203,0.4233737292877694,0.08776758063297203
38680,0.14776561431399288,0.2050007999336618,0.14776561431399288
38681,0.026806890320347897,0.0929800302992958,0.026806890320347897
38682,0.7704456379652316,0.6324855420676585,0.7704456379652316
38683,0.6934731742729614,0.9328341233999604,0.6934731742729614
38684,0.11435025102513366,0.8300561562687021,0.11435025102513366
38685,0.14602493432716726,0.610965192485259,0.14602493432716726
38686,0.12104617135600304,0.6438961897270224,0.12104617135600304
38687,0.02905600071788857,0.03069432497294415,0.02905600071788857
38688,0.2777641985348029,0.6812122587489986,0.2777641985348029
38689,0.01836731549506557,0.934617659904673,0.01836731549506557
38690,0.0493994840850892,0.09819735899559812,0.0493994840850892
38691,0.07182832785812411,0.13558626145542338,0.07182832785812411
38692,0.08441687079931584,0.35822997452398464,0.08441687079931584
38693,0.08399682337826993,0.12102471270864176,0.08399682337826993
38694,0.04834861336472506,0.1514454377845869,0.04834861336472506
38695,0.08163893167669083,0.14940988080833942,0.08163893167669083
38696,0.12015211404932945,0.2211327808627287,0.12015211404932945
38697,0.12014922431587571,0.44089291602687086,0.12014922431587571
38698,0.07855724064530786,0.2825650430080494,0.07855724064530786
38699,0.11491867384206107,0.5725533933630508,0.11491867384206107
38700,0.03263519106320865,0.484690728031861,0.03263519106320865
38701,0.15999429872413332,0.6389904206400823,0.15999429872413332
38702,0.15328901797413824,0.41838981586170926,0.15328901797413824
38703,0.041575149953217504,0.5448552871945905,0.041575149953217504
38704,0.5713389128183085,0.5231975733647197,0.5713389128183085
38705,0.16900508513925852,0.6307724192047152,0.16900508513925852
38706,0.26497476567569767,0.10746866776091482,0.26497476567569767
38707,0.05664631016917003,0.3947841324334459,0.05664631016917003
38708,0.529033832770542,0.23273425921690236,0.529033832770542
38709,0.040127813721741616,0.20627673260973964,0.040127813721741616
38710,0.17315461233096402,0.527754202697594,0.17315461233096402
38711,0.5727073634230013,0.6750035318343756,0.5727073634230013
38712,0.3389872678572071,0.7594813470363846,0.3389872678572071
38713,0.1137760304891963,0.6603897368604245,0.1137760304891963
38714,0.014362895887942234,0.07583028850577127,0.014362895887942234
38715,0.17559651222527156,0.40129662734131577,0.17559651222527156
38716,0.04856488689953812,0.23563968750101194,0.04856488689953812
38717,0.18467274383353155,0.21051008890302228,0.18467274383353155
38718,0.044866489055127384,0.1816794047688419,0.044866489055127384
38719,0.020022297148854857,0.13032520460449434,0.020022297148854857
38720,0.016212789240988824,0.04416290543537869,0.016212789240988824
38721,0.026303950313019867,0.2313749275678053,0.026303950313019867
38722,0.10150422248276873,0.14792893540633636,0.10150422248276873
38723,0.19568595897060478,0.05337608974199821,0.19568595897060478
38724,0.06641035579389702,0.2141558826827617,0.06641035579389702
38725,0.13634606519267406,0.26995109555812524,0.13634606519267406
38726,0.12923454772078707,0.6547449572907462,0.12923454772078707
38727,0.23191334453732812,0.7835832986373197,0.23191334453732812
38728,0.1380838868803252,0.41446976588203416,0.1380838868803252
38729,0.040547475713507024,0.39494881839546897,0.040547475713507024
38730,0.09214266533188611,0.07650755795533255,0.09214266533188611
38731,0.025169754211489297,0.2193922299708689,0.025169754211489297
38732,0.02634090441070876,0.33006135461517183,0.02634090441070876
38733,0.045268644296774685,0.18909467107234076,0.045268644296774685
38734,0.06582191337083025,0.3525914060262004,0.06582191337083025
38735,0.7716914657786798,0.4054090891666681,0.7716914657786798
38736,0.012195985660553747,0.014674979293824624,0.012195985660553747
38737,0.12681493245218226,0.48499495895607164,0.12681493245218226
38738,0.3080654537605821,0.6589037266204569,0.3080654537605821
38739,0.26303644254674446,0.35461354743202006,0.26303644254674446
38740,0.047955994904327746,0.22575963356954415,0.047955994904327746
38741,0.030977831041128046,0.2978732937286659,0.030977831041128046
38742,0.13944586727934924,0.3206563014493894,0.13944586727934924
38743,0.018584142767827064,0.0975833644054207,0.018584142767827064
38744,0.5250981365419313,0.3175720196790163,0.5250981365419313
38745,0.20777315023986992,0.24004294354987907,0.20777315023986992
38746,0.035922039015691284,0.18856621347333385,0.035922039015691284
38747,0.12439352234944652,0.2841072940711272,0.12439352234944652
38748,0.7991561026238037,0.7209019420305286,0.7991561026238037
38749,0.08692911582594437,0.21476017905274625,0.08692911582594437
38750,0.06871463027918855,0.37296462091562016,0.06871463027918855
38751,0.04382635207846508,0.18893840043939436,0.04382635207846508
38752,0.0453352470038931,0.07867438860875448,0.0453352470038931
38753,0.12124079713495221,0.6795003700785457,0.12124079713495221
38754,0.01652031705757537,0.043141891802839505,0.01652031705757537
38755,0.19100172115172612,0.8116023924279129,0.19100172115172612
38756,0.0261475036163667,0.12770568589513306,0.0261475036163667
38757,0.11336999631372001,0.6870675532814428,0.11336999631372001
38758,0.04134628290853266,0.11295757784637554,0.04134628290853266
38759,0.38706621990979095,0.7373135554597328,0.38706621990979095
38760,0.01321340135245906,0.044327065112567336,0.01321340135245906
38761,0.03566692864660199,0.2291584939426896,0.03566692864660199
38762,0.15704128204730783,0.7322001343175947,0.15704128204730783
38763,0.03372318508512066,0.026980133023427597,0.03372318508512066
38764,0.014545304198082806,0.0179526516198572,0.014545304198082806
38765,0.015285422309951958,0.17382292101971966,0.015285422309951958
38766,0.06490240904527182,0.2757981825428533,0.06490240904527182
38767,0.31544021678529444,0.8709360713599146,0.31544021678529444
38768,0.6925369737679773,0.9423933481298871,0.6925369737679773
38769,0.37113288582209447,0.48321337128588726,0.37113288582209447
38770,0.02930454087891299,0.09297945557056907,0.02930454087891299
38771,0.026661985524292497,0.20027848915423696,0.026661985524292497
38772,0.12319551248009086,0.4920940647227637,0.12319551248009086
38773,0.15301641811019603,0.36205480644541377,0.15301641811019603
38774,0.1755532552082732,0.46581919044874176,0.1755532552082732
38775,0.4575994591954039,0.2864396119979974,0.4575994591954039
38776,0.053398079381146525,0.44562471482922433,0.053398079381146525
38777,0.24551727574137033,0.4648978644295541,0.24551727574137033
38778,0.09208526471200598,0.03582673247571091,0.09208526471200598
38779,0.01325669244169492,0.04200093978612288,0.01325669244169492
38780,0.4278132914569752,0.28046028188552463,0.4278132914569752
38781,0.10546994889502613,0.2170909306519443,0.10546994889502613
38782,0.05968368184732864,0.1838774045967561,0.05968368184732864
38783,0.15061242825736978,0.3338588212983281,0.15061242825736978
38784,0.5097635781693232,0.6362215599973794,0.5097635781693232
38785,0.06576952541882566,0.6965626274889092,0.06576952541882566
38786,0.04302707221399766,0.25178167336818735,0.04302707221399766
38787,0.2542207567156988,0.5306416001581278,0.2542207567156988
38788,0.07329154285779901,0.17501841145798905,0.07329154285779901
38789,0.23651687019005121,0.9223267589464074,0.23651687019005121
38790,0.22196546164088538,0.5455194217438128,0.22196546164088538
38791,0.26590479234324105,0.18065636901459148,0.26590479234324105
38792,0.4367124059688102,0.7448603326688465,0.4367124059688102
38793,0.3046465910973848,0.7818897536477971,0.3046465910973848
38794,0.13992322116181852,0.4904307811976224,0.13992322116181852
38795,0.4075221057443951,0.0633805594159079,0.4075221057443951
38796,0.10517404071726463,0.4367001908340722,0.10517404071726463
38797,0.020951381084195607,0.528722195485145,0.020951381084195607
38798,0.07299632839015953,0.4204797144330532,0.07299632839015953
38799,0.05686008080056049,0.5044181908692614,0.05686008080056049
38800,0.05160321545030624,0.1570741738245132,0.05160321545030624
38801,0.032583252559092835,0.06025914344541954,0.032583252559092835
38802,0.0541360709811979,0.48628889711772627,0.0541360709811979
38803,0.04325419286531043,0.5177830199357862,0.04325419286531043
38804,0.7609473557490634,0.6720992860206823,0.7609473557490634
38805,0.21461315543039583,0.7904886306849879,0.21461315543039583
38806,0.7325510057516041,0.9630657642595151,0.7325510057516041
38807,0.033583670322953736,0.0508175977269135,0.033583670322953736
38808,0.03775818310232341,0.036305125680650426,0.03775818310232341
38809,0.16791282677723565,0.2132895137379686,0.16791282677723565
38810,0.12314810622134488,0.8339736624625504,0.12314810622134488
38811,0.06551626599495379,0.13703435119751506,0.06551626599495379
38812,0.2131232132053828,0.6893531254642253,0.2131232132053828
38813,0.07072702681188005,0.015467196511106207,0.07072702681188005
38814,0.4324548315478703,0.7769486118337452,0.4324548315478703
38815,0.027671026999115177,0.21123267382132777,0.027671026999115177
38816,0.1039799225098211,0.8172022172370841,0.1039799225098211
38817,0.132363709153201,0.2883110026872922,0.132363709153201
38818,0.6729650823369221,0.45706663758338173,0.6729650823369221
38819,0.05001605775541902,0.21713232070998276,0.05001605775541902
38820,0.03597977791827311,0.12106139739423417,0.03597977791827311
38821,0.03672478805676249,0.10467846832301557,0.03672478805676249
38822,0.07542912457389402,0.5577103430119874,0.07542912457389402
38823,0.1172258859292831,0.022919715658380767,0.1172258859292831
38824,0.376773895934969,0.08292723351999723,0.376773895934969
38825,0.3019904048970805,0.2341664367365471,0.3019904048970805
38826,0.12215561097239949,0.6242226475871173,0.12215561097239949
38827,0.43192761630612003,0.10918122408099872,0.43192761630612003
38828,0.05612720746083493,0.27381481997840246,0.05612720746083493
38829,0.07035927788123289,0.49946611191612283,0.07035927788123289
38830,0.13416609826507353,0.7820989446071149,0.13416609826507353
38831,0.02632300380879092,0.060296259763069564,0.02632300380879092
38832,0.13636214427117196,0.3466098461353204,0.13636214427117196
38833,0.08512155980702596,0.400064237839779,0.08512155980702596
38834,0.04230451671585811,0.03300856889504153,0.04230451671585811
38835,0.09634657632075548,0.45379440078012045,0.09634657632075548
38836,0.054350466699371644,0.20261376983140672,0.054350466699371644
38837,0.3627141586999707,0.18663730555643135,0.3627141586999707
38838,0.1267049622422851,0.05967611203964483,0.1267049622422851
38839,0.067977280773561,0.1657090656198534,0.067977280773561
38840,0.0650861383938881,0.2759562070703015,0.0650861383938881
38841,0.024541676681510975,0.1876423872523921,0.024541676681510975
38842,0.6794349315743798,0.882208352536727,0.6794349315743798
38843,0.08478539833414174,0.5081057965257263,0.08478539833414174
38844,0.07069771180955128,0.05639078688894823,0.07069771180955128
38845,0.07025571214297535,0.3426776536666385,0.07025571214297535
38846,0.1291495733344239,0.9147237144866839,0.1291495733344239
38847,0.2451491582512421,0.048640856991250064,0.2451491582512421
38848,0.06424940163295957,0.8882978249383396,0.06424940163295957
38849,0.606640504900941,0.3623923849932225,0.606640504900941
38850,0.11128822092205184,0.7250107151598808,0.11128822092205184
38851,0.11339535920008452,0.8621355148279725,0.11339535920008452
38852,0.08612748556632313,0.5905410938469261,0.08612748556632313
38853,0.055614512824940135,0.04649108384761562,0.055614512824940135
38854,0.11826719556829551,0.3522704673457068,0.11826719556829551
38855,0.12597251067817994,0.494668615219067,0.12597251067817994
38856,0.040457386601479094,0.24781453202745582,0.040457386601479094
38857,0.05568601683437879,0.11286507199424316,0.05568601683437879
38858,0.11336804787476105,0.7487636727976883,0.11336804787476105
38859,0.3182430614731952,0.4939479232069887,0.3182430614731952
38860,0.07879095345603268,0.09732146674028624,0.07879095345603268
38861,0.010368279755449714,0.0660036905313975,0.010368279755449714
38862,0.095309392716016,0.793073827409312,0.095309392716016
38863,0.06040192926257029,0.1898243464276915,0.06040192926257029
38864,0.12298510964911774,0.7393653138877849,0.12298510964911774
38865,0.075364036612324,0.15874662410956908,0.075364036612324
38866,0.05362142912632488,0.06666267708411915,0.05362142912632488
38867,0.03084731830461299,0.07896292639349001,0.03084731830461299
38868,0.048992250200996616,0.06581499669116558,0.048992250200996616
38869,0.04752522702787696,0.33347964686599446,0.04752522702787696
38870,0.3229474803028512,0.8739607926118972,0.3229474803028512
38871,0.013923805344561224,0.027899993797628288,0.013923805344561224
38872,0.04471019650901519,0.1302313375006731,0.04471019650901519
38873,0.006041701640137918,0.041758333055106726,0.006041701640137918
38874,0.09922099388051678,0.7065269748263149,0.09922099388051678
38875,0.7346952210252685,0.41875289002401817,0.7346952210252685
38876,0.1609056849220393,0.19999048273157086,0.1609056849220393
38877,0.0737136282734399,0.30147799646020057,0.0737136282734399
38878,0.08425751875884359,0.4558823779782295,0.08425751875884359
38879,0.12652433293869184,0.3726496768709347,0.12652433293869184
38880,0.11440842453204977,0.7890893547529289,0.11440842453204977
38881,0.6401477004660872,0.17819843385955483,0.6401477004660872
38882,0.10509673305576267,0.543880486916402,0.10509673305576267
38883,0.21018504978600658,0.4137537953177943,0.21018504978600658
38884,0.11225317003691954,0.7937093330203344,0.11225317003691954
38885,0.05722445234949975,0.2352049918503302,0.05722445234949975
38886,0.1705161697552293,0.6818946421937861,0.1705161697552293
38887,0.043471366664541655,0.39885001671676756,0.043471366664541655
38888,0.21961027613450299,0.6834467949302362,0.21961027613450299
38889,0.07780459576871505,0.39658555786430205,0.07780459576871505
38890,0.6989918035862721,0.395980716085594,0.6989918035862721
38891,0.3167839326159792,0.8480835161535176,0.3167839326159792
38892,0.16341587573244348,0.9078375162751604,0.16341587573244348
38893,0.349465840801181,0.7823053979593274,0.349465840801181
38894,0.8419489470564808,0.9041760169241236,0.8419489470564808
38895,0.6214989207277305,0.7410857585976002,0.6214989207277305
38896,0.05981084411347324,0.20250746333054886,0.05981084411347324
38897,0.3006103779790018,0.04864932638508893,0.3006103779790018
38898,0.6308816333943181,0.5495410086746234,0.6308816333943181
38899,0.027346349332505276,0.0555155321226848,0.027346349332505276
38900,0.6844733308981601,0.9638235588543402,0.6844733308981601
38901,0.10141787061308001,0.5259813570663683,0.10141787061308001
38902,0.18529024189142057,0.13989931469582667,0.18529024189142057
38903,0.5169215923701738,0.9414830104014914,0.5169215923701738
38904,0.04362252723330729,0.02419393228423629,0.04362252723330729
38905,0.029537607820039464,0.013517511903816455,0.029537607820039464
38906,0.18013052717453606,0.4393129160859742,0.18013052717453606
38907,0.5093471444863448,0.7355640678065756,0.5093471444863448
38908,0.043096588593894605,0.1394562434626193,0.043096588593894605
38909,0.060452907578030395,0.209538333058801,0.060452907578030395
38910,0.06380208647944983,0.18153556029977988,0.06380208647944983
38911,0.21457346582508183,0.10010442574941648,0.21457346582508183
38912,0.13372101114653145,0.7380290777301409,0.13372101114653145
38913,0.6404787521046942,0.51673268788773,0.6404787521046942
38914,0.04325621758244572,0.1575958782620376,0.04325621758244572
38915,0.1150845066401775,0.6000014462193828,0.1150845066401775
38916,0.7072355355968934,0.576962375108772,0.7072355355968934
38917,0.18869204380258592,0.3193148884143403,0.18869204380258592
38918,0.10857182308108625,0.22432826934503258,0.10857182308108625
38919,0.14582347694896058,0.16424603684298258,0.14582347694896058
38920,0.1853736301408434,0.8173760683087112,0.1853736301408434
38921,0.06468148739569927,0.13519601923184663,0.06468148739569927
38922,0.062458789357741795,0.10232349999582624,0.062458789357741795
38923,0.07575510304709471,0.7437064211638248,0.07575510304709471
38924,0.12708258024600586,0.1646069422510746,0.12708258024600586
38925,0.7675841437217621,0.7540322460731701,0.7675841437217621
38926,0.16952050653357578,0.4083167524190536,0.16952050653357578
38927,0.04587298241812908,0.14045492168137846,0.04587298241812908
38928,0.04802554193972863,0.3183667603440381,0.04802554193972863
38929,0.12559278566083987,0.7033624212559957,0.12559278566083987
38930,0.030735366702730287,0.045295217852964594,0.030735366702730287
38931,0.11187670940495735,0.38913459044366083,0.11187670940495735
38932,0.9090920636556619,0.9204827167675301,0.9090920636556619
38933,0.12522428548393952,0.3862960183026377,0.12522428548393952
38934,0.07535079377115886,0.17155949300208034,0.07535079377115886
38935,0.16703930421209767,0.40101390425234773,0.16703930421209767
38936,0.255947688529716,0.3224807748893445,0.255947688529716
38937,0.1731071771591943,0.23592997909711647,0.1731071771591943
38938,0.12684589109558755,0.3549946557551028,0.12684589109558755
38939,0.7021165219657166,0.3824874561046087,0.7021165219657166
38940,0.33209053096657354,0.9170849015377411,0.33209053096657354
38941,0.0056036282071924666,0.09292694639763194,0.0056036282071924666
38942,0.018231179704432453,0.05045340894783096,0.018231179704432453
38943,0.684433872240343,0.7500800737209623,0.684433872240343
38944,0.782173804988064,0.9443364377645158,0.782173804988064
38945,0.03568390820163823,0.46850394194198247,0.03568390820163823
38946,0.7399895120162289,0.4889872849430891,0.7399895120162289
38947,0.059526898236020635,0.607478076219468,0.059526898236020635
38948,0.5515202217485203,0.4364691651052515,0.5515202217485203
38949,0.3369680941038956,0.15424099896453353,0.3369680941038956
38950,0.23815022412824208,0.20760385988673932,0.23815022412824208
38951,0.08813678464662528,0.7749934933645993,0.08813678464662528
38952,0.041927511011747375,0.6532310957666964,0.041927511011747375
38953,0.05642096770243618,0.25374825540582435,0.05642096770243618
38954,0.625014095017395,0.6133256687749461,0.625014095017395
38955,0.23511351048878357,0.7195169258667956,0.23511351048878357
38956,0.06037865667423001,0.48960615230347787,0.06037865667423001
38957,0.10518421179493886,0.14223066105155197,0.10518421179493886
38958,0.030656922334909614,0.08191987304710302,0.030656922334909614
38959,0.03876907669850251,0.16524577716043487,0.03876907669850251
38960,0.027804676691408296,0.16867265508262744,0.027804676691408296
38961,0.0664269967794426,0.3363707837971292,0.0664269967794426
38962,0.07646423453825735,0.19078204501778934,0.07646423453825735
38963,0.08645656027386224,0.46556079354091917,0.08645656027386224
38964,0.09425076826972287,0.12340466852070987,0.09425076826972287
38965,0.500086580309199,0.10759355141451732,0.500086580309199
38966,0.03576011650506688,0.20011647818982198,0.03576011650506688
38967,0.0109834907208113,0.10855238928755785,0.0109834907208113
38968,0.06290528324883596,0.6022466072900958,0.06290528324883596
38969,0.26079849115312376,0.5995666160887677,0.26079849115312376
38970,0.07336992200741453,0.0471242634201405,0.07336992200741453
38971,0.2702097999594118,0.89529280521203,0.2702097999594118
38972,0.09443438037964844,0.29259684952134957,0.09443438037964844
38973,0.07407119143091136,0.5940041297428553,0.07407119143091136
38974,0.5703825238414713,0.8830048261011327,0.5703825238414713
38975,0.08890547096967492,0.13176367094272104,0.08890547096967492
38976,0.572027792838029,0.8071787193659324,0.572027792838029
38977,0.045598825261147044,0.11948012809535845,0.045598825261147044
38978,0.1570824961485436,0.040204665812264465,0.1570824961485436
38979,0.04066448124623519,0.3654002409701252,0.04066448124623519
38980,0.18731048682257792,0.699520637877598,0.18731048682257792
38981,0.0323201079045985,0.04248643075496906,0.0323201079045985
38982,0.4949582806899456,0.8056731118639092,0.4949582806899456
38983,0.07271098763753389,0.07967531463073371,0.07271098763753389
38984,0.26406596554972184,0.5796597601092163,0.26406596554972184
38985,0.11085933164021015,0.7069121798167339,0.11085933164021015
38986,0.16765780994183385,0.3664869088071094,0.16765780994183385
38987,0.034148095791599,0.301443278098548,0.034148095791599
38988,0.0946475068703618,0.9237084156467228,0.0946475068703618
38989,0.14516094430967388,0.7752381631453459,0.14516094430967388
38990,0.05811654324242441,0.14586945317854713,0.05811654324242441
38991,0.25733577957313186,0.1751225185984325,0.25733577957313186
38992,0.15092537490910668,0.21079465490991145,0.15092537490910668
38993,0.6374442337594088,0.08897899282286027,0.6374442337594088
38994,0.03512903215941076,0.4550910209538055,0.03512903215941076
38995,0.05801841767308791,0.46866497841985416,0.05801841767308791
38996,0.043805832925217975,0.7141165433479804,0.043805832925217975
38997,0.032884740461267416,0.15037256441724506,0.032884740461267416
38998,0.1272194210241641,0.24809895097578855,0.1272194210241641
38999,0.02792119632197292,0.3086098997871036,0.02792119632197292
39000,0.43604424687603777,0.7243708280174408,0.43604424687603777
39001,0.06642210344414817,0.31434378685938935,0.06642210344414817
39002,0.051156630731763665,0.10604126527441,0.051156630731763665
39003,0.3065735021925862,0.7651072644113827,0.3065735021925862
39004,0.3141008127611839,0.8753578628920125,0.3141008127611839
39005,0.16823765451106154,0.25533482377459144,0.16823765451106154
39006,0.4427132349618079,0.34390728116000596,0.4427132349618079
39007,0.02985654348166717,0.07069313970787514,0.02985654348166717
39008,0.14525246559940103,0.6149787345413232,0.14525246559940103
39009,0.04723798387088037,0.5264981667195344,0.04723798387088037
39010,0.6048492772343741,0.7029347787419309,0.6048492772343741
39011,0.07772496586274581,0.2657860387322938,0.07772496586274581
39012,0.05840897734166366,0.12373751931356444,0.05840897734166366
39013,0.32437651435405424,0.47401584713368294,0.32437651435405424
39014,0.22127275129286017,0.11522419407064516,0.22127275129286017
39015,0.0517561778189003,0.7206118854220642,0.0517561778189003
39016,0.11785090007741576,0.08971567122909183,0.11785090007741576
39017,0.031872692943153126,0.09995630008212071,0.031872692943153126
39018,0.5800057303269753,0.7835128190062736,0.5800057303269753
39019,0.13046429591749964,0.528361163333991,0.13046429591749964
39020,0.05628654854262069,0.7863673349193508,0.05628654854262069
39021,0.1156247084974213,0.16930791298779532,0.1156247084974213
39022,0.3631877837079414,0.8077131300735763,0.3631877837079414
39023,0.8801506673623258,0.9189605006416884,0.8801506673623258
39024,0.13442664514357197,0.29772545401984285,0.13442664514357197
39025,0.013326073883293122,0.08032411755039681,0.013326073883293122
39026,0.08314186376495293,0.1278671443096763,0.08314186376495293
39027,0.028517518357539785,0.2235212097144355,0.028517518357539785
39028,0.49266967521766597,0.8817133740939713,0.49266967521766597
39029,0.03638260975873407,0.13367251645025666,0.03638260975873407
39030,0.10937979286562442,0.44416836859317316,0.10937979286562442
39031,0.0919425980963049,0.0949536930859961,0.0919425980963049
39032,0.08867828163035277,0.11512757275117985,0.08867828163035277
39033,0.03932629152606589,0.1788311545531946,0.03932629152606589
39034,0.18441332797123472,0.40362521196566575,0.18441332797123472
39035,0.06524831222306446,0.3273669065873996,0.06524831222306446
39036,0.07928915631099123,0.21953320675845667,0.07928915631099123
39037,0.2993152240167868,0.4756238478590868,0.2993152240167868
39038,0.049489814475939364,0.2630808672587534,0.049489814475939364
39039,0.036318573079489866,0.03941304725706471,0.036318573079489866
39040,0.09434889499781404,0.6199014225195973,0.09434889499781404
39041,0.08362316788380376,0.15083851815960805,0.08362316788380376
39042,0.042527314772685156,0.7693750869160277,0.042527314772685156
39043,0.10289726851755054,0.08921234593536045,0.10289726851755054
39044,0.4935282345988494,0.90345931401872,0.4935282345988494
39045,0.04587008604235634,0.40519419617968777,0.04587008604235634
39046,0.021587698547085307,0.03713008372586614,0.021587698547085307
39047,0.14324638836809264,0.3155880097186352,0.14324638836809264
39048,0.18108485178812841,0.6771128710697263,0.18108485178812841
39049,0.12287563402881516,0.2903031500072532,0.12287563402881516
39050,0.08136368878738233,0.4669741537649092,0.08136368878738233
39051,0.034162945604101706,0.10294818850450525,0.034162945604101706
39052,0.7327308815381172,0.6162879842214599,0.7327308815381172
39053,0.5974560909495423,0.36961220053486354,0.5974560909495423
39054,0.02576786597526216,0.1259554242771769,0.02576786597526216
39055,0.09608221369407183,0.1563485000234242,0.09608221369407183
39056,0.04165607746294657,0.05277397160477583,0.04165607746294657
39057,0.13614572201241446,0.3275871973544303,0.13614572201241446
39058,0.05630175914825194,0.05358217690104807,0.05630175914825194
39059,0.12832248766439755,0.1820832753528227,0.12832248766439755
39060,0.12712785993833903,0.21053713217020523,0.12712785993833903
39061,0.05297367628787275,0.2091873214444527,0.05297367628787275
39062,0.08255410558753683,0.40914387491710325,0.08255410558753683
39063,0.2869384840705359,0.2861752938105446,0.2869384840705359
39064,0.11063105677317421,0.1687895166634106,0.11063105677317421
39065,0.2647469393124562,0.47348144162803585,0.2647469393124562
39066,0.07377933409374603,0.6624334129730842,0.07377933409374603
39067,0.19705434840904326,0.45492957441181997,0.19705434840904326
39068,0.010703282746066991,0.01623250812250211,0.010703282746066991
39069,0.12900515154971545,0.3861096412429356,0.12900515154971545
39070,0.10171336676316972,0.7556703859789644,0.10171336676316972
39071,0.1179768622012259,0.28938105228230465,0.1179768622012259
39072,0.0652349368703567,0.15990916651158205,0.0652349368703567
39073,0.33098495982586695,0.5872339980110011,0.33098495982586695
39074,0.20638152110004995,0.7940941033086416,0.20638152110004995
39075,0.06428181832846537,0.2596686940207846,0.06428181832846537
39076,0.02397031680938098,0.14749938349832784,0.02397031680938098
39077,0.12909567514792925,0.23738637233836435,0.12909567514792925
39078,0.07860104303916352,0.07447845707989774,0.07860104303916352
39079,0.11684479066825156,0.33744718147999225,0.11684479066825156
39080,0.12406009898546738,0.4438744402073867,0.12406009898546738
39081,0.1210636541100336,0.14775299023362978,0.1210636541100336
39082,0.08828041174084478,0.024945798242111152,0.08828041174084478
39083,0.017174929284901826,0.02731142948924384,0.017174929284901826
39084,0.20193131087876365,0.7617347661626607,0.20193131087876365
39085,0.2178113362823944,0.5629426606232211,0.2178113362823944
39086,0.05972222760535535,0.18512733430469402,0.05972222760535535
39087,0.5723565964720665,0.5574735196007862,0.5723565964720665
39088,0.7520996480992284,0.8637690761798634,0.7520996480992284
39089,0.04807212314500217,0.27761961595968143,0.04807212314500217
39090,0.5763158285467859,0.6502161222512541,0.5763158285467859
39091,0.2175084761559589,0.8326031618428843,0.2175084761559589
39092,0.22140228643703536,0.4243251460256484,0.22140228643703536
39093,0.19754356209991605,0.4168544848466329,0.19754356209991605
39094,0.07241757081839371,0.15571761117552285,0.07241757081839371
39095,0.519651064513354,0.2419011385518742,0.519651064513354
39096,0.02689440642161123,0.10608635735096286,0.02689440642161123
39097,0.12992074292829753,0.8882958873822393,0.12992074292829753
39098,0.02345450791656423,0.25493328072049626,0.02345450791656423
39099,0.1893969799503493,0.08940155816860348,0.1893969799503493
39100,0.09960153054397632,0.3841163503087998,0.09960153054397632
39101,0.098254599600782,0.257913808122935,0.098254599600782
39102,0.052412482068655675,0.43726311178210064,0.052412482068655675
39103,0.11041714880079144,0.21679772314241835,0.11041714880079144
39104,0.06982879223905268,0.27670976912235523,0.06982879223905268
39105,0.35854552495592573,0.608017885779548,0.35854552495592573
39106,0.07079221671551353,0.42732467141443,0.07079221671551353
39107,0.16852749245624168,0.6351740332908317,0.16852749245624168
39108,0.629765221245808,0.16431394290103676,0.629765221245808
39109,0.10794302698773053,0.7075330055987732,0.10794302698773053
39110,0.07926546205427977,0.8480463056038888,0.07926546205427977
39111,0.2028206068169232,0.5404954795784566,0.2028206068169232
39112,0.2704094421524077,0.7465323993285877,0.2704094421524077
39113,0.1462868229919829,0.8682628557853117,0.1462868229919829
39114,0.3877292342993581,0.524006010828107,0.3877292342993581
39115,0.05454770517234349,0.10392786510839136,0.05454770517234349
39116,0.031122673888697758,0.115743087156743,0.031122673888697758
39117,0.06271589498439259,0.646115509876257,0.06271589498439259
39118,0.05547078013956251,0.2273410958032067,0.05547078013956251
39119,0.49833766459770446,0.5368958426415842,0.49833766459770446
39120,0.7173007889800161,0.8355610310509245,0.7173007889800161
39121,0.05890234409363467,0.13751729521091327,0.05890234409363467
39122,0.07716089649543972,0.27987960107378257,0.07716089649543972
39123,0.08173542737494864,0.8620251410475186,0.08173542737494864
39124,0.23168409692143058,0.8662881007552622,0.23168409692143058
39125,0.061303794785265424,0.29840365160199633,0.061303794785265424
39126,0.08504996851759739,0.38131157546014605,0.08504996851759739
39127,0.41815918256130474,0.8898947670919505,0.41815918256130474
39128,0.022903366670472027,0.466811791619218,0.022903366670472027
39129,0.1463605478382254,0.17714241114053553,0.1463605478382254
39130,0.585070314340343,0.7307104675327533,0.585070314340343
39131,0.5191614378934994,0.598842285449238,0.5191614378934994
39132,0.09909899616574556,0.8660591547655897,0.09909899616574556
39133,0.018142142113800202,0.02928582763669908,0.018142142113800202
39134,0.13608433114097426,0.2925453386609167,0.13608433114097426
39135,0.060966344660350794,0.12428084763662474,0.060966344660350794
39136,0.11445381844249165,0.39043834692998397,0.11445381844249165
39137,0.05986603355209396,0.7400888061137602,0.05986603355209396
39138,0.10401232008851978,0.20571492068394748,0.10401232008851978
39139,0.09422557142743142,0.599550979519707,0.09422557142743142
39140,0.46957952725378854,0.6042209756337221,0.46957952725378854
39141,0.7012437419654374,0.39565933520119484,0.7012437419654374
39142,0.07099442551074897,0.3700925865286019,0.07099442551074897
39143,0.05756526364328218,0.14799327245047159,0.05756526364328218
39144,0.05735419635018099,0.44918138713593136,0.05735419635018099
39145,0.2662451299104469,0.7744474500788988,0.2662451299104469
39146,0.14502284824858658,0.06743495708375963,0.14502284824858658
39147,0.004836923237499406,0.10281494469062967,0.004836923237499406
39148,0.08931115502321256,0.2479725928400528,0.08931115502321256
39149,0.08604053788512764,0.6328397666343609,0.08604053788512764
39150,0.03464851793646185,0.11956029141923052,0.03464851793646185
39151,0.014198362950782067,0.04759186504091646,0.014198362950782067
39152,0.06387551571878365,0.8298222929117365,0.06387551571878365
39153,0.09167327846003138,0.2705471620741192,0.09167327846003138
39154,0.034970372699115924,0.22267467865361834,0.034970372699115924
39155,0.31555882200062807,0.6928820357056976,0.31555882200062807
39156,0.43021709948345266,0.638557613515957,0.43021709948345266
39157,0.11230266532305204,0.384032751748429,0.11230266532305204
39158,0.10657062017788792,0.08955958302711521,0.10657062017788792
39159,0.06962320644958005,0.09477842900422173,0.06962320644958005
39160,0.11441927591589493,0.3804260209430151,0.11441927591589493
39161,0.1193421131995803,0.6299960408465496,0.1193421131995803
39162,0.15524663974163652,0.2897002380013866,0.15524663974163652
39163,0.1314528142256216,0.6848731889979294,0.1314528142256216
39164,0.17407974874346688,0.1787938175903903,0.17407974874346688
39165,0.07925181442719077,0.884452272721741,0.07925181442719077
39166,0.026433333217224558,0.46522338632745747,0.026433333217224558
39167,0.013957161726191762,0.46101654413645526,0.013957161726191762
39168,0.050629430380453165,0.15559423647675538,0.050629430380453165
39169,0.045733606315120294,0.23611340843844142,0.045733606315120294
39170,0.5125519915063288,0.6722977283840262,0.5125519915063288
39171,0.03890387685679264,0.483950392216662,0.03890387685679264
39172,0.7230764591653508,0.6670032317200271,0.7230764591653508
39173,0.06545800162315535,0.38094067405667553,0.06545800162315535
39174,0.02307966023529614,0.8323227307918065,0.02307966023529614
39175,0.15361491972724944,0.24638220037057768,0.15361491972724944
39176,0.34266605583728443,0.18842587794136312,0.34266605583728443
39177,0.06768236602241638,0.720645965852691,0.06768236602241638
39178,0.07534543492941852,0.48557879895012174,0.07534543492941852
39179,0.04548863470097949,0.26191636991385486,0.04548863470097949
39180,0.35405348944257564,0.8401081825056093,0.35405348944257564
39181,0.16750599764545884,0.46074159045069246,0.16750599764545884
39182,0.11157805270683531,0.2177177656197554,0.11157805270683531
39183,0.6324495448218302,0.7786522333304888,0.6324495448218302
39184,0.12164481841723676,0.19431283829377377,0.12164481841723676
39185,0.3486329676602055,0.7121164002522908,0.3486329676602055
39186,0.05393317996741944,0.49663829743894283,0.05393317996741944
39187,0.04454239762237879,0.19933615460529536,0.04454239762237879
39188,0.7255540028934145,0.6622010461702309,0.7255540028934145
39189,0.019262010334635274,0.23643555653225842,0.019262010334635274
39190,0.11937010684549065,0.36898302168006547,0.11937010684549065
39191,0.4747869629309386,0.38887402536239235,0.4747869629309386
39192,0.1100070570522164,0.35559020592886637,0.1100070570522164
39193,0.18666316231117203,0.5887899863515367,0.18666316231117203
39194,0.0455845897483041,0.17612837986193447,0.0455845897483041
39195,0.06457960848764827,0.14681739285991224,0.06457960848764827
39196,0.14054766809731145,0.5536655052355461,0.14054766809731145
39197,0.5071845578571729,0.4109321815093809,0.5071845578571729
39198,0.16317753393497486,0.45000154876572035,0.16317753393497486
39199,0.23066286586693563,0.5312752062187767,0.23066286586693563
39200,0.05449547898771726,0.12053880977540596,0.05449547898771726
39201,0.10498491144395108,0.8092101996793504,0.10498491144395108
39202,0.027507844198400157,0.15477730062003028,0.027507844198400157
39203,0.190916363765891,0.5091601572190902,0.190916363765891
39204,0.06371265336165963,0.8025906707886722,0.06371265336165963
39205,0.02827971276407985,0.08279830428439403,0.02827971276407985
39206,0.840580558934832,0.840685996506263,0.840580558934832
39207,0.1261686559677243,0.7918722410781398,0.1261686559677243
39208,0.04299746549287383,0.3427643037032051,0.04299746549287383
39209,0.04745852350549948,0.6034413392971705,0.04745852350549948
39210,0.30068520392527937,0.11842208457437914,0.30068520392527937
39211,0.018289502936089018,0.08533694988119166,0.018289502936089018
39212,0.026906348369536516,0.1954112448044313,0.026906348369536516
39213,0.12853884764929424,0.4286755564280615,0.12853884764929424
39214,0.337377051004124,0.9332244696156314,0.337377051004124
39215,0.41752378943735796,0.9160872695062351,0.41752378943735796
39216,0.025627813374420445,0.20272115520250608,0.025627813374420445
39217,0.010931056243327004,0.45756327465534563,0.010931056243327004
39218,0.1210943044974464,0.787065670108707,0.1210943044974464
39219,0.02519988626509865,0.1932082201251279,0.02519988626509865
39220,0.17138321593723982,0.5195426245283614,0.17138321593723982
39221,0.7612878334590022,0.8762363093470552,0.7612878334590022
39222,0.47683594225913467,0.7251984377837308,0.47683594225913467
39223,0.014020523323216509,0.06280800027152136,0.014020523323216509
39224,0.07827467550944567,0.2822529482748845,0.07827467550944567
39225,0.3665648389103792,0.38807019749707516,0.3665648389103792
39226,0.16677944943616038,0.2375300247829646,0.16677944943616038
39227,0.1140188511045364,0.15389523664608812,0.1140188511045364
39228,0.1009478451997017,0.13310627088660631,0.1009478451997017
39229,0.17403237738369634,0.7180477912585305,0.17403237738369634
39230,0.07226271758831936,0.10653390484366854,0.07226271758831936
39231,0.0674854049535532,0.3403809027940011,0.0674854049535532
39232,0.4452010557500642,0.8315114420155147,0.4452010557500642
39233,0.21444738962402368,0.8217219492932066,0.21444738962402368
39234,0.13650650294113023,0.9532124409743531,0.13650650294113023
39235,0.08808197567628503,0.2930387598735847,0.08808197567628503
39236,0.01909017766399424,0.07026558117091346,0.01909017766399424
39237,0.07576643468026877,0.08434174345511371,0.07576643468026877
39238,0.30296425754087913,0.7547954180519637,0.30296425754087913
39239,0.05492463690208895,0.14414595185243206,0.05492463690208895
39240,0.19455210678936588,0.5361604889640904,0.19455210678936588
39241,0.9306541341619354,0.9449215420156433,0.9306541341619354
39242,0.0854627621023633,0.3336732495599665,0.0854627621023633
39243,0.6529557207770437,0.5486843056570325,0.6529557207770437
39244,0.07300897411366641,0.31038431218599544,0.07300897411366641
39245,0.03887083413577301,0.31128183511603585,0.03887083413577301
39246,0.1458390608305033,0.41281025049857206,0.1458390608305033
39247,0.2761349387149012,0.43872052316339527,0.2761349387149012
39248,0.16369009274595328,0.825299792348694,0.16369009274595328
39249,0.36801524200031716,0.43959748211792904,0.36801524200031716
39250,0.21186920329672296,0.37666117173863467,0.21186920329672296
39251,0.36460444099543804,0.5247766766339095,0.36460444099543804
39252,0.013818094729494284,0.49735587600546316,0.013818094729494284
39253,0.03227304656405393,0.11871945269578724,0.03227304656405393
39254,0.2308271290468201,0.26702723363031367,0.2308271290468201
39255,0.0656607195384187,0.4637252252948041,0.0656607195384187
39256,0.28759946001180053,0.4545943191636991,0.28759946001180053
39257,0.1299606389799967,0.2681247309460332,0.1299606389799967
39258,0.4858286285225962,0.8143345442605309,0.4858286285225962
39259,0.04465402476569215,0.035548360820023946,0.04465402476569215
39260,0.05059251176471684,0.07731844644338835,0.05059251176471684
39261,0.03258264184878499,0.11901712155447625,0.03258264184878499
39262,0.3938641980291502,0.6135417870543103,0.3938641980291502
39263,0.019936278910255158,0.045753192973752806,0.019936278910255158
39264,0.23190909618720648,0.3501727006669879,0.23190909618720648
39265,0.07088146228077172,0.7495246941773004,0.07088146228077172
39266,0.09515562630411172,0.519304720711946,0.09515562630411172
39267,0.03263726948276867,0.10658627143124057,0.03263726948276867
39268,0.07478275006235054,0.26013271826619283,0.07478275006235054
39269,0.13024205516753015,0.8465090088091171,0.13024205516753015
39270,0.03995897346733431,0.044042394833952364,0.03995897346733431
39271,0.061241216052826224,0.501462994524184,0.061241216052826224
39272,0.08615256662467694,0.29440094687719265,0.08615256662467694
39273,0.2847938964423429,0.5511060216429571,0.2847938964423429
39274,0.0991830041295989,0.18202884431078387,0.0991830041295989
39275,0.08371343474087388,0.47228212531194635,0.08371343474087388
39276,0.0951549219526749,0.5918795128233252,0.0951549219526749
39277,0.12018331908645281,0.19147706660127956,0.12018331908645281
39278,0.2941871948368991,0.7368130264113963,0.2941871948368991
39279,0.06287538071533735,0.8402954331205182,0.06287538071533735
39280,0.15112137044798352,0.7729464093955958,0.15112137044798352
39281,0.17588981572763038,0.35321291977261204,0.17588981572763038
39282,0.10624911041989404,0.8096474958298736,0.10624911041989404
39283,0.43778258704698503,0.8821542689704676,0.43778258704698503
39284,0.07261286032466042,0.2097277141481186,0.07261286032466042
39285,0.0828591018527025,0.06644178767376378,0.0828591018527025
39286,0.34328899720769196,0.31236793419219516,0.34328899720769196
39287,0.06811696153073545,0.6247487712862946,0.06811696153073545
39288,0.033541392713514646,0.33690241181314645,0.033541392713514646
39289,0.11212933733144435,0.5113989006147338,0.11212933733144435
39290,0.12152303573978152,0.29214324947497206,0.12152303573978152
39291,0.026994407683372683,0.26388676630036184,0.026994407683372683
39292,0.0946784261573924,0.06442479141080434,0.0946784261573924
39293,0.6576189530616465,0.29693216250189497,0.6576189530616465
39294,0.07706791396661103,0.22323872764716884,0.07706791396661103
39295,0.03134764230204244,0.3022855551231448,0.03134764230204244
39296,0.4687224215383825,0.8781092278251826,0.4687224215383825
39297,0.05180698271543058,0.3075826144822312,0.05180698271543058
39298,0.08008339883138729,0.3360855846073259,0.08008339883138729
39299,0.027817917020662688,0.3568694320220522,0.027817917020662688
39300,0.1111782291533606,0.07128548136654204,0.1111782291533606
39301,0.12513478137037284,0.6769918974529489,0.12513478137037284
39302,0.28194282524988945,0.21224680300852836,0.28194282524988945
39303,0.024124660998167066,0.04162563101704865,0.024124660998167066
39304,0.41581758795255974,0.42514549649821254,0.41581758795255974
39305,0.06061915000760836,0.3713850122943378,0.06061915000760836
39306,0.023050761738947222,0.3037827633023382,0.023050761738947222
39307,0.089979758751975,0.3146342750953419,0.089979758751975
39308,0.6995871033804733,0.809041742458396,0.6995871033804733
39309,0.8507155592047224,0.8215788609013164,0.8507155592047224
39310,0.048018976913616666,0.20990739401663983,0.048018976913616666
39311,0.4643014737517517,0.7527547269554545,0.4643014737517517
39312,0.06941178717453333,0.20033167160949666,0.06941178717453333
39313,0.06474420434794215,0.6454898767117128,0.06474420434794215
39314,0.714703856020883,0.6517681591173802,0.714703856020883
39315,0.26885542008557584,0.83644670457572,0.26885542008557584
39316,0.0745395564647171,0.09745187678698745,0.0745395564647171
39317,0.11102860890119907,0.3144304802794574,0.11102860890119907
39318,0.0666611493756154,0.0705499458081192,0.0666611493756154
39319,0.06505232284027312,0.7662448992934943,0.06505232284027312
39320,0.8483374078193314,0.7003148546523681,0.8483374078193314
39321,0.018283201115248674,0.1593733798356373,0.018283201115248674
39322,0.051107111575852286,0.136223192674235,0.051107111575852286
39323,0.03623979909107292,0.02261583406536142,0.03623979909107292
39324,0.04536585022296852,0.18350169651507686,0.04536585022296852
39325,0.14036819933521552,0.7894221995589694,0.14036819933521552
39326,0.3417981917654121,0.48306685315713754,0.3417981917654121
39327,0.04187674933394849,0.10059054912808957,0.04187674933394849
39328,0.3389561124248823,0.2110003342687552,0.3389561124248823
39329,0.35013329588344044,0.17403229254636543,0.35013329588344044
39330,0.3343849278904428,0.11204579128776392,0.3343849278904428
39331,0.06111171932830403,0.0657225756227546,0.06111171932830403
39332,0.09526214002495781,0.33944773779614545,0.09526214002495781
39333,0.10559406987314462,0.19529602579947397,0.10559406987314462
39334,0.052450998035531556,0.36448385397097105,0.052450998035531556
39335,0.09706145409671182,0.259080355349596,0.09706145409671182
39336,0.04334349810599552,0.16810920570168641,0.04334349810599552
39337,0.10663349714910635,0.24179965817129953,0.10663349714910635
39338,0.09340186740861214,0.5110038735520878,0.09340186740861214
39339,0.02295308217335956,0.21518579220631487,0.02295308217335956
39340,0.0440704907956899,0.16407204571024692,0.0440704907956899
39341,0.04829653917330477,0.0667534635207096,0.04829653917330477
39342,0.1737614030637221,0.46519435027534517,0.1737614030637221
39343,0.14565630240066896,0.27496549996245956,0.14565630240066896
39344,0.09808482786226275,0.8007259432042036,0.09808482786226275
39345,0.07652919075331877,0.47272752736341506,0.07652919075331877
39346,0.258257688082696,0.40825712599680697,0.258257688082696
39347,0.4994111283010511,0.4001162575172988,0.4994111283010511
39348,0.1510650400848028,0.35163813746354466,0.1510650400848028
39349,0.09676672297031064,0.7318133141490601,0.09676672297031064
39350,0.35760540154913245,0.535186540119686,0.35760540154913245
39351,0.10574751990865806,0.28194039182758596,0.10574751990865806
39352,0.02417142113955159,0.35588771328794,0.02417142113955159
39353,0.10541707214543235,0.7394417423827556,0.10541707214543235
39354,0.5889102552157021,0.44973612894169723,0.5889102552157021
39355,0.3310201496644635,0.49424338453204636,0.3310201496644635
39356,0.04311129844092798,0.2558182938477855,0.04311129844092798
39357,0.030883920389866582,0.1854761863276062,0.030883920389866582
39358,0.06840067311108047,0.06661119516920998,0.06840067311108047
39359,0.11761704201350402,0.5925597991484995,0.11761704201350402
39360,0.06303784177163207,0.4723756994941366,0.06303784177163207
39361,0.3622209062246207,0.4208744577499908,0.3622209062246207
39362,0.05274754129916743,0.159417751920766,0.05274754129916743
39363,0.044235458628757086,0.2537055084057184,0.044235458628757086
39364,0.25910096533303345,0.6974523659588915,0.25910096533303345
39365,0.016796363653536626,0.14242519523127598,0.016796363653536626
39366,0.14428494454133967,0.6812990963809762,0.14428494454133967
39367,0.03578130509576313,0.47837344558630157,0.03578130509576313
39368,0.06538451808365767,0.3362299606586718,0.06538451808365767
39369,0.059135529358505065,0.08466671453722185,0.059135529358505065
39370,0.042354136978890115,0.6135970191679456,0.042354136978890115
39371,0.1367765324120454,0.4501831716476782,0.1367765324120454
39372,0.7542576329775909,0.9297994556812125,0.7542576329775909
39373,0.03526986472296873,0.28511174797229294,0.03526986472296873
39374,0.6334129449729362,0.7339272702414741,0.6334129449729362
39375,0.024704185896175585,0.34114780599685895,0.024704185896175585
39376,0.6552134483646155,0.5618807551365337,0.6552134483646155
39377,0.14677466651024437,0.3757158835397719,0.14677466651024437
39378,0.11938641698216348,0.37456385596170816,0.11938641698216348
39379,0.8441307669284966,0.41084900150667003,0.8441307669284966
39380,0.07949006793981125,0.16263181027111603,0.07949006793981125
39381,0.0847989912648403,0.3735230131474063,0.0847989912648403
39382,0.09101778892250235,0.31075694708762297,0.09101778892250235
39383,0.04579634546623409,0.014015341762280791,0.04579634546623409
39384,0.13973521435540512,0.7421715703345805,0.13973521435540512
39385,0.035177075036624435,0.03592760025006388,0.035177075036624435
39386,0.4946766060295548,0.13884838981605688,0.4946766060295548
39387,0.09231540266228619,0.24774461417026092,0.09231540266228619
39388,0.1695173206475486,0.8075696829929012,0.1695173206475486
39389,0.20792848285006096,0.2628139201050336,0.20792848285006096
39390,0.7283634925033035,0.5158782365053403,0.7283634925033035
39391,0.25130880634902303,0.7347098386503835,0.25130880634902303
39392,0.7873827255296285,0.9648276280910678,0.7873827255296285
39393,0.7057736308566088,0.8756134536364425,0.7057736308566088
39394,0.15381763153723196,0.6287642738589573,0.15381763153723196
39395,0.48912714735551077,0.09420274256644752,0.48912714735551077
39396,0.06883107622325343,0.2421412665509172,0.06883107622325343
39397,0.10879227674633152,0.1535635732035803,0.10879227674633152
39398,0.09480475570240278,0.3358775996924843,0.09480475570240278
39399,0.4146571812603368,0.45380809261720184,0.4146571812603368
39400,0.025209722409926808,0.6446081143691758,0.025209722409926808
39401,0.37690565710383195,0.480817245239126,0.37690565710383195
39402,0.49421174654246286,0.714458731344154,0.49421174654246286
39403,0.07574068599001266,0.6125497095872258,0.07574068599001266
39404,0.09923810781790522,0.16724145005252833,0.09923810781790522
39405,0.03275922343399631,0.07216324355343359,0.03275922343399631
39406,0.10580417270974438,0.5612836415430799,0.10580417270974438
39407,0.07874062794612562,0.8350224886619901,0.07874062794612562
39408,0.05461259186850758,0.0721157740579679,0.05461259186850758
39409,0.023171822729238956,0.21473743207464416,0.023171822729238956
39410,0.09749398450961524,0.45138888275943845,0.09749398450961524
39411,0.07085700846241429,0.48632721583791455,0.07085700846241429
39412,0.08714178799527457,0.3514845959877239,0.08714178799527457
39413,0.17800795904146655,0.4864170196167794,0.17800795904146655
39414,0.021796082816364807,0.8708818403077857,0.021796082816364807
39415,0.049264882014589034,0.12077739983992557,0.049264882014589034
39416,0.09033023081912026,0.25873645326266287,0.09033023081912026
39417,0.7266390913433903,0.5340129957077276,0.7266390913433903
39418,0.5086789623925281,0.2995961317261705,0.5086789623925281
39419,0.034548778502562785,0.49703952760328,0.034548778502562785
39420,0.032398407907148624,0.06652696361755878,0.032398407907148624
39421,0.012711205797757624,0.009266762312700114,0.012711205797757624
39422,0.39872499080591567,0.11551178998590554,0.39872499080591567
39423,0.0737783971096267,0.8198034564769114,0.0737783971096267
39424,0.059524737604507716,0.1694471266512069,0.059524737604507716
39425,0.7151365842451203,0.5731446149422884,0.7151365842451203
39426,0.16740314256568326,0.20826919056856358,0.16740314256568326
39427,0.044560543287928085,0.7252909069217898,0.044560543287928085
39428,0.8391561428291837,0.6772797923121341,0.8391561428291837
39429,0.13284071882112822,0.7618543024153527,0.13284071882112822
39430,0.20112486635483226,0.06067015572426416,0.20112486635483226
39431,0.0830005804972966,0.043260800479506145,0.0830005804972966
39432,0.7181693110896998,0.7671522653835015,0.7181693110896998
39433,0.06328058884143951,0.14086259750655877,0.06328058884143951
39434,0.06504305742218583,0.6458041022516359,0.06504305742218583
39435,0.23936362463978342,0.2467410827049059,0.23936362463978342
39436,0.1281312589076363,0.7250110186713375,0.1281312589076363
39437,0.09877088655466254,0.6983774716951742,0.09877088655466254
39438,0.6723778245095773,0.6232446426956523,0.6723778245095773
39439,0.3136205062673065,0.36687755140863954,0.3136205062673065
39440,0.9059380500063674,0.9376232587404247,0.9059380500063674
39441,0.04580290093450472,0.08050908405797053,0.04580290093450472
39442,0.28839854359664463,0.7339903943325237,0.28839854359664463
39443,0.8392987112758776,0.924149581317754,0.8392987112758776
39444,0.05445624945239491,0.40542759385004956,0.05445624945239491
39445,0.0547838090740744,0.4665733931028096,0.0547838090740744
39446,0.06066798115603984,0.26438222402262385,0.06066798115603984
39447,0.545542716843302,0.6192152092712891,0.545542716843302
39448,0.058662168053546945,0.16935233556761223,0.058662168053546945
39449,0.13118893496882658,0.7205418324048298,0.13118893496882658
39450,0.024652375407842635,0.8252639798543141,0.024652375407842635
39451,0.03262223694407419,0.22843001635558322,0.03262223694407419
39452,0.15069394793406268,0.5612079624962524,0.15069394793406268
39453,0.07885536024670173,0.16171944794029983,0.07885536024670173
39454,0.21764431046153962,0.7097359653928906,0.21764431046153962
39455,0.19077244920348174,0.2758039134871024,0.19077244920348174
39456,0.07292118492618949,0.2098757799135493,0.07292118492618949
39457,0.11139256046959031,0.4246230513600455,0.11139256046959031
39458,0.05943895008686376,0.8341809886079055,0.05943895008686376
39459,0.013811243103299044,0.2469841750041041,0.013811243103299044
39460,0.12941609085893319,0.3344275304406583,0.12941609085893319
39461,0.08184496097836347,0.4388572351242518,0.08184496097836347
39462,0.3614495977224813,0.542020121168751,0.3614495977224813
39463,0.3105050659440542,0.3743638554640556,0.3105050659440542
39464,0.03660176956325212,0.19103038714227705,0.03660176956325212
39465,0.06445055770350039,0.20264555946665005,0.06445055770350039
39466,0.07027314516815471,0.2249873971744134,0.07027314516815471
39467,0.16268181153334157,0.43531996574875864,0.16268181153334157
39468,0.16320390258154027,0.3851245135448024,0.16320390258154027
39469,0.13120019370020192,0.21292627338913714,0.13120019370020192
39470,0.03860194350754251,0.5485930074966381,0.03860194350754251
39471,0.053383273548910155,0.02752769501003524,0.053383273548910155
39472,0.40819544772218214,0.5150213807768236,0.40819544772218214
39473,0.48392318157085334,0.3868279111482078,0.48392318157085334
39474,0.13159629406097123,0.5291651113609609,0.13159629406097123
39475,0.10754003119515008,0.7921006901636584,0.10754003119515008
39476,0.29206050434203573,0.22624733381307807,0.29206050434203573
39477,0.0329834285864806,0.29155941333887325,0.0329834285864806
39478,0.24836015674447634,0.39061287310259785,0.24836015674447634
39479,0.1795559720207591,0.4400913591280621,0.1795559720207591
39480,0.10353685279924121,0.4546594969239472,0.10353685279924121
39481,0.07824596730974329,0.7559063232394063,0.07824596730974329
39482,0.04129451934353037,0.8124873166258683,0.04129451934353037
39483,0.04345412492751862,0.21040269031969092,0.04345412492751862
39484,0.025630045110635758,0.031809854658899905,0.025630045110635758
39485,0.0432506555293291,0.2734824859056101,0.0432506555293291
39486,0.11643706272191952,0.34922149492278537,0.11643706272191952
39487,0.04776278733321109,0.44599725025031284,0.04776278733321109
39488,0.18953396013020077,0.33552381184597346,0.18953396013020077
39489,0.5348658390972085,0.33209574918016815,0.5348658390972085
39490,0.27102620560548996,0.7565182271795171,0.27102620560548996
39491,0.02510387418798379,0.11236631296491173,0.02510387418798379
39492,0.49255975510119604,0.9464720162800138,0.49255975510119604
39493,0.08963467840395863,0.2716040139060585,0.08963467840395863
39494,0.025653069712545128,0.4774629564089223,0.025653069712545128
39495,0.2928533069028053,0.23701906309843931,0.2928533069028053
39496,0.17584490676428655,0.7549785412431355,0.17584490676428655
39497,0.8383416603505319,0.7496763166643415,0.8383416603505319
39498,0.1402836113032765,0.17586168968467453,0.1402836113032765
39499,0.2549389845812381,0.5605213071850745,0.2549389845812381
39500,0.07141040911082229,0.35553989376626577,0.07141040911082229
39501,0.03338993022217451,0.07945368145508976,0.03338993022217451
39502,0.6525208980211215,0.49159404762754677,0.6525208980211215
39503,0.06985500399929406,0.27314625987057967,0.06985500399929406
39504,0.0754544845880569,0.17842736780319698,0.0754544845880569
39505,0.0805851344579699,0.10637061763886736,0.0805851344579699
39506,0.48657590346244156,0.7585808102579632,0.48657590346244156
39507,0.7671109739144075,0.6134768536895965,0.7671109739144075
39508,0.06204025844985578,0.2896610749679031,0.06204025844985578
39509,0.03671177609627903,0.34613457138160386,0.03671177609627903
39510,0.056257376675797485,0.30721875320728836,0.056257376675797485
39511,0.07868477950274759,0.1323774394213732,0.07868477950274759
39512,0.06667321970083935,0.08734468838893418,0.06667321970083935
39513,0.07698552683130729,0.28983444924452617,0.07698552683130729
39514,0.5850104100791653,0.48484709122977626,0.5850104100791653
39515,0.1377948835845584,0.5404019246355276,0.1377948835845584
39516,0.051746299885325066,0.23155150904279537,0.051746299885325066
39517,0.073331992099103,0.33096468098153686,0.073331992099103
39518,0.349417404103877,0.45015963376102053,0.349417404103877
39519,0.08728259181626515,0.5700945194184531,0.08728259181626515
39520,0.26101709537517975,0.5156107667764164,0.26101709537517975
39521,0.08970963825411292,0.421928417941079,0.08970963825411292
39522,0.06806760705950828,0.359969910664272,0.06806760705950828
39523,0.11303152633698646,0.18856286971014943,0.11303152633698646
39524,0.0883396381870932,0.6569964496655977,0.0883396381870932
39525,0.044969473147800566,0.41251432881655636,0.044969473147800566
39526,0.02603219797537195,0.07032971864836238,0.02603219797537195
39527,0.013868767948629655,0.009810180580829742,0.013868767948629655
39528,0.015052481351184591,0.44434643984123035,0.015052481351184591
39529,0.4212835512018758,0.18479391796944525,0.4212835512018758
39530,0.20288713229656147,0.20971126790598293,0.20288713229656147
39531,0.5039459342834014,0.8851013398493334,0.5039459342834014
39532,0.12239120466605874,0.4228089102641334,0.12239120466605874
39533,0.04237474152681517,0.1094940845905848,0.04237474152681517
39534,0.07099199676872621,0.5275984021816583,0.07099199676872621
39535,0.0479917607447501,0.6859700890315826,0.0479917607447501
39536,0.02361895810103126,0.15314857897552517,0.02361895810103126
39537,0.12190803294819692,0.35999925956010354,0.12190803294819692
39538,0.08475505633375939,0.3777378793105752,0.08475505633375939
39539,0.6345993987580627,0.4851135345381332,0.6345993987580627
39540,0.48109082405554676,0.6869110270398692,0.48109082405554676
39541,0.18827461921979355,0.29568697608547,0.18827461921979355
39542,0.051596281250094106,0.11852084533026537,0.051596281250094106
39543,0.19915637950165116,0.43633820310264326,0.19915637950165116
39544,0.1299768692954681,0.21449663359442056,0.1299768692954681
39545,0.02002946852836787,0.0701724685196381,0.02002946852836787
39546,0.09689885189781393,0.20063050208748257,0.09689885189781393
39547,0.17560778157665946,0.4301872745899229,0.17560778157665946
39548,0.1376200980102482,0.230984076474645,0.1376200980102482
39549,0.04915496185383297,0.8873008333613427,0.04915496185383297
39550,0.07947102403223631,0.36206822320418025,0.07947102403223631
39551,0.12297481544001457,0.6647245395964347,0.12297481544001457
39552,0.2557004173755946,0.31730872415778655,0.2557004173755946
39553,0.10109702947467789,0.5520207045962929,0.10109702947467789
39554,0.5282210353223195,0.4230960170847503,0.5282210353223195
39555,0.04182717594941111,0.44467907591563777,0.04182717594941111
39556,0.13316305499271847,0.8543377904187244,0.13316305499271847
39557,0.15834243381193658,0.44582121797546564,0.15834243381193658
39558,0.14350391340866564,0.7011385541141256,0.14350391340866564
39559,0.018395467022837265,0.18003154188792847,0.018395467022837265
39560,0.042494012482014405,0.14809152295684544,0.042494012482014405
39561,0.09017662430092578,0.575252023063949,0.09017662430092578
39562,0.09452537429181779,0.10579009348207666,0.09452537429181779
39563,0.06922211961605368,0.45152289152224473,0.06922211961605368
39564,0.21913210332998126,0.4512883370517209,0.21913210332998126
39565,0.08506494322855794,0.659104496308832,0.08506494322855794
39566,0.12254356512414229,0.36280620357302873,0.12254356512414229
39567,0.3718533056662629,0.9070107867249761,0.3718533056662629
39568,0.08520986009115762,0.68520793520088,0.08520986009115762
39569,0.03722144947007045,0.01970274932905101,0.03722144947007045
39570,0.25664393812951664,0.2660832079045542,0.25664393812951664
39571,0.27258774820469567,0.7326059367872857,0.27258774820469567
39572,0.48036653268816226,0.27010453046359756,0.48036653268816226
39573,0.04087763151842732,0.11938247422828922,0.04087763151842732
39574,0.11040146062912175,0.4659995715739971,0.11040146062912175
39575,0.40271683658466934,0.45459961224514533,0.40271683658466934
39576,0.08831261761354964,0.3342148200314718,0.08831261761354964
39577,0.02093701645103303,0.07925114120486193,0.02093701645103303
39578,0.24987009109142577,0.10265738894385791,0.24987009109142577
39579,0.12625390764426728,0.5359134108358825,0.12625390764426728
39580,0.30676101878341133,0.1029606219163102,0.30676101878341133
39581,0.506247144146706,0.47324757296750863,0.506247144146706
39582,0.10902039249146249,0.7146010093323216,0.10902039249146249
39583,0.03342135230670521,0.08258899611284813,0.03342135230670521
39584,0.7979470148734134,0.7327600236393006,0.7979470148734134
39585,0.0442682082838147,0.791953009027129,0.0442682082838147
39586,0.2521686160949206,0.599863887188468,0.2521686160949206
39587,0.05103713608297231,0.3360404206926301,0.05103713608297231
39588,0.11760704435792349,0.7188732270959806,0.11760704435792349
39589,0.08353340580836724,0.30975999615614247,0.08353340580836724
39590,0.030659374586987198,0.110948248517568,0.030659374586987198
39591,0.028234926135337787,0.10119108611071635,0.028234926135337787
39592,0.03831403097758236,0.11489411411453757,0.03831403097758236
39593,0.25859307754998223,0.7358302707357197,0.25859307754998223
39594,0.15417711240214602,0.9042796007034162,0.15417711240214602
39595,0.11929311853387507,0.4948373840656481,0.11929311853387507
39596,0.052820823307956066,0.5421098206675381,0.052820823307956066
39597,0.15692886485335072,0.3668654664662877,0.15692886485335072
39598,0.03789602698820039,0.12717964372464222,0.03789602698820039
39599,0.7167167941327572,0.514319117754937,0.7167167941327572
39600,0.06908578158824205,0.13687803968466825,0.06908578158824205
39601,0.064284050583947,0.1433839571172597,0.064284050583947
39602,0.02787281275643507,0.2046471414683368,0.02787281275643507
39603,0.754058350364923,0.5372677751746002,0.754058350364923
39604,0.01991897855438927,0.09252952585913145,0.01991897855438927
39605,0.21865533652442826,0.15251498917659953,0.21865533652442826
39606,0.039808871170743824,0.7795169425687637,0.039808871170743824
39607,0.036382622056404246,0.06675829304480942,0.036382622056404246
39608,0.08748811999599607,0.7646081138943193,0.08748811999599607
39609,0.03539322387150271,0.11322866865664039,0.03539322387150271
39610,0.5439812160043487,0.11078610507758425,0.5439812160043487
39611,0.5613204314470571,0.9112350904226276,0.5613204314470571
39612,0.010805832159762893,0.015497331235546787,0.010805832159762893
39613,0.05593809085580469,0.05276173544300413,0.05593809085580469
39614,0.3061162308689235,0.5727352603332189,0.3061162308689235
39615,0.20208329053734264,0.664977938373846,0.20208329053734264
39616,0.09360212758803556,0.15521514329364075,0.09360212758803556
39617,0.519338143312469,0.9193738063623891,0.519338143312469
39618,0.7565474520485327,0.8851653077543448,0.7565474520485327
39619,0.5899624387338928,0.7356576533960769,0.5899624387338928
39620,0.2833190788940226,0.6425811232888069,0.2833190788940226
39621,0.07404356804947576,0.4024731927835438,0.07404356804947576
39622,0.11342832779857677,0.6517032939369386,0.11342832779857677
39623,0.012774401787875951,0.011554249474575085,0.012774401787875951
39624,0.06975499901965425,0.1227950464015262,0.06975499901965425
39625,0.028713419910992022,0.4448590565506077,0.028713419910992022
39626,0.059201243528228774,0.13078460441961182,0.059201243528228774
39627,0.24400961066117677,0.527266541150188,0.24400961066117677
39628,0.48814146174570827,0.8363320775728894,0.48814146174570827
39629,0.08430216154561251,0.566891758969669,0.08430216154561251
39630,0.1911863011881424,0.12083187441394158,0.1911863011881424
39631,0.038638050783246766,0.5738381249757514,0.038638050783246766
39632,0.01935412363270113,0.016081087081931292,0.01935412363270113
39633,0.04379728244342803,0.7393372992894787,0.04379728244342803
39634,0.7753931210869327,0.7121592700923843,0.7753931210869327
39635,0.04016572110123812,0.14453301101564228,0.04016572110123812
39636,0.09259531860468011,0.6408879998609669,0.09259531860468011
39637,0.050393161244981985,0.26567367507372214,0.050393161244981985
39638,0.1184597039538859,0.5613249346122313,0.1184597039538859
39639,0.670017772834477,0.886354075669069,0.670017772834477
39640,0.26470142466996605,0.42121207536733646,0.26470142466996605
39641,0.4651182852716959,0.7296242976746659,0.4651182852716959
39642,0.08423835802256123,0.7577006516555806,0.08423835802256123
39643,0.5138539267598505,0.6272390679807656,0.5138539267598505
39644,0.16425961646177806,0.642721767356705,0.16425961646177806
39645,0.03277133272367541,0.22429024220934096,0.03277133272367541
39646,0.10379976927802613,0.23960196532012082,0.10379976927802613
39647,0.027534532402325992,0.8370176465786137,0.027534532402325992
39648,0.1353870851366713,0.5917212760233237,0.1353870851366713
39649,0.041175203344291464,0.13097411481909005,0.041175203344291464
39650,0.2510926132258329,0.32563247931493533,0.2510926132258329
39651,0.0051623872809710095,0.055677092346261975,0.0051623872809710095
39652,0.06717116138660607,0.5332691899790695,0.06717116138660607
39653,0.12518132154433825,0.656458855286318,0.12518132154433825
39654,0.17733734422468936,0.4397767153655241,0.17733734422468936
39655,0.08678245905448448,0.05672196884874695,0.08678245905448448
39656,0.1340789216316749,0.9042672127448202,0.1340789216316749
39657,0.052494745351888514,0.20683368196433174,0.052494745351888514
39658,0.385424608453722,0.2361817376420531,0.385424608453722
39659,0.5239134293782834,0.8625014981239243,0.5239134293782834
39660,0.102702736535244,0.2648837147612418,0.102702736535244
39661,0.13792494695236043,0.16580300115159738,0.13792494695236043
39662,0.05857425567935717,0.07607075785451001,0.05857425567935717
39663,0.07746262673700442,0.25902295656186586,0.07746262673700442
39664,0.030833296515487385,0.37986559217564025,0.030833296515487385
39665,0.1888000729496282,0.3333838280152533,0.1888000729496282
39666,0.24377248537241422,0.8344822781722537,0.24377248537241422
39667,0.1608844567318489,0.14999015632684634,0.1608844567318489
39668,0.44421678651333485,0.4064619323820341,0.44421678651333485
39669,0.7287571831644847,0.7891791057242346,0.7287571831644847
39670,0.030412801075795127,0.10622906657233144,0.030412801075795127
39671,0.15868963588675036,0.5964580806899359,0.15868963588675036
39672,0.08482704626134177,0.14753833760222956,0.08482704626134177
39673,0.06125328972773853,0.15972189899398292,0.06125328972773853
39674,0.10808597294878582,0.682150013291626,0.10808597294878582
39675,0.045912440521586835,0.1640240458888324,0.045912440521586835
39676,0.07665468848141252,0.23480749168841644,0.07665468848141252
39677,0.449257618532097,0.44274515256611824,0.449257618532097
39678,0.05262615605750176,0.2717252588500934,0.05262615605750176
39679,0.6726089066882077,0.8171208415672141,0.6726089066882077
39680,0.062266273744581796,0.14071471577258937,0.062266273744581796
39681,0.08548462032578448,0.38890271226525863,0.08548462032578448
39682,0.0483617063205519,0.026686582627609725,0.0483617063205519
39683,0.07519566165952793,0.16773008275187426,0.07519566165952793
39684,0.1807768641445073,0.6306579474414078,0.1807768641445073
39685,0.5014291771270722,0.45215988489609193,0.5014291771270722
39686,0.0664720403819881,0.08516764409828396,0.0664720403819881
39687,0.16089185322868585,0.4352086725850839,0.16089185322868585
39688,0.08337456313859953,0.4361969176499042,0.08337456313859953
39689,0.4723542667450342,0.7181914523446642,0.4723542667450342
39690,0.024854109652112048,0.5325214891112512,0.024854109652112048
39691,0.10555568117620286,0.5127568014748001,0.10555568117620286
39692,0.044510862339704985,0.4547097865281598,0.044510862339704985
39693,0.1081912504457235,0.6642367073037154,0.1081912504457235
39694,0.10415127613427512,0.6175861148228102,0.10415127613427512
39695,0.16426053710511576,0.7358247286120044,0.16426053710511576
39696,0.17434648428676244,0.9343504907869543,0.17434648428676244
39697,0.06810906361722498,0.20454193377121116,0.06810906361722498
39698,0.08972834466241472,0.7897556913292081,0.08972834466241472
39699,0.1225127398781158,0.2083196007480977,0.1225127398781158
39700,0.02500227292326299,0.2110088824067618,0.02500227292326299
39701,0.03516070476245984,0.24547446288115812,0.03516070476245984
39702,0.0745070377089333,0.7307345841529388,0.0745070377089333
39703,0.8786549325034276,0.9313414681299044,0.8786549325034276
39704,0.05188886052153056,0.4059011649167173,0.05188886052153056
39705,0.10742115607397858,0.21221320276609695,0.10742115607397858
39706,0.0123139322226278,0.13024271272706903,0.0123139322226278
39707,0.02468232586348117,0.14303348843400754,0.02468232586348117
39708,0.05264919665922169,0.1734630897556553,0.05264919665922169
39709,0.1351054150173228,0.08023624790203929,0.1351054150173228
39710,0.851845666841767,0.937608458746787,0.851845666841767
39711,0.4017308404588588,0.4992456768536606,0.4017308404588588
39712,0.010646577865953607,0.0791657759147082,0.010646577865953607
39713,0.1937450539531251,0.7398029803918172,0.1937450539531251
39714,0.036747723450878685,0.058670109311824876,0.036747723450878685
39715,0.15872177598850246,0.6779498650907437,0.15872177598850246
39716,0.06472899946006466,0.28306959338876053,0.06472899946006466
39717,0.11392790052066927,0.48772549243633634,0.11392790052066927
39718,0.028977515664681312,0.7783436853430333,0.028977515664681312
39719,0.04824449695789665,0.07538489614261414,0.04824449695789665
39720,0.20533198706299263,0.03541629900152708,0.20533198706299263
39721,0.07875948989546849,0.3231706881040737,0.07875948989546849
39722,0.025607966104774182,0.8091778878061959,0.025607966104774182
39723,0.055318434264205324,0.45203044180197854,0.055318434264205324
39724,0.27693815800556704,0.7581169924590934,0.27693815800556704
39725,0.6508937564632759,0.46312842505762114,0.6508937564632759
39726,0.021414198743030285,0.020706093266050957,0.021414198743030285
39727,0.08151994432817262,0.6452162475806392,0.08151994432817262
39728,0.056149741344812265,0.47807255412798066,0.056149741344812265
39729,0.07742642639549974,0.2587485903979262,0.07742642639549974
39730,0.025189112017307738,0.2834758782434007,0.025189112017307738
39731,0.04146512012476474,0.10482802457347788,0.04146512012476474
39732,0.025526340650254626,0.040723900109638285,0.025526340650254626
39733,0.02764912200293042,0.026226562509657034,0.02764912200293042
39734,0.06894048622991956,0.16046995435467176,0.06894048622991956
39735,0.05226095415005497,0.21756621990575767,0.05226095415005497
39736,0.062213866308192506,0.17789444386325118,0.062213866308192506
39737,0.0854662122316212,0.44318373501938446,0.0854662122316212
39738,0.1303538420088111,0.3722306703540767,0.1303538420088111
39739,0.43137913167017095,0.16480850276117615,0.43137913167017095
39740,0.49833472902555415,0.5430041939701968,0.49833472902555415
39741,0.03407489721408445,0.13033502977232367,0.03407489721408445
39742,0.39483198044960893,0.8454925110092716,0.39483198044960893
39743,0.0692312769520191,0.7058186431021429,0.0692312769520191
39744,0.09259790181108438,0.7442690560610901,0.09259790181108438
39745,0.26010936268005014,0.20576803667579477,0.26010936268005014
39746,0.015400611987418964,0.09625198278731037,0.015400611987418964
39747,0.7809700147189503,0.9367552888064058,0.7809700147189503
39748,0.06436061076591693,0.17287409813252771,0.06436061076591693
39749,0.05551310331803501,0.4356423134909088,0.05551310331803501
39750,0.19812571481048818,0.7507208414532912,0.19812571481048818
39751,0.08667678490344463,0.18680436360381533,0.08667678490344463
39752,0.16993056728539835,0.053269917826692874,0.16993056728539835
39753,0.03529524146485007,0.6438602565473657,0.03529524146485007
39754,0.02683976509962187,0.035630749477133974,0.02683976509962187
39755,0.5825465840094306,0.7825357103526381,0.5825465840094306
39756,0.09023804014559898,0.537522918032201,0.09023804014559898
39757,0.03876289634440736,0.11728494664080512,0.03876289634440736
39758,0.31531221483251065,0.2702776404323177,0.31531221483251065
39759,0.043972360056696,0.06996570541291311,0.043972360056696
39760,0.028905967645781395,0.4375056986934629,0.028905967645781395
39761,0.466081633122151,0.13605166538999117,0.466081633122151
39762,0.04560269619131429,0.35642828552348244,0.04560269619131429
39763,0.018088617907082077,0.047424307703286886,0.018088617907082077
39764,0.031888480644496085,0.2500095536338348,0.031888480644496085
39765,0.05865608708283783,0.5401260698996462,0.05865608708283783
39766,0.07108133737421443,0.4666188093401551,0.07108133737421443
39767,0.05651358089900381,0.31163948247434803,0.05651358089900381
39768,0.15822537132235262,0.6816973336351518,0.15822537132235262
39769,0.042195729729091344,0.06339488263993603,0.042195729729091344
39770,0.1407854023850706,0.5466165403637002,0.1407854023850706
39771,0.06505381511093201,0.5381048164680365,0.06505381511093201
39772,0.057618593142386,0.2678569124986851,0.057618593142386
39773,0.03226269496062243,0.5161998732072862,0.03226269496062243
39774,0.10325199668326243,0.8240650209967788,0.10325199668326243
39775,0.04052450728100609,0.5507844179369953,0.04052450728100609
39776,0.320932751636979,0.333649141335479,0.320932751636979
39777,0.02848000330232061,0.42135139509442876,0.02848000330232061
39778,0.07855562606405807,0.6635126792228843,0.07855562606405807
39779,0.02856247714166286,0.13129336656588383,0.02856247714166286
39780,0.03801028514215179,0.18613739183454553,0.03801028514215179
39781,0.07530441549307122,0.2189286858588539,0.07530441549307122
39782,0.028294515781984827,0.2240330784762328,0.028294515781984827
39783,0.06808732172591928,0.6714414431212167,0.06808732172591928
39784,0.023443689291381714,0.17239059791996983,0.023443689291381714
39785,0.07207952178077932,0.19941429586168471,0.07207952178077932
39786,0.11171058242652626,0.1629157301449568,0.11171058242652626
39787,0.48659635471294443,0.22367088660931408,0.48659635471294443
39788,0.1384732788058596,0.7017375396207988,0.1384732788058596
39789,0.5292537140691171,0.30184409191725314,0.5292537140691171
39790,0.020765516550837148,0.24690441558078344,0.020765516550837148
39791,0.26595375243352665,0.8639712003204868,0.26595375243352665
39792,0.10589584083537314,0.26957179792341485,0.10589584083537314
39793,0.030110106927980478,0.2348490354005363,0.030110106927980478
39794,0.1693541143553868,0.46071703049058416,0.1693541143553868
39795,0.03426874658207179,0.05326646508419839,0.03426874658207179
39796,0.05029492714399712,0.18711670797149038,0.05029492714399712
39797,0.07670039608987099,0.17526891051082577,0.07670039608987099
39798,0.06790136981345803,0.34926279816755074,0.06790136981345803
39799,0.04835952390782777,0.36302879793482107,0.04835952390782777
39800,0.09958809442666287,0.28703408187352314,0.09958809442666287
39801,0.14721126276800806,0.23134775183527367,0.14721126276800806
39802,0.04030965866600209,0.9150003651221253,0.04030965866600209
39803,0.18932286134738757,0.879553740206916,0.18932286134738757
39804,0.08723869830012548,0.07083418597187673,0.08723869830012548
39805,0.046299642266586824,0.16058719323415166,0.046299642266586824
39806,0.027868084580946455,0.03716393889860684,0.027868084580946455
39807,0.026450714002227833,0.14333208670797712,0.026450714002227833
39808,0.0799793640269627,0.07128673178426344,0.0799793640269627
39809,0.18934564360335307,0.18045577934888787,0.18934564360335307
39810,0.12951583606114808,0.4821723361229555,0.12951583606114808
39811,0.2659075655295953,0.26173578043242174,0.2659075655295953
39812,0.04048002082915188,0.061669600540787274,0.04048002082915188
39813,0.15415304818150508,0.31179472306404804,0.15415304818150508
39814,0.5534389576400884,0.8423455587048382,0.5534389576400884
39815,0.026069752362493,0.1979452125834844,0.026069752362493
39816,0.2114990415419192,0.10701706241557102,0.2114990415419192
39817,0.15231167177431487,0.5246804945973451,0.15231167177431487
39818,0.06832635714987755,0.17405463431712856,0.06832635714987755
39819,0.07145973993178426,0.24763200862922508,0.07145973993178426
39820,0.19009881772410211,0.918377419759148,0.19009881772410211
39821,0.11163620141046057,0.6520845346475758,0.11163620141046057
39822,0.037793012553667446,0.06089694932643259,0.037793012553667446
39823,0.026962622829637885,0.1667638118786805,0.026962622829637885
39824,0.15983056268836748,0.46244534786299424,0.15983056268836748
39825,0.10968544037461053,0.09331891181178188,0.10968544037461053
39826,0.7868274708289005,0.744360344963866,0.7868274708289005
39827,0.12319584319285623,0.18861046050012872,0.12319584319285623
39828,0.14083660036423956,0.6869376606702825,0.14083660036423956
39829,0.06135245881777352,0.06466626777591798,0.06135245881777352
39830,0.12494463383119053,0.3188896899696884,0.12494463383119053
39831,0.1591204212265461,0.08652036657386251,0.1591204212265461
39832,0.04103899868074124,0.03751782386524787,0.04103899868074124
39833,0.23673915479771818,0.5644632434988734,0.23673915479771818
39834,0.11535277984087218,0.6360134295557388,0.11535277984087218
39835,0.022118806893529356,0.12797353466571917,0.022118806893529356
39836,0.07640621544697095,0.45151650233443913,0.07640621544697095
39837,0.03443788166695269,0.43313625923313687,0.03443788166695269
39838,0.08262390109122789,0.5667635628285834,0.08262390109122789
39839,0.38182355949131436,0.6987110278422831,0.38182355949131436
39840,0.08447825925258472,0.507066337687596,0.08447825925258472
39841,0.10342793420609278,0.4270086375479049,0.10342793420609278
39842,0.05553576119596028,0.33619426582770634,0.05553576119596028
39843,0.014313870630317728,0.17188860976639808,0.014313870630317728
39844,0.10261638623209492,0.3005406728818436,0.10261638623209492
39845,0.06512959464325217,0.3901803183452944,0.06512959464325217
39846,0.06807277764424978,0.5935552971505788,0.06807277764424978
39847,0.04364751977606318,0.3369174549604986,0.04364751977606318
39848,0.0748991838168084,0.22985678193230175,0.0748991838168084
39849,0.004362619742215322,0.03586951532238469,0.004362619742215322
39850,0.698061070298525,0.9061604142553532,0.698061070298525
39851,0.08253745918916498,0.42769623200025764,0.08253745918916498
39852,0.10285759505054842,0.040107404759906345,0.10285759505054842
39853,0.24590981681726048,0.0769804354491568,0.24590981681726048
39854,0.13470121326613776,0.3577869405056778,0.13470121326613776
39855,0.05632579418133049,0.08296070685706958,0.05632579418133049
39856,0.021416932353435537,0.020526924441589118,0.021416932353435537
39857,0.02658238625737835,0.15540683622849152,0.02658238625737835
39858,0.0578732803942903,0.39998174365862366,0.0578732803942903
39859,0.10629052206295224,0.5021600028388572,0.10629052206295224
39860,0.36751199974976484,0.7294571819533997,0.36751199974976484
39861,0.054665376953252874,0.39260026289126937,0.054665376953252874
39862,0.05255498672599905,0.49238158168096663,0.05255498672599905
39863,0.14908031513953635,0.4366964865925894,0.14908031513953635
39864,0.2922124957982866,0.6405642678013133,0.2922124957982866
39865,0.08267857519495059,0.5107856416925654,0.08267857519495059
39866,0.05899860207672589,0.07187747673171993,0.05899860207672589
39867,0.05422751211703841,0.16514824308645035,0.05422751211703841
39868,0.859380762733572,0.6220930532415149,0.859380762733572
39869,0.09088139265100341,0.40843411772432225,0.09088139265100341
39870,0.11750034929824077,0.14168251963345338,0.11750034929824077
39871,0.017507745599360525,0.13821068443067058,0.017507745599360525
39872,0.11169322845501188,0.26169435641885025,0.11169322845501188
39873,0.20993941612399777,0.6149821205018798,0.20993941612399777
39874,0.07800046687544845,0.7935302524696564,0.07800046687544845
39875,0.10752768841138735,0.11385517214432558,0.10752768841138735
39876,0.06480517275716056,0.4286544054478245,0.06480517275716056
39877,0.034646480869584335,0.095773213759417,0.034646480869584335
39878,0.04648760453375589,0.1762366935820773,0.04648760453375589
39879,0.2718119267671272,0.10345428413882025,0.2718119267671272
39880,0.1728923014567296,0.7702386314934743,0.1728923014567296
39881,0.06096067237103748,0.15943187710622875,0.06096067237103748
39882,0.4349139600708212,0.13987415669040482,0.4349139600708212
39883,0.25126405811544916,0.6241096865660261,0.25126405811544916
39884,0.049817259058419466,0.10189747291114011,0.049817259058419466
39885,0.05201037018974455,0.28342966050222895,0.05201037018974455
39886,0.02163951963245769,0.3487386992462103,0.02163951963245769
39887,0.02836565435145525,0.1864440183010437,0.02836565435145525
39888,0.08417748433708915,0.2289399857047534,0.08417748433708915
39889,0.14659901229816816,0.6873042184521305,0.14659901229816816
39890,0.03136494616129468,0.27972111468658123,0.03136494616129468
39891,0.04472763867014699,0.6066583104689828,0.04472763867014699
39892,0.1598734225091044,0.1776263613733425,0.1598734225091044
39893,0.10397438540826069,0.6850019768692636,0.10397438540826069
39894,0.07271368180290534,0.32251432725286555,0.07271368180290534
39895,0.0846779103363899,0.2008839225439392,0.0846779103363899
39896,0.04990902737437648,0.8201421342265236,0.04990902737437648
39897,0.10868686790893138,0.18558897144707953,0.10868686790893138
39898,0.06577416411561883,0.015925697732681068,0.06577416411561883
39899,0.06410136287504854,0.23633262627331564,0.06410136287504854
39900,0.44933148660350275,0.41709880975263275,0.44933148660350275
39901,0.11395953698259313,0.10278717569514664,0.11395953698259313
39902,0.20168952501304419,0.7046958132026001,0.20168952501304419
39903,0.6844975133209037,0.7230699983260914,0.6844975133209037
39904,0.04083800822347549,0.026532939308507076,0.04083800822347549
39905,0.08444210994847728,0.49587002057906243,0.08444210994847728
39906,0.18056665546339448,0.2463120812349638,0.18056665546339448
39907,0.08263515645883768,0.7260409166764933,0.08263515645883768
39908,0.24162408194116547,0.711185871525059,0.24162408194116547
39909,0.07811682226557488,0.9385277202358817,0.07811682226557488
39910,0.08603603643760283,0.3260511910413879,0.08603603643760283
39911,0.10333042936307493,0.09180876507115124,0.10333042936307493
39912,0.30270530101550686,0.6587564836008349,0.30270530101550686
39913,0.02198532881462622,0.042380967820106606,0.02198532881462622
39914,0.6734278178867812,0.848491351113899,0.6734278178867812
39915,0.1141842384326716,0.2595450688900087,0.1141842384326716
39916,0.058680164341965275,0.2680404968880572,0.058680164341965275
39917,0.14484232545621128,0.18047420549747686,0.14484232545621128
39918,0.04659290347401188,0.16537284202805194,0.04659290347401188
39919,0.029444287932166906,0.2650472320285241,0.029444287932166906
39920,0.04822833132567093,0.4670214758525125,0.04822833132567093
39921,0.13863170251997445,0.35663708275919886,0.13863170251997445
39922,0.3268701290945761,0.7310916087365763,0.3268701290945761
39923,0.08111614207961729,0.44789032258016814,0.08111614207961729
39924,0.05635488114708301,0.15184926888072006,0.05635488114708301
39925,0.03820124016469329,0.646399830080091,0.03820124016469329
39926,0.4729853498487103,0.1403728565993443,0.4729853498487103
39927,0.023542716483545164,0.1840287960829179,0.023542716483545164
39928,0.47834823168550467,0.33607071117729187,0.47834823168550467
39929,0.031235488769189693,0.14436018054941985,0.031235488769189693
39930,0.06044674698338374,0.37687339172983403,0.06044674698338374
39931,0.2553342118661138,0.1663396698530795,0.2553342118661138
39932,0.08717390725146412,0.42541738693754266,0.08717390725146412
39933,0.24294101342993835,0.21420283325949505,0.24294101342993835
39934,0.08503037946247788,0.18830563369799552,0.08503037946247788
39935,0.027974548326578145,0.24795879120679362,0.027974548326578145
39936,0.1573366519149385,0.42260585580616017,0.1573366519149385
39937,0.25261782203421135,0.12803561613980413,0.25261782203421135
39938,0.06938404178113734,0.3344167512364325,0.06938404178113734
39939,0.08647240627966642,0.7025276279768858,0.08647240627966642
39940,0.4568167026793892,0.86761940791685,0.4568167026793892
39941,0.7353190299213487,0.860411059606084,0.7353190299213487
39942,0.19357730491229314,0.5284256134420618,0.19357730491229314
39943,0.32944540130377675,0.7073449704899124,0.32944540130377675
39944,0.28206877419245036,0.6178440866406998,0.28206877419245036
39945,0.09261221062189819,0.27085039766936964,0.09261221062189819
39946,0.1609412466517346,0.21349462232332675,0.1609412466517346
39947,0.0312889799803532,0.42154120419733065,0.0312889799803532
39948,0.17410596100226342,0.338881055725628,0.17410596100226342
39949,0.2636869081427593,0.4401373850463989,0.2636869081427593
39950,0.020301153153720528,0.11775366763815215,0.020301153153720528
39951,0.05187983455603795,0.052357010399708026,0.05187983455603795
39952,0.08965407478781984,0.30859541743438446,0.08965407478781984
39953,0.2169864143399356,0.7208471506822508,0.2169864143399356
39954,0.04333829340205066,0.3292039406615932,0.04333829340205066
39955,0.06014133808474611,0.9440697985413636,0.06014133808474611
39956,0.08993365476354145,0.34751776844949267,0.08993365476354145
39957,0.04351614163788061,0.3957059649707629,0.04351614163788061
39958,0.7283584215189065,0.5746730343942363,0.7283584215189065
39959,0.1340882012579517,0.2750373376007082,0.1340882012579517
39960,0.09459398919806508,0.16139202733571434,0.09459398919806508
39961,0.17422951841341924,0.6308175101999776,0.17422951841341924
39962,0.055078202324064865,0.1202908415885376,0.055078202324064865
39963,0.17359432385215115,0.2263902386952921,0.17359432385215115
39964,0.352328295979301,0.704041691244719,0.352328295979301
39965,0.23730502917740534,0.3915599625086893,0.23730502917740534
39966,0.6425692921582417,0.38570435779899725,0.6425692921582417
39967,0.5733650047668286,0.7726473753798941,0.5733650047668286
39968,0.0998702322700499,0.20399849825655653,0.0998702322700499
39969,0.05768746539027464,0.5955703939973676,0.05768746539027464
39970,0.2640850464423053,0.6008494816443821,0.2640850464423053
39971,0.2879259103560009,0.5021534367749488,0.2879259103560009
39972,0.14551457980642782,0.22937603866000994,0.14551457980642782
39973,0.03264804387823691,0.06092846059734774,0.03264804387823691
39974,0.04573024603987395,0.38274858392265587,0.04573024603987395
39975,0.6688531732187707,0.8344039660593905,0.6688531732187707
39976,0.07223512909816444,0.337107735130192,0.07223512909816444
39977,0.03407087246316989,0.3168540138842369,0.03407087246316989
39978,0.06978193130636152,0.22434717443891433,0.06978193130636152
39979,0.7824694965726602,0.053622734096020856,0.7824694965726602
39980,0.12246057743108325,0.05722665274356753,0.12246057743108325
39981,0.22546322176007944,0.41352719617819017,0.22546322176007944
39982,0.018012214487537686,0.07735948854446506,0.018012214487537686
39983,0.10760804162548145,0.6897312379749734,0.10760804162548145
39984,0.1484216628508238,0.19237035417924378,0.1484216628508238
39985,0.025122000545199318,0.15866150436623017,0.025122000545199318
39986,0.011339102059399177,0.11891072138724464,0.011339102059399177
39987,0.052536196713551704,0.2816531644095674,0.052536196713551704
39988,0.7340416829777595,0.7612844853053832,0.7340416829777595
39989,0.03145482466321034,0.1316560254311441,0.03145482466321034
39990,0.552334118179554,0.8575497952248688,0.552334118179554
39991,0.3137462929193939,0.8469864802141427,0.3137462929193939
39992,0.08702538897262335,0.3469395165954214,0.08702538897262335
39993,0.08730033924255735,0.20367070607584697,0.08730033924255735
39994,0.17278563973816422,0.29754774342893,0.17278563973816422
39995,0.05014792784531384,0.1851102541395258,0.05014792784531384
39996,0.6850807338011226,0.6108939633817093,0.6850807338011226
39997,0.24249874476801314,0.7803161229806294,0.24249874476801314
39998,0.027000694296238307,0.3490528781483008,0.027000694296238307
39999,0.07438692382543129,0.8130984435426352,0.07438692382543129
40000,0.06454087549268292,0.2704598087117954,0.06454087549268292
40001,0.048592894645755225,0.4274410521112841,0.048592894645755225
40002,0.21210505736783047,0.20498397586278436,0.21210505736783047
40003,0.05220533749185379,0.5131589487015723,0.05220533749185379
40004,0.029172034680478232,0.023374894495799246,0.029172034680478232
40005,0.12293145916907591,0.07419519499372217,0.12293145916907591
40006,0.21801758647542405,0.25436239119117765,0.21801758647542405
40007,0.21679369196760556,0.5911889045356906,0.21679369196760556
40008,0.1330119360909778,0.45930507483990013,0.1330119360909778
40009,0.4202404650424046,0.5390694390512711,0.4202404650424046
40010,0.13434280880644928,0.3258455733620381,0.13434280880644928
40011,0.1684267937546497,0.6473357442584066,0.1684267937546497
40012,0.6329895615803387,0.7332814219831952,0.6329895615803387
40013,0.1580368724317011,0.5879218232981099,0.1580368724317011
40014,0.06973675686534365,0.14701753556975855,0.06973675686534365
40015,0.13909394004996994,0.5204127226911841,0.13909394004996994
40016,0.09139493710468409,0.772080689807715,0.09139493710468409
40017,0.08074137345564693,0.15211213723887732,0.08074137345564693
40018,0.060243837180893246,0.1400156732373032,0.060243837180893246
40019,0.07103632886886338,0.07148571838192291,0.07103632886886338
40020,0.1831425933780926,0.6712408294870855,0.1831425933780926
40021,0.16657747320749877,0.48454836281829045,0.16657747320749877
40022,0.11449504168351064,0.49255763770010397,0.11449504168351064
40023,0.6237029580827835,0.40404579905826227,0.6237029580827835
40024,0.9246809986144765,0.9372976117449537,0.9246809986144765
40025,0.08393577134867462,0.14565384940090043,0.08393577134867462
40026,0.06871529338746703,0.1405342518900528,0.06871529338746703
40027,0.28144378789176155,0.832845480356443,0.28144378789176155
40028,0.6525669606321292,0.678555568118886,0.6525669606321292
40029,0.03212704375257936,0.2664655755782544,0.03212704375257936
40030,0.04006349602276829,0.11839306816277177,0.04006349602276829
40031,0.003758408416188701,0.016772471147059004,0.003758408416188701
40032,0.03384921581242595,0.6947645743038251,0.03384921581242595
40033,0.3958126921811567,0.38918532966772296,0.3958126921811567
40034,0.12830743256208305,0.21474392315226584,0.12830743256208305
40035,0.04844603131783944,0.5190033002159069,0.04844603131783944
40036,0.43058396692774187,0.13272163754450197,0.43058396692774187
40037,0.2183483658522624,0.8316775020264975,0.2183483658522624
40038,0.07325727786864092,0.8266965376066076,0.07325727786864092
40039,0.19957064384425613,0.6560191236516344,0.19957064384425613
40040,0.07086273803788545,0.6574451754684075,0.07086273803788545
40041,0.10420471437443309,0.6589964041624552,0.10420471437443309
40042,0.03432790351763754,0.8568061755352675,0.03432790351763754
40043,0.2690901286505005,0.49541882847094665,0.2690901286505005
40044,0.772409100632871,0.4415313095539109,0.772409100632871
40045,0.04880708359851506,0.025254820663877853,0.04880708359851506
40046,0.04723102185975211,0.20456721535418063,0.04723102185975211
40047,0.10024988226279605,0.724862492335666,0.10024988226279605
40048,0.0814185159927125,0.25579284192959073,0.0814185159927125
40049,0.5010329034153505,0.2995625588189516,0.5010329034153505
40050,0.6107435568398872,0.8965295982084885,0.6107435568398872
40051,0.1266860146603915,0.38757750171825117,0.1266860146603915
40052,0.011032998285872262,0.019007755136010846,0.011032998285872262
40053,0.03620867791779087,0.0986947834482272,0.03620867791779087
40054,0.15323954018679836,0.5995220198678879,0.15323954018679836
40055,0.426548314521186,0.18620244574693307,0.426548314521186
40056,0.07532336405580216,0.2420219039582223,0.07532336405580216
40057,0.8375204423091464,0.968650069997268,0.8375204423091464
40058,0.1626282463007148,0.2706536387722,0.1626282463007148
40059,0.11712496045325768,0.47843603414413377,0.11712496045325768
40060,0.08013712875535761,0.6303863080611808,0.08013712875535761
40061,0.07047113644434286,0.8329459036130813,0.07047113644434286
40062,0.03266561695219705,0.03796786573300631,0.03266561695219705
40063,0.6620364301312438,0.6142262575606471,0.6620364301312438
40064,0.0700194934458725,0.944604918131964,0.0700194934458725
40065,0.6993956604945363,0.570988158433555,0.6993956604945363
40066,0.05976869660966497,0.11483036004156644,0.05976869660966497
40067,0.04558389150318591,0.2732222790939282,0.04558389150318591
40068,0.2287792326125673,0.24556324967729365,0.2287792326125673
40069,0.45353591931043663,0.3640229636174678,0.45353591931043663
40070,0.10294854206476409,0.4469809650520706,0.10294854206476409
40071,0.27964065488401707,0.44463620065462833,0.27964065488401707
40072,0.0356717161993085,0.5373471676221047,0.0356717161993085
40073,0.020821950221383927,0.17834056711514515,0.020821950221383927
40074,0.14533750865814005,0.09328168336894631,0.14533750865814005
40075,0.22040642911043498,0.20859352161526296,0.22040642911043498
40076,0.1615323706287667,0.4044918764669705,0.1615323706287667
40077,0.2276746749219051,0.9545040258131614,0.2276746749219051
40078,0.053324162057938114,0.22291380082503817,0.053324162057938114
40079,0.20049516415225455,0.5866236932617634,0.20049516415225455
40080,0.26101812288719756,0.11511345137960637,0.26101812288719756
40081,0.05310887380607825,0.29040539615968813,0.05310887380607825
40082,0.06833010651152652,0.0576048983420595,0.06833010651152652
40083,0.06512871756542028,0.09139277429698624,0.06512871756542028
40084,0.09003482715814067,0.5030321093555082,0.09003482715814067
40085,0.13377956320522083,0.44313163252616133,0.13377956320522083
40086,0.03198493800618799,0.32184312706948476,0.03198493800618799
40087,0.4934162915860728,0.39156759692992976,0.4934162915860728
40088,0.15251602909157994,0.6244855875610201,0.15251602909157994
40089,0.6994711304707416,0.5084508697766543,0.6994711304707416
40090,0.03317554072834823,0.5943044832006896,0.03317554072834823
40091,0.0433574935614707,0.5112493407463059,0.0433574935614707
40092,0.014276117806166244,0.0816987010991624,0.014276117806166244
40093,0.10213890409763214,0.0315026273285624,0.10213890409763214
40094,0.1931444745250178,0.34812844965331735,0.1931444745250178
40095,0.4615924542920219,0.5679761042553431,0.4615924542920219
40096,0.03307272373109481,0.5007686643296972,0.03307272373109481
40097,0.09038289204663445,0.5220140561752712,0.09038289204663445
40098,0.8698834282600822,0.8951465539147307,0.8698834282600822
40099,0.10725423960355049,0.4965973507939365,0.10725423960355049
40100,0.04127277462503852,0.1060020046623145,0.04127277462503852
40101,0.0384265644879549,0.07491276124925818,0.0384265644879549
40102,0.5080573220545747,0.6054173914341286,0.5080573220545747
40103,0.13160595094020108,0.8400853362923997,0.13160595094020108
40104,0.31763336162377204,0.9303530010944665,0.31763336162377204
40105,0.272541460138432,0.1729890181004478,0.272541460138432
40106,0.12432614683156334,0.7312397969125837,0.12432614683156334
40107,0.1852970877673377,0.21262297785741735,0.1852970877673377
40108,0.19986157355417233,0.5849382023164978,0.19986157355417233
40109,0.04816683894927485,0.41257093331592615,0.04816683894927485
40110,0.10524153951382934,0.38920255236090207,0.10524153951382934
40111,0.20276476929599774,0.4843226117921418,0.20276476929599774
40112,0.18218448028336962,0.22487525210057366,0.18218448028336962
40113,0.12535657930412183,0.3855310025788618,0.12535657930412183
40114,0.09142473920328538,0.5088071806699729,0.09142473920328538
40115,0.12755114804638745,0.667120165434811,0.12755114804638745
40116,0.02219275457241944,0.13020406049050215,0.02219275457241944
40117,0.009048471535463863,0.012206283676424429,0.009048471535463863
40118,0.1264768789965483,0.04337531268862298,0.1264768789965483
40119,0.06794566152189943,0.06441568117226885,0.06794566152189943
40120,0.042139182475182044,0.02326180717855917,0.042139182475182044
40121,0.6072911773056074,0.5400061036386963,0.6072911773056074
40122,0.04856430052816499,0.6114805290901413,0.04856430052816499
40123,0.5920211210872789,0.7531443522180663,0.5920211210872789
40124,0.1330480591270396,0.21979877776082316,0.1330480591270396
40125,0.1273119417651752,0.5025342586415701,0.1273119417651752
40126,0.05961664999049543,0.5244808263338488,0.05961664999049543
40127,0.13132680140466338,0.4009882735564891,0.13132680140466338
40128,0.022222782607331893,0.011893942206880299,0.022222782607331893
40129,0.24936054225489948,0.6605336227068714,0.24936054225489948
40130,0.05073779334639021,0.399730599063788,0.05073779334639021
40131,0.5566791968341271,0.7845405034080076,0.5566791968341271
40132,0.012768260618236821,0.13096937976560538,0.012768260618236821
40133,0.0674800501991833,0.14572015235823907,0.0674800501991833
40134,0.4761715365922169,0.7628842522956146,0.4761715365922169
40135,0.04937122418898421,0.5829399994558777,0.04937122418898421
40136,0.1549576272088425,0.43851403965775243,0.1549576272088425
40137,0.029082695272779378,0.6662322616236288,0.029082695272779378
40138,0.03714725772801673,0.7318320996430215,0.03714725772801673
40139,0.12956694730365625,0.21618119518356738,0.12956694730365625
40140,0.03352407191909905,0.447577887125639,0.03352407191909905
40141,0.0683184754357666,0.23792014858367863,0.0683184754357666
40142,0.2312998483672851,0.6487535838792975,0.2312998483672851
40143,0.1126588550764184,0.5643342854143842,0.1126588550764184
40144,0.03549314761121508,0.04420505998480086,0.03549314761121508
40145,0.013575862386557837,0.060201961582514237,0.013575862386557837
40146,0.013875211604347154,0.02231099695520593,0.013875211604347154
40147,0.09583568132140921,0.6260127783455316,0.09583568132140921
40148,0.19655690701488374,0.7948794461625588,0.19655690701488374
40149,0.7792263945956387,0.5199065275888615,0.7792263945956387
40150,0.24823932462484347,0.7204347118011584,0.24823932462484347
40151,0.3181252433631316,0.9252141080872822,0.3181252433631316
40152,0.05334812609360762,0.22664588385931086,0.05334812609360762
40153,0.2125429585790342,0.29235253450023596,0.2125429585790342
40154,0.044364634291059565,0.23339320366601263,0.044364634291059565
40155,0.04934287246502607,0.08619842408980338,0.04934287246502607
40156,0.42146344342840847,0.8692977046563796,0.42146344342840847
40157,0.42926373683208047,0.7767185589399628,0.42926373683208047
40158,0.4188586328756703,0.8617759924205336,0.4188586328756703
40159,0.5766064647687157,0.877631073754834,0.5766064647687157
40160,0.31927620873068824,0.5967083351834755,0.31927620873068824
40161,0.010314037014387845,0.09181875257731113,0.010314037014387845
40162,0.16265467531378783,0.7261934636264938,0.16265467531378783
40163,0.47941047759099364,0.5636266252966952,0.47941047759099364
40164,0.063908089079859,0.14812337081461163,0.063908089079859
40165,0.12251920020821673,0.2125591663243054,0.12251920020821673
40166,0.13904317779805397,0.10257689012666829,0.13904317779805397
40167,0.16776870887060735,0.9112565298186772,0.16776870887060735
40168,0.11529545190714173,0.30122919288410316,0.11529545190714173
40169,0.5074391741620193,0.8152614721105927,0.5074391741620193
40170,0.5891271909290138,0.5030281471783113,0.5891271909290138
40171,0.17006375780217098,0.3119045934254832,0.17006375780217098
40172,0.4751956228390746,0.8497439381119087,0.4751956228390746
40173,0.0671193717758329,0.44843922094889915,0.0671193717758329
40174,0.18945245273822509,0.6252939705350242,0.18945245273822509
40175,0.05271525332062794,0.6981750593410228,0.05271525332062794
40176,0.31930643010176957,0.9363417291476096,0.31930643010176957
40177,0.2858207685554625,0.7045814380840745,0.2858207685554625
40178,0.033276871310204854,0.281860260881245,0.033276871310204854
40179,0.11245430900605285,0.5401174170691739,0.11245430900605285
40180,0.05180312302823301,0.5158215144023498,0.05180312302823301
40181,0.038228098415426445,0.10843683820814574,0.038228098415426445
40182,0.6807756168046317,0.9088552389041983,0.6807756168046317
40183,0.4143273949689419,0.7982317076113791,0.4143273949689419
40184,0.024947827460342773,0.039381208711147454,0.024947827460342773
40185,0.0742852163968022,0.0840610131348864,0.0742852163968022
40186,0.009941696557915183,0.20402477436039831,0.009941696557915183
40187,0.07165963445222008,0.05213789658721345,0.07165963445222008
40188,0.7293536755998102,0.8684767875833002,0.7293536755998102
40189,0.03720102373871145,0.4345494368662232,0.03720102373871145
40190,0.061672957067324806,0.3135707922587573,0.061672957067324806
40191,0.042471156495642266,0.045887727664902,0.042471156495642266
40192,0.3392126377910474,0.8898294696111841,0.3392126377910474
40193,0.16879849624448603,0.5237259806329208,0.16879849624448603
40194,0.11361032722064685,0.159151096170546,0.11361032722064685
40195,0.09828838935630684,0.31701139452978555,0.09828838935630684
40196,0.5828362883536742,0.5904256260318553,0.5828362883536742
40197,0.08522655312508243,0.26060234454832665,0.08522655312508243
40198,0.20064943331525809,0.16375284244148713,0.20064943331525809
40199,0.049314257397813234,0.6772944558151563,0.049314257397813234
40200,0.1014187446999709,0.2795669928020367,0.1014187446999709
40201,0.5610654376532049,0.857532283049215,0.5610654376532049
40202,0.6767281002882302,0.6892883280654489,0.6767281002882302
40203,0.0639919270856291,0.8340373415495458,0.0639919270856291
40204,0.1690637691084817,0.1558139755173123,0.1690637691084817
40205,0.026925935066049636,0.3993888128784784,0.026925935066049636
40206,0.36403540389277744,0.35507686232220903,0.36403540389277744
40207,0.08904727700291364,0.6217561687408092,0.08904727700291364
40208,0.264855899710875,0.80053097484199,0.264855899710875
40209,0.10431013070369244,0.15448718623134866,0.10431013070369244
40210,0.021209374959055834,0.03310185128868584,0.021209374959055834
40211,0.13442052014853353,0.33285021195728126,0.13442052014853353
40212,0.4188491625339662,0.5191064234092908,0.4188491625339662
40213,0.10063126669450453,0.36234312141050484,0.10063126669450453
40214,0.2518507153979542,0.3295915051764738,0.2518507153979542
40215,0.27151491211586526,0.2900782982742928,0.27151491211586526
40216,0.4015006540223359,0.4353849195978923,0.4015006540223359
40217,0.15828895143782443,0.3661587257870813,0.15828895143782443
40218,0.11523748089309267,0.4496761514047499,0.11523748089309267
40219,0.1981898452182678,0.73791724979359,0.1981898452182678
40220,0.07996229122519376,0.14839889037927445,0.07996229122519376
40221,0.03374908153402958,0.14103796242620803,0.03374908153402958
40222,0.04200051647926455,0.11786095511707347,0.04200051647926455
40223,0.17015857445547006,0.3717626425586992,0.17015857445547006
40224,0.18291114871952227,0.02685076017696264,0.18291114871952227
40225,0.35766913781814813,0.44513236439817433,0.35766913781814813
40226,0.12892132196492367,0.3155444577416565,0.12892132196492367
40227,0.05912378374326845,0.5584620056880024,0.05912378374326845
40228,0.07795705208388083,0.11903659571150431,0.07795705208388083
40229,0.39418262699628265,0.11725185823794665,0.39418262699628265
40230,0.21007387754044335,0.5855866043998963,0.21007387754044335
40231,0.09592952787999855,0.51875951891468,0.09592952787999855
40232,0.06702590372823349,0.8927542353947437,0.06702590372823349
40233,0.15356994087246417,0.285496400829522,0.15356994087246417
40234,0.08199578426357246,0.14423604684708577,0.08199578426357246
40235,0.2452587144316499,0.9039573159674127,0.2452587144316499
40236,0.6060036706743122,0.465693167771429,0.6060036706743122
40237,0.25270762460382834,0.26983700752479955,0.25270762460382834
40238,0.05255744640561339,0.029745983488664217,0.05255744640561339
40239,0.6423220189526349,0.14725819098504056,0.6423220189526349
40240,0.479025499709256,0.3081424696282036,0.479025499709256
40241,0.14296397091071994,0.5633105453503086,0.14296397091071994
40242,0.09806094653586618,0.6939707952514743,0.09806094653586618
40243,0.06500748345249813,0.6126164385780539,0.06500748345249813
40244,0.1057613607409944,0.505022865684917,0.1057613607409944
40245,0.008384751025188679,0.027997662022877675,0.008384751025188679
40246,0.11943937618936357,0.1846882757156969,0.11943937618936357
40247,0.07047945773703564,0.5480657663079066,0.07047945773703564
40248,0.10484661203789795,0.4836429248111234,0.10484661203789795
40249,0.09214000570511445,0.7787986871923156,0.09214000570511445
40250,0.5204791719450382,0.8752846203696552,0.5204791719450382
40251,0.007969952276455621,0.0534703375323272,0.007969952276455621
40252,0.3614216758414974,0.71783259185816,0.3614216758414974
40253,0.21627400400420158,0.41789617465401585,0.21627400400420158
40254,0.08078778947588595,0.28148645861634314,0.08078778947588595
40255,0.08841267032157711,0.2048228688126217,0.08841267032157711
40256,0.18307109682953843,0.19566186275241773,0.18307109682953843
40257,0.27277488621109264,0.4246046541008689,0.27277488621109264
40258,0.028131919824818802,0.5656613359515975,0.028131919824818802
40259,0.06489072332401971,0.04535558241063919,0.06489072332401971
40260,0.44258917342545306,0.6834360793527402,0.44258917342545306
40261,0.0617890723885595,0.5645261482884207,0.0617890723885595
40262,0.11896207895715882,0.5602866212019377,0.11896207895715882
40263,0.9048136782698157,0.9409300809155897,0.9048136782698157
40264,0.02821507344073301,0.05058803363087591,0.02821507344073301
40265,0.03783494259468358,0.16169716021967398,0.03783494259468358
40266,0.2627449180153256,0.347972240663312,0.2627449180153256
40267,0.04061975004175687,0.6828643541031476,0.04061975004175687
40268,0.058772136230098505,0.06603302685372317,0.058772136230098505
40269,0.8858458664470146,0.7378592333054278,0.8858458664470146
40270,0.1626759719546408,0.17594391232496806,0.1626759719546408
40271,0.08627577433404915,0.19405346712217167,0.08627577433404915
40272,0.6937077142191209,0.5893343416953624,0.6937077142191209
40273,0.1886513208699713,0.5515636168052322,0.1886513208699713
40274,0.564417697925613,0.6266523975494264,0.564417697925613
40275,0.28888984657948125,0.17296559404808587,0.28888984657948125
40276,0.10727884637778383,0.7576055592093879,0.10727884637778383
40277,0.049026087069921745,0.5339597218218416,0.049026087069921745
40278,0.40231445126089443,0.16343632224220178,0.40231445126089443
40279,0.623506876227363,0.9277986522264262,0.623506876227363
40280,0.4047541580989872,0.3601640974877573,0.4047541580989872
40281,0.16150308397743335,0.021321534974302225,0.16150308397743335
40282,0.18504510026272472,0.22106049366264238,0.18504510026272472
40283,0.09945779103975892,0.3956022415235558,0.09945779103975892
40284,0.048509268301200004,0.16145403383281254,0.048509268301200004
40285,0.08061184506670502,0.03535576600173378,0.08061184506670502
40286,0.06829516725768546,0.19091526170162657,0.06829516725768546
40287,0.3494634083316716,0.7026425725037374,0.3494634083316716
40288,0.08444605846499376,0.29557765022348204,0.08444605846499376
40289,0.11635331284343246,0.8196502506728909,0.11635331284343246
40290,0.0493334205519622,0.7283433089909446,0.0493334205519622
40291,0.05832794455886531,0.5522212310863114,0.05832794455886531
40292,0.06725362085626496,0.24835353296080995,0.06725362085626496
40293,0.1749135508169711,0.6483325920563499,0.1749135508169711
40294,0.01905983728021559,0.13457087591744998,0.01905983728021559
40295,0.01017389743034661,0.07678719715241955,0.01017389743034661
40296,0.05445638349971672,0.04202412507831473,0.05445638349971672
40297,0.03884315562088714,0.09933078258345263,0.03884315562088714
40298,0.6008142273600549,0.1220986099273625,0.6008142273600549
40299,0.03825521784060883,0.21498664144891064,0.03825521784060883
40300,0.08854261705715644,0.15853820948852157,0.08854261705715644
40301,0.26322213184375903,0.3078709129118564,0.26322213184375903
40302,0.21658207770744256,0.6392113699726879,0.21658207770744256
40303,0.02800230054537828,0.020203103770961753,0.02800230054537828
40304,0.016057680412497,0.14932929025356417,0.016057680412497
40305,0.049180820693310694,0.2525545211612674,0.049180820693310694
40306,0.052862106918729446,0.18663105645866074,0.052862106918729446
40307,0.3208859311357119,0.5986577017676816,0.3208859311357119
40308,0.19761557801023305,0.8613404322239501,0.19761557801023305
40309,0.12865261345172094,0.5366471454750693,0.12865261345172094
40310,0.029509191985832798,0.20522215910864572,0.029509191985832798
40311,0.10621322223127126,0.07281094850556702,0.10621322223127126
40312,0.0402334499468425,0.14977928145955263,0.0402334499468425
40313,0.023046402582756496,0.028137225658030816,0.023046402582756496
40314,0.05857976742218685,0.6721839132737394,0.05857976742218685
40315,0.12194390068463615,0.42022550172650136,0.12194390068463615
40316,0.05733118700636809,0.6484950383710079,0.05733118700636809
40317,0.06855347450084627,0.25026080893854175,0.06855347450084627
40318,0.024132012158104944,0.10013030704208192,0.024132012158104944
40319,0.1951967425678142,0.47301004261093915,0.1951967425678142
40320,0.06653889015864092,0.2159040650909693,0.06653889015864092
40321,0.27431860081842174,0.02658040176849529,0.27431860081842174
40322,0.22279369033047466,0.38881914260385947,0.22279369033047466
40323,0.009982082270359904,0.054028427765505725,0.009982082270359904
40324,0.05500570842427848,0.2987057366453693,0.05500570842427848
40325,0.03343181699377785,0.19479866806634297,0.03343181699377785
40326,0.06760338142342785,0.056162901317013694,0.06760338142342785
40327,0.0075894618616145415,0.0064422799441793835,0.0075894618616145415
40328,0.11456165175619347,0.4066045858228236,0.11456165175619347
40329,0.05572786513434742,0.1695156165859031,0.05572786513434742
40330,0.20104224273762134,0.38044809899863524,0.20104224273762134
40331,0.07109996437062671,0.4446585616673827,0.07109996437062671
40332,0.09386165632380108,0.058609519888548595,0.09386165632380108
40333,0.4664831828127301,0.10261781703028061,0.4664831828127301
40334,0.04545378581082068,0.42541176653720425,0.04545378581082068
40335,0.45057170798256735,0.7067076823794163,0.45057170798256735
40336,0.10570469375280253,0.41574388150931374,0.10570469375280253
40337,0.11837887054455387,0.7470868158284928,0.11837887054455387
40338,0.05812044222752412,0.14263470039512213,0.05812044222752412
40339,0.1996716334669366,0.5911325173938871,0.1996716334669366
40340,0.20834673190985972,0.8033150172810886,0.20834673190985972
40341,0.25126729874919485,0.742336971143014,0.25126729874919485
40342,0.012531094763700063,0.20639735534692114,0.012531094763700063
40343,0.034395550345234026,0.599700363207989,0.034395550345234026
40344,0.5022307732538113,0.5445021596678797,0.5022307732538113
40345,0.02776788742058978,0.010071526884089745,0.02776788742058978
40346,0.5480030707644384,0.8624003873242071,0.5480030707644384
40347,0.7193731214480779,0.6784785777714248,0.7193731214480779
40348,0.04032835398400103,0.2576582540032969,0.04032835398400103
40349,0.6494886648584789,0.8887150316513,0.6494886648584789
40350,0.20754181366581562,0.16877441077542726,0.20754181366581562
40351,0.2890480033422078,0.8595790924916494,0.2890480033422078
40352,0.07262971325840878,0.854769274882734,0.07262971325840878
40353,0.12589485365356803,0.2740932545186119,0.12589485365356803
40354,0.2435764582700392,0.6237978857252432,0.2435764582700392
40355,0.04118354075149689,0.13218490687889725,0.04118354075149689
40356,0.17726936212951988,0.2482541751368276,0.17726936212951988
40357,0.04223178837350934,0.41102562588084335,0.04223178837350934
40358,0.46258083294658514,0.44652520854784244,0.46258083294658514
40359,0.06422899833918952,0.7208102034418966,0.06422899833918952
40360,0.20743633117125404,0.046570649426016124,0.20743633117125404
40361,0.12511111209272496,0.5127875296030048,0.12511111209272496
40362,0.017651523752074627,0.06627640473817607,0.017651523752074627
40363,0.05265091192867508,0.061020315793866194,0.05265091192867508
40364,0.16987636136977202,0.7665270000019527,0.16987636136977202
40365,0.6019922857591085,0.08591293872691019,0.6019922857591085
40366,0.08959030867937415,0.26895463416605997,0.08959030867937415
40367,0.03817926760868043,0.3576432550501922,0.03817926760868043
40368,0.09603921506268287,0.6907980733533319,0.09603921506268287
40369,0.14171006932664698,0.2077113933427101,0.14171006932664698
40370,0.26251464931538665,0.7255881043957003,0.26251464931538665
40371,0.11812663181249837,0.5689526020030603,0.11812663181249837
40372,0.058961783480935955,0.145728914455327,0.058961783480935955
40373,0.03197922415757013,0.03980523877429548,0.03197922415757013
40374,0.09268568562075542,0.8508192922901671,0.09268568562075542
40375,0.05188635278671459,0.5211645453143334,0.05188635278671459
40376,0.03161487268959055,0.405118217810908,0.03161487268959055
40377,0.8249231236119675,0.7993373168136882,0.8249231236119675
40378,0.12241198442039151,0.3778018115328002,0.12241198442039151
40379,0.16782371588545042,0.46866923398814786,0.16782371588545042
40380,0.10280325633834186,0.03420808786528556,0.10280325633834186
40381,0.044522786000832454,0.4820915689640938,0.044522786000832454
40382,0.02303185539410384,0.06551428485044936,0.02303185539410384
40383,0.034862943573870646,0.1922087397388108,0.034862943573870646
40384,0.09098725067587245,0.5508386551195233,0.09098725067587245
40385,0.0988298777558636,0.2075655273329303,0.0988298777558636
40386,0.07793836373581056,0.7933572467887822,0.07793836373581056
40387,0.09309022400200637,0.09919254967037366,0.09309022400200637
40388,0.2637229333981741,0.22211617658624735,0.2637229333981741
40389,0.6987034924532435,0.7500282812145326,0.6987034924532435
40390,0.05694739617700322,0.379780542458338,0.05694739617700322
40391,0.24701006746687248,0.4386475010676855,0.24701006746687248
40392,0.0911523271950304,0.3883766880438359,0.0911523271950304
40393,0.26503783363826783,0.4728863763203343,0.26503783363826783
40394,0.037936605885512634,0.2939942389221032,0.037936605885512634
40395,0.03453392477930316,0.4966197872037622,0.03453392477930316
40396,0.5397352794523058,0.5509467463279639,0.5397352794523058
40397,0.06003231339547962,0.09644090552029666,0.06003231339547962
40398,0.367081682982509,0.8386055502310855,0.367081682982509
40399,0.25380737537885,0.3065654026155098,0.25380737537885
40400,0.03466316508207825,0.24721511712692112,0.03466316508207825
40401,0.05990941094495226,0.10351970427585225,0.05990941094495226
40402,0.03602920217320564,0.05273743974649872,0.03602920217320564
40403,0.030989561307267717,0.31827948991820965,0.030989561307267717
40404,0.021939771538288147,0.1138994613324148,0.021939771538288147
40405,0.061854520233547,0.6720242984541199,0.061854520233547
40406,0.33416558907805394,0.6329527768135992,0.33416558907805394
40407,0.1593774759483659,0.6932996739151882,0.1593774759483659
40408,0.03521576503085386,0.037829781937110014,0.03521576503085386
40409,0.33899755918171953,0.4148568190689156,0.33899755918171953
40410,0.020693372878577917,0.23604383634823847,0.020693372878577917
40411,0.18726217196026348,0.15489160512218975,0.18726217196026348
40412,0.0512629551356331,0.6269142070976351,0.0512629551356331
40413,0.10703931837375168,0.5121708796745705,0.10703931837375168
40414,0.09707833193622888,0.8608488199962284,0.09707833193622888
40415,0.044726108204887406,0.05761958173887898,0.044726108204887406
40416,0.06610158941556822,0.34758204917204083,0.06610158941556822
40417,0.0339160530019448,0.07960152253869762,0.0339160530019448
40418,0.15758875914188777,0.3020274191767359,0.15758875914188777
40419,0.09587321143855111,0.2580896344527593,0.09587321143855111
40420,0.0568696232062389,0.504458412821849,0.0568696232062389
40421,0.07502955575077508,0.45401272980081686,0.07502955575077508
40422,0.42608874195413915,0.18031955920211096,0.42608874195413915
40423,0.5018761644419604,0.4913821903188509,0.5018761644419604
40424,0.0796578428196127,0.03084807134106671,0.0796578428196127
40425,0.02574206848403768,0.2843629611821697,0.02574206848403768
40426,0.2199425403960457,0.3924633695870694,0.2199425403960457
40427,0.16235572313174898,0.17362440208442986,0.16235572313174898
40428,0.32294543337456805,0.31125995636299697,0.32294543337456805
40429,0.6368573705968976,0.834625758663394,0.6368573705968976
40430,0.49449282545711404,0.9349190758699488,0.49449282545711404
40431,0.05504974770234714,0.0835971009172355,0.05504974770234714
40432,0.17146144982212672,0.48210701474640744,0.17146144982212672
40433,0.05447902903096865,0.204249054794169,0.05447902903096865
40434,0.04727362882355889,0.08562979900840127,0.04727362882355889
40435,0.09816986120456142,0.818924562888388,0.09816986120456142
40436,0.05283132333217474,0.06753317524330547,0.05283132333217474
40437,0.12304281302282911,0.7693247056301735,0.12304281302282911
40438,0.27161752878469786,0.49471155621779467,0.27161752878469786
40439,0.14454747583884325,0.6697079894731288,0.14454747583884325
40440,0.013025756758362393,0.1357401807550717,0.013025756758362393
40441,0.6789540175926819,0.34012606060249606,0.6789540175926819
40442,0.08357031619505889,0.3487154973888255,0.08357031619505889
40443,0.037096588250405065,0.3479607095181979,0.037096588250405065
40444,0.22284746329305988,0.43126481853849424,0.22284746329305988
40445,0.2828175476207507,0.27632523285572236,0.2828175476207507
40446,0.07843125359664983,0.3510866713636136,0.07843125359664983
40447,0.4891753115576785,0.5327021496193315,0.4891753115576785
40448,0.058067701521238434,0.3924676990835224,0.058067701521238434
40449,0.05116389413395755,0.48386113018091714,0.05116389413395755
40450,0.13346812784271717,0.11735109393385262,0.13346812784271717
40451,0.6480239592792212,0.6178511141537413,0.6480239592792212
40452,0.02516726930795853,0.08392105431099602,0.02516726930795853
40453,0.8570932067114595,0.9543968669517829,0.8570932067114595
40454,0.03490887670755055,0.05376176801885424,0.03490887670755055
40455,0.6811484222023123,0.6890777891775544,0.6811484222023123
40456,0.15702398611205773,0.16966429907963113,0.15702398611205773
40457,0.028605221054751842,0.7048759175317374,0.028605221054751842
40458,0.03548134266450756,0.0400909196111629,0.03548134266450756
40459,0.8819920588433373,0.9289136394724669,0.8819920588433373
40460,0.09145231578903651,0.7827916848985155,0.09145231578903651
40461,0.1390707470281244,0.18031778720534608,0.1390707470281244
40462,0.14648816504477852,0.3411689118407763,0.14648816504477852
40463,0.12706664327794154,0.8045843624974668,0.12706664327794154
40464,0.07150029028164584,0.20880210161602292,0.07150029028164584
40465,0.04492236676702402,0.09620499398103954,0.04492236676702402
40466,0.023549607395722053,0.47837785243614744,0.023549607395722053
40467,0.08933748910453146,0.23249964350731123,0.08933748910453146
40468,0.03715059234503136,0.6481692085731664,0.03715059234503136
40469,0.02721496150453845,0.23935126217501437,0.02721496150453845
40470,0.18520905093601112,0.5953700754937946,0.18520905093601112
40471,0.07498697292399338,0.3143228675418596,0.07498697292399338
40472,0.013465243916018905,0.12849400986000187,0.013465243916018905
40473,0.09084288701656991,0.405506895270536,0.09084288701656991
40474,0.14884500258435146,0.38346721689895424,0.14884500258435146
40475,0.048091311680700966,0.43519109766123987,0.048091311680700966
40476,0.0711031375586501,0.01635858551519855,0.0711031375586501
40477,0.3117777187980459,0.5816794526526825,0.3117777187980459
40478,0.0749751461778753,0.4342034566409476,0.0749751461778753
40479,0.06735758138162387,0.2653035752288787,0.06735758138162387
40480,0.6139079082122678,0.6384640329867411,0.6139079082122678
40481,0.03678305858641457,0.13856706878787378,0.03678305858641457
40482,0.6168850422274436,0.245428132283441,0.6168850422274436
40483,0.09714487426379778,0.26664341230862326,0.09714487426379778
40484,0.6715903776493531,0.9426712440107274,0.6715903776493531
40485,0.05865624374262674,0.19328498646750808,0.05865624374262674
40486,0.046798445475114955,0.038384166848929244,0.046798445475114955
40487,0.11617412430712006,0.48713528154354196,0.11617412430712006
40488,0.4006065317650595,0.5328600054043999,0.4006065317650595
40489,0.4219374635359751,0.3305625717509037,0.4219374635359751
40490,0.16848659271687358,0.39380294394400994,0.16848659271687358
40491,0.07501484685706146,0.4087348988788345,0.07501484685706146
40492,0.17042473826148832,0.4787522813849882,0.17042473826148832
40493,0.009455605624921771,0.20628119955346297,0.009455605624921771
40494,0.01792393760403058,0.02479531908505735,0.01792393760403058
40495,0.05421174331866397,0.12307462276003327,0.05421174331866397
40496,0.1518267704649059,0.5814976595016522,0.1518267704649059
40497,0.03586752169456769,0.3755230629576038,0.03586752169456769
40498,0.024518247014877086,0.4187574661528623,0.024518247014877086
40499,0.13597548937264706,0.1936256913248409,0.13597548937264706
40500,0.175613639854143,0.0814336758287704,0.175613639854143
40501,0.03208107625506221,0.20412707252209678,0.03208107625506221
40502,0.05952843504780788,0.2324474613193684,0.05952843504780788
40503,0.030854465798247077,0.4187133762873445,0.030854465798247077
40504,0.038438188332386644,0.16163329002823304,0.038438188332386644
40505,0.0852025949027172,0.30266807777385396,0.0852025949027172
40506,0.13543761344372107,0.724636547699068,0.13543761344372107
40507,0.05793123300348734,0.4403829025372378,0.05793123300348734
40508,0.30462866127729177,0.18251469926600158,0.30462866127729177
40509,0.05647721443116862,0.24428042573106631,0.05647721443116862
40510,0.08950650156407784,0.8644420265958767,0.08950650156407784
40511,0.12336597630476376,0.48309313039968965,0.12336597630476376
40512,0.6153678451317062,0.6869368881218028,0.6153678451317062
40513,0.11953070949549674,0.40730684952679885,0.11953070949549674
40514,0.06623296810396798,0.8365276230290413,0.06623296810396798
40515,0.07384174718969626,0.7970119573983901,0.07384174718969626
40516,0.25942758803869403,0.7423459035146421,0.25942758803869403
40517,0.05423151201549666,0.15654676649460297,0.05423151201549666
40518,0.01811248151875784,0.03848195774346109,0.01811248151875784
40519,0.2732362777034913,0.41037700103406777,0.2732362777034913
40520,0.7750139729430784,0.9171812374851087,0.7750139729430784
40521,0.6287114983099533,0.8468208203945754,0.6287114983099533
40522,0.05176248013020421,0.505904512487696,0.05176248013020421
40523,0.04148569925190417,0.34425269952482884,0.04148569925190417
40524,0.03989303498871795,0.48333419019922613,0.03989303498871795
40525,0.6660458212344496,0.9216178610826931,0.6660458212344496
40526,0.07814019999143393,0.20139983964142222,0.07814019999143393
40527,0.44149559004500094,0.8917973871683551,0.44149559004500094
40528,0.049790742216278425,0.15628381395586044,0.049790742216278425
40529,0.06590726511501213,0.03439927206191008,0.06590726511501213
40530,0.14864261043837385,0.2809362699068,0.14864261043837385
40531,0.04656154948447142,0.21588445940932935,0.04656154948447142
40532,0.09454834232713871,0.30462674179879234,0.09454834232713871
40533,0.2077079624149236,0.6193304710065876,0.2077079624149236
40534,0.09355218887165127,0.2669767634615465,0.09355218887165127
40535,0.1087366098213131,0.2779251517578569,0.1087366098213131
40536,0.18975729490325638,0.30079788718189293,0.18975729490325638
40537,0.015668108629876436,0.2122739271789971,0.015668108629876436
40538,0.05426182662404632,0.7957345991282738,0.05426182662404632
40539,0.04558667323760615,0.5427705700126073,0.04558667323760615
40540,0.23980824627560657,0.4626184242673326,0.23980824627560657
40541,0.04371965973789915,0.8209357020517051,0.04371965973789915
40542,0.05060545211808135,0.025894306716975322,0.05060545211808135
40543,0.06985964868255908,0.20609143717262549,0.06985964868255908
40544,0.04267050272147928,0.3983589906968308,0.04267050272147928
40545,0.09852365335157617,0.7890252798712314,0.09852365335157617
40546,0.04571945929619235,0.27701664424972583,0.04571945929619235
40547,0.2832943878363937,0.5486507298625832,0.2832943878363937
40548,0.047015729344208855,0.23521988728080004,0.047015729344208855
40549,0.07751347403951767,0.4847005652839902,0.07751347403951767
40550,0.09240387640100721,0.4435994983688441,0.09240387640100721
40551,0.18164642969815326,0.46496944473077506,0.18164642969815326
40552,0.06826665645337772,0.5344421519248777,0.06826665645337772
40553,0.045887295025687086,0.15196132032915566,0.045887295025687086
40554,0.5207813596172657,0.25531336890639705,0.5207813596172657
40555,0.06212274262374617,0.23957791515617105,0.06212274262374617
40556,0.04747024147833658,0.17631152826164562,0.04747024147833658
40557,0.08133521482767604,0.45694448155475,0.08133521482767604
40558,0.5061140097781937,0.35517664541825744,0.5061140097781937
40559,0.07819048572684356,0.5894195788336608,0.07819048572684356
40560,0.3909772081895623,0.6183486589957555,0.3909772081895623
40561,0.039235932641862106,0.5224723685793035,0.039235932641862106
40562,0.31117887730337357,0.08454232144864948,0.31117887730337357
40563,0.0627072143847961,0.13103353545364044,0.0627072143847961
40564,0.5379719076792785,0.5199736914031214,0.5379719076792785
40565,0.48288847012528374,0.21912441894843826,0.48288847012528374
40566,0.0761184555715767,0.16701990155608268,0.0761184555715767
40567,0.3968252552269876,0.366879191823231,0.3968252552269876
40568,0.022949734585305775,0.07084561305384758,0.022949734585305775
40569,0.15340543446349983,0.8615217995688943,0.15340543446349983
40570,0.5721527441765921,0.38682050286471215,0.5721527441765921
40571,0.029288585517864445,0.4502368350704434,0.029288585517864445
40572,0.039247822289122124,0.6609672148683684,0.039247822289122124
40573,0.1254374576129363,0.5405852195908862,0.1254374576129363
40574,0.052255206508483185,0.3846390218547849,0.052255206508483185
40575,0.7069212695962543,0.6746235865359586,0.7069212695962543
40576,0.03492952698470643,0.03034369975469867,0.03492952698470643
40577,0.31637093201998545,0.2501138586957374,0.31637093201998545
40578,0.2176142762385528,0.06071171682670401,0.2176142762385528
40579,0.010774950385890632,0.033716011452994084,0.010774950385890632
40580,0.019794212796894813,0.1007008423118706,0.019794212796894813
40581,0.12021723997998794,0.17233231844356792,0.12021723997998794
40582,0.4475155089901258,0.6778931540870193,0.4475155089901258
40583,0.03539278768461099,0.23011241599184432,0.03539278768461099
40584,0.3437699839584406,0.47234721274869057,0.3437699839584406
40585,0.07676609627146141,0.19870161643901252,0.07676609627146141
40586,0.06144860542373692,0.13665045886761243,0.06144860542373692
40587,0.33987623405194883,0.6869323104114838,0.33987623405194883
40588,0.06100347331893544,0.5252966646625936,0.06100347331893544
40589,0.09689301174946678,0.21544269851116837,0.09689301174946678
40590,0.1962496078184101,0.652293742350451,0.1962496078184101
40591,0.11662728812753947,0.7079292692482693,0.11662728812753947
40592,0.1932142119744298,0.5798155613208487,0.1932142119744298
40593,0.059129586407494925,0.3161984951501303,0.059129586407494925
40594,0.06864883623777504,0.05425885933631696,0.06864883623777504
40595,0.10911289195454438,0.7286809354602548,0.10911289195454438
40596,0.04131043840568572,0.24048902774317554,0.04131043840568572
40597,0.06698514367747936,0.8692815240791899,0.06698514367747936
40598,0.08226392287517008,0.37738509309446655,0.08226392287517008
40599,0.027295610703941844,0.25262279903897267,0.027295610703941844
40600,0.11447140740109915,0.4008887243119001,0.11447140740109915
40601,0.09853049158801133,0.3490184685367556,0.09853049158801133
40602,0.013293764704975078,0.0635300648547156,0.013293764704975078
40603,0.0681147465664321,0.07698375255340861,0.0681147465664321
40604,0.27833460087003037,0.03337383657913378,0.27833460087003037
40605,0.8922312214702017,0.8331037868833758,0.8922312214702017
40606,0.20856427202939068,0.5022527830806186,0.20856427202939068
40607,0.10608466820686213,0.5603759710608619,0.10608466820686213
40608,0.021084260585228762,0.12367712947932613,0.021084260585228762
40609,0.09876397211172042,0.18179711434259999,0.09876397211172042
40610,0.11849002824030964,0.27576057614811855,0.11849002824030964
40611,0.14452365832217676,0.36676186580142706,0.14452365832217676
40612,0.04721031301870271,0.5754671718176988,0.04721031301870271
40613,0.8435918544895514,0.5693868232223774,0.8435918544895514
40614,0.07751207423074462,0.09770862372000004,0.07751207423074462
40615,0.025381920814496656,0.07036801601218164,0.025381920814496656
40616,0.03312758819018003,0.16424461010650176,0.03312758819018003
40617,0.01885042659049573,0.4878140285151783,0.01885042659049573
40618,0.01257227780845292,0.17940044578458267,0.01257227780845292
40619,0.11940429520613619,0.7658418180147318,0.11940429520613619
40620,0.6733130718313451,0.743937374936501,0.6733130718313451
40621,0.29770859727007376,0.40922944732603084,0.29770859727007376
40622,0.037640137637303034,0.08071405114552282,0.037640137637303034
40623,0.04755325746656574,0.6479603638152325,0.04755325746656574
40624,0.5565228620386015,0.6589066279789547,0.5565228620386015
40625,0.042339235244069816,0.6947867941670736,0.042339235244069816
40626,0.041705108438745045,0.06365043377106684,0.041705108438745045
40627,0.09161207653939195,0.6306298422632101,0.09161207653939195
40628,0.025043761127673068,0.11999942737233582,0.025043761127673068
40629,0.07602365321996464,0.1766162854245268,0.07602365321996464
40630,0.17456061652854524,0.41435102786729344,0.17456061652854524
40631,0.033214906528150206,0.18686152043639542,0.033214906528150206
40632,0.46836705708781917,0.456314653528374,0.46836705708781917
40633,0.040955467976499134,0.1695620614762042,0.040955467976499134
40634,0.09174066181179742,0.30275150487960506,0.09174066181179742
40635,0.05703166226736269,0.6095372826104477,0.05703166226736269
40636,0.04340081267838188,0.44839683654630563,0.04340081267838188
40637,0.46454028216464205,0.5750274144096584,0.46454028216464205
40638,0.03488003050139592,0.5274425304449377,0.03488003050139592
40639,0.07247545559585042,0.32211173287932043,0.07247545559585042
40640,0.0423704723282097,0.5004359512186306,0.0423704723282097
40641,0.05096091462535712,0.2431096854295456,0.05096091462535712
40642,0.050635196259337684,0.06796215596796482,0.050635196259337684
40643,0.06877076226292783,0.14301351014539124,0.06877076226292783
40644,0.11394095523927365,0.4992500758868044,0.11394095523927365
40645,0.003302984671075919,0.06553714661581665,0.003302984671075919
40646,0.21507835336279896,0.8645555105009839,0.21507835336279896
40647,0.3213773795089664,0.7068076435614359,0.3213773795089664
40648,0.15751010534158982,0.44046204294380653,0.15751010534158982
40649,0.05926244848694729,0.7307097672649346,0.05926244848694729
40650,0.42554670293241,0.8859305970205917,0.42554670293241
40651,0.12205215425356489,0.671847602034185,0.12205215425356489
40652,0.39810206515429114,0.5911311060658628,0.39810206515429114
40653,0.0740209616514546,0.5334575934698699,0.0740209616514546
40654,0.13845703136020937,0.37916530157106954,0.13845703136020937
40655,0.1659777726675121,0.09896653984463256,0.1659777726675121
40656,0.053609492634776976,0.2080134192798051,0.053609492634776976
40657,0.16096983726597083,0.3614300992544353,0.16096983726597083
40658,0.0809563070710609,0.21856383811284957,0.0809563070710609
40659,0.007065955278749835,0.12078595232187783,0.007065955278749835
40660,0.21362524788661783,0.4755103268183506,0.21362524788661783
40661,0.03725789160134519,0.07949297120146338,0.03725789160134519
40662,0.7381086518979401,0.7388741562211967,0.7381086518979401
40663,0.5255222632964213,0.5032233179355797,0.5255222632964213
40664,0.31877595268288655,0.25639522330619735,0.31877595268288655
40665,0.08528256529182077,0.14064667456632135,0.08528256529182077
40666,0.23415098971724493,0.6696653192927688,0.23415098971724493
40667,0.08932715552216405,0.38642475538104853,0.08932715552216405
40668,0.12515424279486323,0.34190245093031496,0.12515424279486323
40669,0.03877049563774197,0.25220973938233165,0.03877049563774197
40670,0.02786650890450587,0.14977761522923885,0.02786650890450587
40671,0.23504512052864257,0.19518745335205887,0.23504512052864257
40672,0.46635077643739503,0.5114119519619335,0.46635077643739503
40673,0.2838038502787448,0.6351627015306067,0.2838038502787448
40674,0.049223118418702826,0.14065268326434646,0.049223118418702826
40675,0.38784469262687543,0.6071372020352391,0.38784469262687543
40676,0.11704605790689426,0.2795277943358939,0.11704605790689426
40677,0.0365031244492352,0.3152162186987953,0.0365031244492352
40678,0.40121828014168753,0.17098993232817214,0.40121828014168753
40679,0.07521539460348498,0.362265143536489,0.07521539460348498
40680,0.05277007528228847,0.1904168498966771,0.05277007528228847
40681,0.10257722349617182,0.8623244762657664,0.10257722349617182
40682,0.13830245400027344,0.6107565718279631,0.13830245400027344
40683,0.062307364571321376,0.4271382287563343,0.062307364571321376
40684,0.09056764472935429,0.31285192008182955,0.09056764472935429
40685,0.05168005920683337,0.7372471822473391,0.05168005920683337
40686,0.05567263745290053,0.8339367475756408,0.05567263745290053
40687,0.17641857257166785,0.30786762949232044,0.17641857257166785
40688,0.1730287768100084,0.3861643573543831,0.1730287768100084
40689,0.8015757075007793,0.729092445347674,0.8015757075007793
40690,0.06800470828111785,0.2711988151152229,0.06800470828111785
40691,0.03746029155198268,0.10540521732459036,0.03746029155198268
40692,0.21049981916252203,0.31263206163934654,0.21049981916252203
40693,0.0286738289717114,0.6064354459737773,0.0286738289717114
40694,0.06201749914547928,0.9443711837136934,0.06201749914547928
40695,0.0680753790225619,0.2587347570162901,0.0680753790225619
40696,0.03774489499654935,0.04571449557306968,0.03774489499654935
40697,0.13810281638433536,0.3376229754504499,0.13810281638433536
40698,0.06957607895531095,0.7683169017265781,0.06957607895531095
40699,0.6029829083527831,0.8912992099187805,0.6029829083527831
40700,0.2636376399423457,0.316450951043827,0.2636376399423457
40701,0.5833626020085617,0.6569646732636952,0.5833626020085617
40702,0.40526759475115653,0.25845685665741425,0.40526759475115653
40703,0.1167228586825706,0.27227194343432265,0.1167228586825706
40704,0.6770695241864023,0.8787032923006148,0.6770695241864023
40705,0.17417885753877396,0.5531625565741279,0.17417885753877396
40706,0.021494791259881775,0.1908113789697968,0.021494791259881775
40707,0.6677515976879228,0.9402675748527706,0.6677515976879228
40708,0.4136963416094436,0.5668311627477082,0.4136963416094436
40709,0.07178627812231714,0.3492040277129361,0.07178627812231714
40710,0.6870908443967938,0.3730309400212478,0.6870908443967938
40711,0.033620869481647025,0.8773827820961937,0.033620869481647025
40712,0.03150170953199483,0.2634430509648368,0.03150170953199483
40713,0.11333753523724076,0.5116105168511074,0.11333753523724076
40714,0.0951899279144627,0.13313438574714817,0.0951899279144627
40715,0.8124106337584575,0.7903925667910872,0.8124106337584575
40716,0.04658543706217945,0.24932658539567581,0.04658543706217945
40717,0.14134985717827103,0.28959865036054844,0.14134985717827103
40718,0.12710679964762656,0.4590651104904978,0.12710679964762656
40719,0.04551418022091755,0.2409639938847677,0.04551418022091755
40720,0.10616970288126283,0.6935257305365469,0.10616970288126283
40721,0.25759543740444935,0.7472029421728761,0.25759543740444935
40722,0.11132700138066962,0.6250093345985159,0.11132700138066962
40723,0.08100781261978254,0.05485893550200574,0.08100781261978254
40724,0.09626362541354413,0.09597089461340388,0.09626362541354413
40725,0.04193577803030482,0.2854651973433582,0.04193577803030482
40726,0.04926033548079454,0.026535489396324975,0.04926033548079454
40727,0.024515860302483355,0.06270943937219983,0.024515860302483355
40728,0.03036024371125263,0.13811700409156655,0.03036024371125263
40729,0.024697233995828165,0.2971572920983584,0.024697233995828165
40730,0.050370341328859015,0.34592371056384985,0.050370341328859015
40731,0.2326229618564539,0.6312915830215546,0.2326229618564539
40732,0.06743333180284497,0.026766121686530493,0.06743333180284497
40733,0.04788345495624682,0.924861828145485,0.04788345495624682
40734,0.05702271235790068,0.1392538469146702,0.05702271235790068
40735,0.24617965222594865,0.7000358846248262,0.24617965222594865
40736,0.07371685468676059,0.3712759438481384,0.07371685468676059
40737,0.015292899042856379,0.04978662351129864,0.015292899042856379
40738,0.1149466965504025,0.722620241311099,0.1149466965504025
40739,0.09071790245656788,0.036314980643416046,0.09071790245656788
40740,0.055396795724531135,0.2310742061827292,0.055396795724531135
40741,0.04688456388551038,0.048828596202478404,0.04688456388551038
40742,0.04549036306807377,0.17605427491642708,0.04549036306807377
40743,0.2391217655417518,0.5596463039380483,0.2391217655417518
40744,0.02362012254343166,0.3651172017390995,0.02362012254343166
40745,0.028396174402348512,0.7088666143105652,0.028396174402348512
40746,0.015536584896677568,0.05848490508333232,0.015536584896677568
40747,0.031900195681786016,0.12442412476769533,0.031900195681786016
40748,0.09019118629067864,0.6081826568387201,0.09019118629067864
40749,0.17052435059425594,0.4644399428540274,0.17052435059425594
40750,0.14261803343048296,0.049482912809671924,0.14261803343048296
40751,0.04064719517276958,0.7811611865333936,0.04064719517276958
40752,0.030066628598133003,0.10362071937308978,0.030066628598133003
40753,0.3407967439068959,0.8431968051089758,0.3407967439068959
40754,0.020967315982530415,0.1425312128893754,0.020967315982530415
40755,0.10820615670527113,0.5428754947227566,0.10820615670527113
40756,0.06631199023838225,0.23410954002469836,0.06631199023838225
40757,0.07638539959022757,0.41253057346436894,0.07638539959022757
40758,0.24037588108225852,0.8873450710989456,0.24037588108225852
40759,0.08477685480084902,0.35272162310174193,0.08477685480084902
40760,0.10899446085208649,0.5887492156315123,0.10899446085208649
40761,0.3503385597943421,0.6235922527128268,0.3503385597943421
40762,0.06323505880458609,0.4061402296463324,0.06323505880458609
40763,0.02148782476513296,0.09656896758325677,0.02148782476513296
40764,0.04192545176414384,0.04463867578262991,0.04192545176414384
40765,0.2587639986849325,0.26750642131809377,0.2587639986849325
40766,0.5411187872228344,0.8825204723385403,0.5411187872228344
40767,0.10564393219512476,0.15356337412658244,0.10564393219512476
40768,0.04691963982220131,0.5408088126982888,0.04691963982220131
40769,0.06981548439764655,0.19272050289694867,0.06981548439764655
40770,0.01977746823527175,0.08415965899841041,0.01977746823527175
40771,0.025186439513629037,0.3442249090935978,0.025186439513629037
40772,0.7347608572940745,0.4758989604357008,0.7347608572940745
40773,0.032212470681310806,0.3230957278406283,0.032212470681310806
40774,0.04089938565071794,0.3113981112184489,0.04089938565071794
40775,0.050919023894693584,0.09288227375791727,0.050919023894693584
40776,0.1264871001957202,0.3354122981271284,0.1264871001957202
40777,0.2801977534144273,0.7297826203467875,0.2801977534144273
40778,0.007961567845120155,0.06390427167319604,0.007961567845120155
40779,0.25424111390409576,0.6937765359709837,0.25424111390409576
40780,0.0825807210009378,0.6202315796171116,0.0825807210009378
40781,0.2808387164062319,0.8573119449052399,0.2808387164062319
40782,0.5374339830726844,0.3807717769151131,0.5374339830726844
40783,0.025358676983748607,0.03647149997757363,0.025358676983748607
40784,0.05315093794074149,0.2159817548397586,0.05315093794074149
40785,0.030202748612513975,0.2964475426339951,0.030202748612513975
40786,0.09518049912864857,0.2995077523002287,0.09518049912864857
40787,0.06575545219545582,0.6708034935753745,0.06575545219545582
40788,0.038513686809961215,0.22323932547524544,0.038513686809961215
40789,0.07894413807794677,0.5911607422190764,0.07894413807794677
40790,0.12489078800827827,0.482290646762162,0.12489078800827827
40791,0.04391595556595312,0.09829505258751624,0.04391595556595312
40792,0.07658899165287643,0.3554830189229205,0.07658899165287643
40793,0.13844018437459513,0.02782840383259333,0.13844018437459513
40794,0.14092347870358313,0.3494709700845532,0.14092347870358313
40795,0.21217003628733966,0.39101922556991925,0.21217003628733966
40796,0.04636803867727508,0.21546099699307728,0.04636803867727508
40797,0.07243245808212127,0.28302260199786883,0.07243245808212127
40798,0.029456749986456796,0.6408442841045979,0.029456749986456796
40799,0.6618132781632573,0.48519421023983067,0.6618132781632573
40800,0.029370225070845125,0.007961495696322117,0.029370225070845125
40801,0.018762209876008715,0.2553106414517175,0.018762209876008715
40802,0.0560939163143856,0.11928498205876395,0.0560939163143856
40803,0.5412436916643926,0.3908181046968802,0.5412436916643926
40804,0.7919418916898932,0.865141486322929,0.7919418916898932
40805,0.4947658497749129,0.7165195774480221,0.4947658497749129
40806,0.12673990467128884,0.41794868652631467,0.12673990467128884
40807,0.1083863109846894,0.3155989979143771,0.1083863109846894
40808,0.06564602154562738,0.13620781667786205,0.06564602154562738
40809,0.029970742859837068,0.013434200026714362,0.029970742859837068
40810,0.03392321818837802,0.10406606511632634,0.03392321818837802
40811,0.35443030726940455,0.9216889648372603,0.35443030726940455
40812,0.13928352255013943,0.3843376060875143,0.13928352255013943
40813,0.03980648752539538,0.12545675995100294,0.03980648752539538
40814,0.0833611001133838,0.05315446760724943,0.0833611001133838
40815,0.096931715905797,0.1975850899654636,0.096931715905797
40816,0.01550145464487777,0.10551394191508834,0.01550145464487777
40817,0.14095678751220436,0.3824846608762198,0.14095678751220436
40818,0.03892407278298104,0.0621942881544196,0.03892407278298104
40819,0.06971355219115342,0.834290688073638,0.06971355219115342
40820,0.10912260231350937,0.41405598137653193,0.10912260231350937
40821,0.07766750635644527,0.4075034195292715,0.07766750635644527
40822,0.1965741173696634,0.2475487231660753,0.1965741173696634
40823,0.2982546292088984,0.5255756590252988,0.2982546292088984
40824,0.08037009920765431,0.4745051619001566,0.08037009920765431
40825,0.18620458574439788,0.6663250079353897,0.18620458574439788
40826,0.21802271003338,0.8311148949101269,0.21802271003338
40827,0.030372254596044135,0.8743809073413094,0.030372254596044135
40828,0.08023048238252013,0.37627330620146854,0.08023048238252013
40829,0.03037676544501475,0.49278699884893556,0.03037676544501475
40830,0.029712356318085144,0.8179991944724647,0.029712356318085144
40831,0.12729190394238074,0.42307388422363634,0.12729190394238074
40832,0.8969209384760028,0.5758098326013696,0.8969209384760028
40833,0.8636953325621866,0.8586481939385848,0.8636953325621866
40834,0.06682878014942908,0.0884044405488172,0.06682878014942908
40835,0.08980914014569474,0.3519572291444471,0.08980914014569474
40836,0.0967751953059769,0.5427826718537806,0.0967751953059769
40837,0.08828278688089565,0.3859453482833124,0.08828278688089565
40838,0.3221661256148229,0.8621127209427213,0.3221661256148229
40839,0.09565521469565196,0.3100623371092678,0.09565521469565196
40840,0.30720194988436506,0.5997899691752275,0.30720194988436506
40841,0.3257487143361015,0.5331783831012573,0.3257487143361015
40842,0.31493954606172697,0.3908192236430443,0.31493954606172697
40843,0.0806952835443717,0.44361290061696157,0.0806952835443717
40844,0.06824439014192761,0.3549794566001356,0.06824439014192761
40845,0.09252943387161142,0.1520017669996604,0.09252943387161142
40846,0.11658333476160994,0.7901731354196329,0.11658333476160994
40847,0.5484605465867395,0.36045287150167227,0.5484605465867395
40848,0.39796550128697655,0.7885315469783624,0.39796550128697655
40849,0.06680487203806416,0.8953003065331524,0.06680487203806416
40850,0.37651797587391056,0.6885578075054484,0.37651797587391056
40851,0.14210509494057505,0.4939455087287544,0.14210509494057505
40852,0.048832176485745865,0.0809512361464924,0.048832176485745865
40853,0.4767545253616771,0.6348055114615038,0.4767545253616771
40854,0.24885548302658436,0.7740762802857342,0.24885548302658436
40855,0.05275182052008492,0.6252009532927003,0.05275182052008492
40856,0.0334571163161049,0.7507339335620264,0.0334571163161049
40857,0.2867213527760176,0.6394559379421754,0.2867213527760176
40858,0.1154892084218417,0.10565688120887931,0.1154892084218417
40859,0.2970506953470689,0.18443586286015587,0.2970506953470689
40860,0.5728027294671846,0.7435801406712947,0.5728027294671846
40861,0.06786551932810167,0.4613215379865566,0.06786551932810167
40862,0.21236334970503998,0.35547633499444714,0.21236334970503998
40863,0.06598111802749541,0.22534729812768242,0.06598111802749541
40864,0.107281399305639,0.4216711153679415,0.107281399305639
40865,0.08140163893042184,0.12480996866058047,0.08140163893042184
40866,0.16332266658469494,0.7755246645635918,0.16332266658469494
40867,0.1547206963096647,0.4304546925133368,0.1547206963096647
40868,0.04877022470141413,0.3863036308417487,0.04877022470141413
40869,0.10721916406035625,0.42981959349008036,0.10721916406035625
40870,0.01156298840472858,0.03888757960709301,0.01156298840472858
40871,0.30638827306121147,0.5042502428830231,0.30638827306121147
40872,0.1259674193937732,0.38833381153607127,0.1259674193937732
40873,0.6489434972764287,0.6285680999353155,0.6489434972764287
40874,0.6309530024007471,0.6981256131622889,0.6309530024007471
40875,0.5026764336114012,0.5246887406430465,0.5026764336114012
40876,0.8981955074706603,0.7767001729756554,0.8981955074706603
40877,0.06788198614387556,0.6120043011057551,0.06788198614387556
40878,0.07903628552609711,0.3099891111388841,0.07903628552609711
40879,0.101047407167787,0.7990021191615442,0.101047407167787
40880,0.4410117562186252,0.8664030799680233,0.4410117562186252
40881,0.08195732024318866,0.23332677135905716,0.08195732024318866
40882,0.36158756081471993,0.5928476785709227,0.36158756081471993
40883,0.519101085350618,0.6326559291142664,0.519101085350618
40884,0.04248816945442431,0.3881788823422012,0.04248816945442431
40885,0.10681321329097766,0.598215334020945,0.10681321329097766
40886,0.00783486709730297,0.1603029895890048,0.00783486709730297
40887,0.04548352099114156,0.4524617374297738,0.04548352099114156
40888,0.1287916673503783,0.29786066185865856,0.1287916673503783
40889,0.022311691580686854,0.8298346490302021,0.022311691580686854
40890,0.03693568743903879,0.28061695791402647,0.03693568743903879
40891,0.14394803013197316,0.3905380426599417,0.14394803013197316
40892,0.09419179435101818,0.2991046553430712,0.09419179435101818
40893,0.2987859707613861,0.8034141109155855,0.2987859707613861
40894,0.11171297386373218,0.03787941741099715,0.11171297386373218
40895,0.1245442384013081,0.4695471664043476,0.1245442384013081
40896,0.08627513634198139,0.16367922024790518,0.08627513634198139
40897,0.2777408678165509,0.7485017594533677,0.2777408678165509
40898,0.22440755059480844,0.5034216057785806,0.22440755059480844
40899,0.17457081288191398,0.668909154469841,0.17457081288191398
40900,0.0837608775417744,0.2116965972779854,0.0837608775417744
40901,0.2778027373160739,0.24509210177802887,0.2778027373160739
40902,0.1292832266886687,0.7331266501229277,0.1292832266886687
40903,0.04939120630028595,0.3385524630363761,0.04939120630028595
40904,0.07232337587513044,0.3919973022593194,0.07232337587513044
40905,0.3201152443396084,0.7019072493756741,0.3201152443396084
40906,0.4224877527158076,0.5609264338846949,0.4224877527158076
40907,0.23694613401742035,0.5990491331640834,0.23694613401742035
40908,0.09342227014441043,0.5737859091323301,0.09342227014441043
40909,0.16991692382381693,0.5284888215481882,0.16991692382381693
40910,0.6843818555889568,0.7154722843891702,0.6843818555889568
40911,0.050292349454955004,0.5344138953139572,0.050292349454955004
40912,0.07917470215235368,0.07751486117158968,0.07917470215235368
40913,0.08885985201087795,0.24120733815378387,0.08885985201087795
40914,0.49921189664097315,0.8317334449060825,0.49921189664097315
40915,0.13433644984647336,0.3313507898629018,0.13433644984647336
40916,0.014790353226909497,0.20700583641462908,0.014790353226909497
40917,0.03521630736268216,0.48928983731001363,0.03521630736268216
40918,0.3513572114169251,0.3150673565431455,0.3513572114169251
40919,0.6636415902090227,0.9196170586348353,0.6636415902090227
40920,0.1085858368823582,0.1434998919957823,0.1085858368823582
40921,0.0709894240841368,0.184567545424604,0.0709894240841368
40922,0.08668763057751083,0.3444527779344556,0.08668763057751083
40923,0.10993870361867622,0.5742827273451848,0.10993870361867622
40924,0.055835032942846835,0.21708716353771199,0.055835032942846835
40925,0.02787175680535478,0.0925958803225697,0.02787175680535478
40926,0.4814697686892711,0.1942087868481877,0.4814697686892711
40927,0.10978449791747236,0.305558848024645,0.10978449791747236
40928,0.7691352635216331,0.9414048998947208,0.7691352635216331
40929,0.05809330230686302,0.3479305934776725,0.05809330230686302
40930,0.22873429299134254,0.8887307559462132,0.22873429299134254
40931,0.13042026483586763,0.3238549374272076,0.13042026483586763
40932,0.5130479084197048,0.05717543191430911,0.5130479084197048
40933,0.8092814409617134,0.5451236914801373,0.8092814409617134
40934,0.576733656453712,0.8973040049744062,0.576733656453712
40935,0.057566183790249935,0.5056696074143152,0.057566183790249935
40936,0.07395691000998361,0.7300305935599554,0.07395691000998361
40937,0.03538154828945072,0.19980480094558392,0.03538154828945072
40938,0.04308479622222018,0.3098019054446227,0.04308479622222018
40939,0.13883499288839393,0.8136658228858685,0.13883499288839393
40940,0.07116402478698432,0.46375881625042303,0.07116402478698432
40941,0.020463237750533523,0.2248798601582723,0.020463237750533523
40942,0.13411891206813079,0.3760545450721877,0.13411891206813079
40943,0.008032211567997006,0.02637381729303616,0.008032211567997006
40944,0.024748736581495987,0.36561546001573614,0.024748736581495987
40945,0.11950850213591514,0.5373344958097191,0.11950850213591514
40946,0.019638831176763655,0.17107192383982298,0.019638831176763655
40947,0.051481457302358265,0.10457077937745392,0.051481457302358265
40948,0.03644050715199032,0.2715557166280906,0.03644050715199032
40949,0.01827113546195676,0.7716345737753746,0.01827113546195676
40950,0.012627547916614128,0.8679456417416209,0.012627547916614128
40951,0.7678361077332733,0.8412908606925714,0.7678361077332733
40952,0.10488900611900558,0.11357931011777937,0.10488900611900558
40953,0.0797206341927403,0.5715043722461479,0.0797206341927403
40954,0.2733518830230461,0.9483023881219294,0.2733518830230461
40955,0.06012797876892348,0.41426975851157116,0.06012797876892348
40956,0.14804737601716383,0.5361881204112924,0.14804737601716383
40957,0.0408317644917455,0.1669470776392084,0.0408317644917455
40958,0.5398862669429413,0.7605461197322,0.5398862669429413
40959,0.0429344653584232,0.08410945732048086,0.0429344653584232
40960,0.5606148744003415,0.7154946346564728,0.5606148744003415
40961,0.05263119902482626,0.13416371348744396,0.05263119902482626
40962,0.2044722888889435,0.8715404865358647,0.2044722888889435
40963,0.12971333103253752,0.19784637089617935,0.12971333103253752
40964,0.2304362876528186,0.1336460375461763,0.2304362876528186
40965,0.5733627519863599,0.7155097065539604,0.5733627519863599
40966,0.020476509857873908,0.15555660320540685,0.020476509857873908
40967,0.05117524185972112,0.18213394973451866,0.05117524185972112
40968,0.06021475281751011,0.5415297672655571,0.06021475281751011
40969,0.05082453645741613,0.33499458868547866,0.05082453645741613
40970,0.02970347932025682,0.17637190883330656,0.02970347932025682
40971,0.006939170327062751,0.06403445000957254,0.006939170327062751
40972,0.09830230244796805,0.2861827650055875,0.09830230244796805
40973,0.034270816316788244,0.21712038433195208,0.034270816316788244
40974,0.40692727569497156,0.2063767669450956,0.40692727569497156
40975,0.11462743363766778,0.25499897431583596,0.11462743363766778
40976,0.058979834960819086,0.3549973085466453,0.058979834960819086
40977,0.0449558652394673,0.8668578354368767,0.0449558652394673
40978,0.0341751521047597,0.1657283417159515,0.0341751521047597
40979,0.5696124957671888,0.8005248260173687,0.5696124957671888
40980,0.1356801246023681,0.5305620844847954,0.1356801246023681
40981,0.06210527939783182,0.6007588782589064,0.06210527939783182
40982,0.052570684067771135,0.15678360545451211,0.052570684067771135
40983,0.28740875225541446,0.34078567113502334,0.28740875225541446
40984,0.20508612700423073,0.22439457203685628,0.20508612700423073
40985,0.42419782907595155,0.8501054570326446,0.42419782907595155
40986,0.08984984400733147,0.12890197739243772,0.08984984400733147
40987,0.6765022057023609,0.728529275020764,0.6765022057023609
40988,0.013708080231960714,0.14020233716508712,0.013708080231960714
40989,0.040437014787162724,0.6027031922633961,0.040437014787162724
40990,0.08234976179953915,0.2889512917194862,0.08234976179953915
40991,0.1048890500870144,0.35654720312074295,0.1048890500870144
40992,0.1519359404696776,0.8390625029532149,0.1519359404696776
40993,0.19205936287098252,0.3165351929403175,0.19205936287098252
40994,0.27164775736102886,0.6730713534252789,0.27164775736102886
40995,0.010499893872331044,0.014897078945937496,0.010499893872331044
40996,0.1794350595261055,0.8985639916837421,0.1794350595261055
40997,0.02785049654027056,0.670516367587014,0.02785049654027056
40998,0.02280310940212239,0.07693535643339924,0.02280310940212239
40999,0.017797260936234988,0.23538561164048463,0.017797260936234988
41000,0.21781976277577472,0.37641586158991835,0.21781976277577472
41001,0.028000414007144755,0.16662560329507653,0.028000414007144755
41002,0.13305388176639635,0.8160468468955616,0.13305388176639635
41003,0.09763061140889866,0.4119120553339209,0.09763061140889866
41004,0.05266670600021088,0.2445988428488823,0.05266670600021088
41005,0.21792896041374843,0.1834990000582163,0.21792896041374843
41006,0.08923794606737667,0.27895743666767386,0.08923794606737667
41007,0.10721798736548327,0.8330800375350179,0.10721798736548327
41008,0.04738922032465511,0.36892212512566575,0.04738922032465511
41009,0.038333140617709385,0.2219751414753634,0.038333140617709385
41010,0.05580686648803611,0.2551270879129295,0.05580686648803611
41011,0.30574146918556505,0.48249265074260966,0.30574146918556505
41012,0.37275556396235965,0.6720490559684291,0.37275556396235965
41013,0.37871831352945334,0.09699157812529442,0.37871831352945334
41014,0.06418413877338733,0.029731452428104203,0.06418413877338733
41015,0.16251437815370995,0.5219080189442682,0.16251437815370995
41016,0.022670604432877235,0.07771960129022178,0.022670604432877235
41017,0.029603877670054454,0.14420467084607777,0.029603877670054454
41018,0.09834698377570701,0.19548688035933828,0.09834698377570701
41019,0.04470819746896222,0.09849368908480607,0.04470819746896222
41020,0.040071021449364336,0.5295114607283093,0.040071021449364336
41021,0.20711764767321017,0.46036519284696525,0.20711764767321017
41022,0.10850997557392308,0.19897862543416417,0.10850997557392308
41023,0.058725494390406585,0.6993285064819004,0.058725494390406585
41024,0.15730175682590875,0.293840392426462,0.15730175682590875
41025,0.024075313497699178,0.32863490175997123,0.024075313497699178
41026,0.025006325981832323,0.032176919494125635,0.025006325981832323
41027,0.368364297424881,0.6935709227985596,0.368364297424881
41028,0.11224402901090506,0.5434447073494879,0.11224402901090506
41029,0.12875087306631836,0.5170266419445531,0.12875087306631836
41030,0.09502695940035356,0.26700954289734175,0.09502695940035356
41031,0.5178180778983091,0.4776115086007859,0.5178180778983091
41032,0.11586562155168986,0.7422618018396896,0.11586562155168986
41033,0.025906875193065206,0.31557536948256343,0.025906875193065206
41034,0.2165806140108636,0.23382179983352494,0.2165806140108636
41035,0.08432710625400573,0.5103014192492413,0.08432710625400573
41036,0.3053363402747909,0.4313174118447627,0.3053363402747909
41037,0.07494893849353418,0.477134140683342,0.07494893849353418
41038,0.4724516985067906,0.17323676934004473,0.4724516985067906
41039,0.014018689732150178,0.10515270323605265,0.014018689732150178
41040,0.011717464684070441,0.03463044250221712,0.011717464684070441
41041,0.20411336394209487,0.08006122298195685,0.20411336394209487
41042,0.7403326349917632,0.5915156102315535,0.7403326349917632
41043,0.09083466591447069,0.18889516557038358,0.09083466591447069
41044,0.26755305698046516,0.17732681474849873,0.26755305698046516
41045,0.0740520651750349,0.8874245300892303,0.0740520651750349
41046,0.031128755585217462,0.08116928231108689,0.031128755585217462
41047,0.16048662699307453,0.16780786591365082,0.16048662699307453
41048,0.437303197344181,0.1764050022399772,0.437303197344181
41049,0.11608183383745363,0.2020897857643415,0.11608183383745363
41050,0.28536039169938465,0.47970379160298193,0.28536039169938465
41051,0.37037350167651034,0.9149946809077131,0.37037350167651034
41052,0.03584622983595484,0.4234155583296425,0.03584622983595484
41053,0.3461856978605814,0.6643947125937957,0.3461856978605814
41054,0.7354602545202754,0.34427870741471794,0.7354602545202754
41055,0.02871282565749365,0.08930908720884924,0.02871282565749365
41056,0.0682406307331541,0.12898547464023707,0.0682406307331541
41057,0.047796315548607075,0.05996818677159311,0.047796315548607075
41058,0.11104542973211512,0.8017868429712847,0.11104542973211512
41059,0.004193102057051737,0.1506277926969075,0.004193102057051737
41060,0.5026544491637293,0.44568750475700253,0.5026544491637293
41061,0.29951822418446267,0.07103809892085086,0.29951822418446267
41062,0.024277866140192606,0.868841708537731,0.024277866140192606
41063,0.17134018435178022,0.5743901727957277,0.17134018435178022
41064,0.05402842692918425,0.6132923413304036,0.05402842692918425
41065,0.1878212652181955,0.03435856624023104,0.1878212652181955
41066,0.01890675553797494,0.057992958549053696,0.01890675553797494
41067,0.12548614648108108,0.2421115400132187,0.12548614648108108
41068,0.025390965697044875,0.30528987443536315,0.025390965697044875
41069,0.8283341086141033,0.8115661382359508,0.8283341086141033
41070,0.08284288953896495,0.26500908185564104,0.08284288953896495
41071,0.04757284201930101,0.06701786423080044,0.04757284201930101
41072,0.10032922354063467,0.1992119481194261,0.10032922354063467
41073,0.09984170460312575,0.7703507741391586,0.09984170460312575
41074,0.05099942726746616,0.24284066671603938,0.05099942726746616
41075,0.0744633061999645,0.2621202554676071,0.0744633061999645
41076,0.15658759606272277,0.3774648839661255,0.15658759606272277
41077,0.15821907399953808,0.054509173138384256,0.15821907399953808
41078,0.1146834798931327,0.29257703262886503,0.1146834798931327
41079,0.05912239530013861,0.25318148952305003,0.05912239530013861
41080,0.15601128230099792,0.3354116865416995,0.15601128230099792
41081,0.059456661000987926,0.5972864725346421,0.059456661000987926
41082,0.3987642252520729,0.4397887265890825,0.3987642252520729
41083,0.18921703955507374,0.639556453408354,0.18921703955507374
41084,0.0353293085764989,0.8775203920771742,0.0353293085764989
41085,0.5018143838207244,0.4021481152154524,0.5018143838207244
41086,0.090717927713892,0.39765704732919915,0.090717927713892
41087,0.08326970417258453,0.8202788505342111,0.08326970417258453
41088,0.12487077453299869,0.5191540859495303,0.12487077453299869
41089,0.6954681566530616,0.5527857393630148,0.6954681566530616
41090,0.018575929579160225,0.3143404384613003,0.018575929579160225
41091,0.8223322448375247,0.9096007348724583,0.8223322448375247
41092,0.06717861749465312,0.20913203304270234,0.06717861749465312
41093,0.0364608493492976,0.057900271615914684,0.0364608493492976
41094,0.03835957149135751,0.11610623558586321,0.03835957149135751
41095,0.06758360610423493,0.44798791348903805,0.06758360610423493
41096,0.07455559936722413,0.1443677716922241,0.07455559936722413
41097,0.27425992131442656,0.15270103070405255,0.27425992131442656
41098,0.2891941084901831,0.1383535675758358,0.2891941084901831
41099,0.05482248767445823,0.47211232463284336,0.05482248767445823
41100,0.39205127262056094,0.4673736787262265,0.39205127262056094
41101,0.03265035220625281,0.2515541243104139,0.03265035220625281
41102,0.2603898766695679,0.6440954662894445,0.2603898766695679
41103,0.047210966582735645,0.1332902495444271,0.047210966582735645
41104,0.05841259025713125,0.13548104866065291,0.05841259025713125
41105,0.2152398251339353,0.2365996449953937,0.2152398251339353
41106,0.03547894489862749,0.15410158499912463,0.03547894489862749
41107,0.8590367439076425,0.842391074970578,0.8590367439076425
41108,0.07476753224362129,0.7723958610387794,0.07476753224362129
41109,0.2293874202733585,0.4560622142532044,0.2293874202733585
41110,0.7218427036112063,0.39737779636779696,0.7218427036112063
41111,0.020158328505355358,0.42953921762993513,0.020158328505355358
41112,0.07462166732683087,0.07930199916539234,0.07462166732683087
41113,0.6778967203915315,0.6729331393517834,0.6778967203915315
41114,0.25646256321156446,0.3851624111145202,0.25646256321156446
41115,0.07178784385694226,0.2356686136780225,0.07178784385694226
41116,0.14827533629143155,0.07800894113620183,0.14827533629143155
41117,0.3283814699007448,0.19644795331705492,0.3283814699007448
41118,0.24415712930505373,0.7557444473943241,0.24415712930505373
41119,0.014866042657272174,0.39504975113601803,0.014866042657272174
41120,0.08304947467195009,0.7649513551839836,0.08304947467195009
41121,0.060923809532307166,0.6013512509591045,0.060923809532307166
41122,0.3358729875124525,0.10128410880578617,0.3358729875124525
41123,0.030149796311206477,0.028751449607401343,0.030149796311206477
41124,0.14691723035358645,0.6904112740281032,0.14691723035358645
41125,0.1172812180626252,0.533009157542399,0.1172812180626252
41126,0.22979641191896966,0.5088536550161696,0.22979641191896966
41127,0.269221796885244,0.23273340556613753,0.269221796885244
41128,0.1248810810604888,0.3858618176586833,0.1248810810604888
41129,0.022405771794133358,0.14152207100077902,0.022405771794133358
41130,0.05929504794680897,0.40641282180787835,0.05929504794680897
41131,0.20522303002015255,0.49638969083111495,0.20522303002015255
41132,0.6270840108217587,0.4360343651911515,0.6270840108217587
41133,0.07031141447749918,0.7123218450942662,0.07031141447749918
41134,0.051189171692116446,0.0837134722123442,0.051189171692116446
41135,0.11187058594325307,0.014895289864951276,0.11187058594325307
41136,0.1562069306417476,0.33975543130409697,0.1562069306417476
41137,0.24447882153919492,0.3077916478938409,0.24447882153919492
41138,0.10218786900181212,0.2220164873141976,0.10218786900181212
41139,0.3645880237066494,0.4372882887881506,0.3645880237066494
41140,0.01637667699763076,0.07728684691631053,0.01637667699763076
41141,0.4879217175903643,0.2741974566917138,0.4879217175903643
41142,0.1960509065440569,0.08797989016653916,0.1960509065440569
41143,0.0340686172128301,0.451007424038585,0.0340686172128301
41144,0.38086956167590585,0.37789669530623055,0.38086956167590585
41145,0.19882698133255103,0.9023405883486494,0.19882698133255103
41146,0.22531176639452916,0.3999631407877918,0.22531176639452916
41147,0.03751972427270018,0.18513139877512194,0.03751972427270018
41148,0.1670700055846433,0.13274809353414196,0.1670700055846433
41149,0.02505649493370797,0.10128099816118237,0.02505649493370797
41150,0.064908014184121,0.22271294991403104,0.064908014184121
41151,0.06799901646803154,0.7436124940253387,0.06799901646803154
41152,0.3756246422491125,0.5035890510062283,0.3756246422491125
41153,0.024777739089967474,0.34269303769589504,0.024777739089967474
41154,0.028987024642529283,0.12468348680879497,0.028987024642529283
41155,0.251931530438363,0.4946249180110095,0.251931530438363
41156,0.02887155619725809,0.059324993223365076,0.02887155619725809
41157,0.033174779356978386,0.2529059620936729,0.033174779356978386
41158,0.45699582775561604,0.38089825581585407,0.45699582775561604
41159,0.0963951839347202,0.3007872115280209,0.0963951839347202
41160,0.035484067948781825,0.4544956924143033,0.035484067948781825
41161,0.04887482199235876,0.10221556281478225,0.04887482199235876
41162,0.04910078581166184,0.23296099269610998,0.04910078581166184
41163,0.07558824134446554,0.1234395036931347,0.07558824134446554
41164,0.045264484838418245,0.4286076864197107,0.045264484838418245
41165,0.7258924385463223,0.4790718646469601,0.7258924385463223
41166,0.14430047635652202,0.7199566781943,0.14430047635652202
41167,0.1123776663156136,0.8742288146967114,0.1123776663156136
41168,0.2127242968519229,0.03636151878766498,0.2127242968519229
41169,0.09348902289048582,0.4272161238338974,0.09348902289048582
41170,0.43983278087825756,0.2880148012179014,0.43983278087825756
41171,0.46740297931474284,0.6556813386840441,0.46740297931474284
41172,0.09590268966988832,0.5323097854743859,0.09590268966988832
41173,0.06138982253788122,0.11840969345059993,0.06138982253788122
41174,0.4628328449015984,0.5110010737998097,0.4628328449015984
41175,0.07687086932951685,0.23157622229358735,0.07687086932951685
41176,0.17706846955935504,0.4224368119608268,0.17706846955935504
41177,0.18172183214654197,0.8702383477907187,0.18172183214654197
41178,0.03068779699045752,0.16009980835936555,0.03068779699045752
41179,0.0742139099810035,0.36052561853064746,0.0742139099810035
41180,0.047148977519675894,0.1229013193463393,0.047148977519675894
41181,0.33564060543956364,0.17148995427784583,0.33564060543956364
41182,0.019993985506683676,0.1606369709756045,0.019993985506683676
41183,0.058693505907895495,0.0970766239391734,0.058693505907895495
41184,0.09117348476527502,0.4273231011327431,0.09117348476527502
41185,0.20032243150661763,0.09496058128942145,0.20032243150661763
41186,0.028790429880873197,0.6457699971064296,0.028790429880873197
41187,0.04907726725249797,0.05028288038469696,0.04907726725249797
41188,0.6604451061130127,0.8469346098282513,0.6604451061130127
41189,0.012025732974124795,0.15300159358161108,0.012025732974124795
41190,0.474017928301488,0.30235383264224547,0.474017928301488
41191,0.8234321603795696,0.6853430428525039,0.8234321603795696
41192,0.08455708903920049,0.34002300872514496,0.08455708903920049
41193,0.18200212522371112,0.9200869249596938,0.18200212522371112
41194,0.1178477183850259,0.04885794438654087,0.1178477183850259
41195,0.019939038707937454,0.0184103699808941,0.019939038707937454
41196,0.10441273061479715,0.4244836403376864,0.10441273061479715
41197,0.0193157743630483,0.031937436841782164,0.0193157743630483
41198,0.16449122073541916,0.6949721783519177,0.16449122073541916
41199,0.13411097780781236,0.9401178858021778,0.13411097780781236
41200,0.0790888620516448,0.09451636256920742,0.0790888620516448
41201,0.012823409469473062,0.03167075004775862,0.012823409469473062
41202,0.5386019329390513,0.8442000475065363,0.5386019329390513
41203,0.7624672684890406,0.8156069755678068,0.7624672684890406
41204,0.22906275735412934,0.39985844995799824,0.22906275735412934
41205,0.029333108697045245,0.070343100804704,0.029333108697045245
41206,0.15355890295823316,0.1751187735858256,0.15355890295823316
41207,0.01726325829981509,0.08777654531581465,0.01726325829981509
41208,0.19729546815756696,0.19662016767937032,0.19729546815756696
41209,0.0940778929965557,0.6576211848847985,0.0940778929965557
41210,0.14894389471528818,0.7220686074864476,0.14894389471528818
41211,0.061677444738472136,0.20165503693497075,0.061677444738472136
41212,0.4232514097458829,0.5752318872664068,0.4232514097458829
41213,0.060746003215235864,0.28569122222571536,0.060746003215235864
41214,0.8681265617062061,0.885080648949405,0.8681265617062061
41215,0.10982599731959183,0.5435752886931948,0.10982599731959183
41216,0.03542870460881792,0.12341182899007996,0.03542870460881792
41217,0.062192585213725615,0.2951267175897875,0.062192585213725615
41218,0.04691601846743214,0.27937921751125583,0.04691601846743214
41219,0.06045586529064058,0.12332681886010866,0.06045586529064058
41220,0.027974807491386002,0.1694753152210804,0.027974807491386002
41221,0.24929893065791559,0.712224638553648,0.24929893065791559
41222,0.057047576145740984,0.8334059465512623,0.057047576145740984
41223,0.5680181528910097,0.8494103532337431,0.5680181528910097
41224,0.08204252279843614,0.4789599056622263,0.08204252279843614
41225,0.02521485790579597,0.005186673343287046,0.02521485790579597
41226,0.2201329111336505,0.3658163544241706,0.2201329111336505
41227,0.03101297334667531,0.14909281821735187,0.03101297334667531
41228,0.041101808381303416,0.4009569907250988,0.041101808381303416
41229,0.058232833283046154,0.4979321130438675,0.058232833283046154
41230,0.027867848984569003,0.24394526223946073,0.027867848984569003
41231,0.053831684069139685,0.22585330571629722,0.053831684069139685
41232,0.11093186559340305,0.20318180715285342,0.11093186559340305
41233,0.09025102997060398,0.8320439107239516,0.09025102997060398
41234,0.10429733730945387,0.20259508796714573,0.10429733730945387
41235,0.6415429722091909,0.9234106383668887,0.6415429722091909
41236,0.08661609232087224,0.2116945290331885,0.08661609232087224
41237,0.2454672314421057,0.49773570281908674,0.2454672314421057
41238,0.5257542612027225,0.8074542636189019,0.5257542612027225
41239,0.030749620806108154,0.04471722659746119,0.030749620806108154
41240,0.012409196014001289,0.10742624521501073,0.012409196014001289
41241,0.10652420305189422,0.32698750761671774,0.10652420305189422
41242,0.020078416362161882,0.13044948366261006,0.020078416362161882
41243,0.04336667960347224,0.23837902160595623,0.04336667960347224
41244,0.031116394095413818,0.11559546494713802,0.031116394095413818
41245,0.11594287813946481,0.1826645991886263,0.11594287813946481
41246,0.05403899200766228,0.14162841039607274,0.05403899200766228
41247,0.07878209634103135,0.45330622682230615,0.07878209634103135
41248,0.8193730250496939,0.8003351498696525,0.8193730250496939
41249,0.6967596958557742,0.6501317190571968,0.6967596958557742
41250,0.0803867606309022,0.5239513442764288,0.0803867606309022
41251,0.04309951826270683,0.43452133785619174,0.04309951826270683
41252,0.1338745139040887,0.9056691581200381,0.1338745139040887
41253,0.49273244617640044,0.6405585858164178,0.49273244617640044
41254,0.07899994448446752,0.05413187066701227,0.07899994448446752
41255,0.4130047325392152,0.8450825247089455,0.4130047325392152
41256,0.06903332755629726,0.21267745280203146,0.06903332755629726
41257,0.37217469257905456,0.5245091971165772,0.37217469257905456
41258,0.003163939644931897,0.011335887202565158,0.003163939644931897
41259,0.1928238053188824,0.07339468352895757,0.1928238053188824
41260,0.08552684871400952,0.8559724987489952,0.08552684871400952
41261,0.10168772120050588,0.4678542232133755,0.10168772120050588
41262,0.14103457820231788,0.20187958111666415,0.14103457820231788
41263,0.021776817626268246,0.1296432411689067,0.021776817626268246
41264,0.6988767068622181,0.7163179332873985,0.6988767068622181
41265,0.05069488525174732,0.34791209894220015,0.05069488525174732
41266,0.009088705913835744,0.006484890740118424,0.009088705913835744
41267,0.05205033619630652,0.05743235236352826,0.05205033619630652
41268,0.08825654236945718,0.2616594404851928,0.08825654236945718
41269,0.38017784228546603,0.8739535725792482,0.38017784228546603
41270,0.05393529609463275,0.1979461418431878,0.05393529609463275
41271,0.48788565630287856,0.19441806776019596,0.48788565630287856
41272,0.0406826706459069,0.12328216645653935,0.0406826706459069
41273,0.0721252051515284,0.2817424868403067,0.0721252051515284
41274,0.3603286460202306,0.7450742125699098,0.3603286460202306
41275,0.14104987434822677,0.019060370692995543,0.14104987434822677
41276,0.19794112884749296,0.6698145314943253,0.19794112884749296
41277,0.17283492997833488,0.208298968965945,0.17283492997833488
41278,0.04701359177421559,0.26006191146479773,0.04701359177421559
41279,0.22393570964361575,0.4267147969646648,0.22393570964361575
41280,0.11288989305936617,0.16631653208264985,0.11288989305936617
41281,0.05079898358650496,0.1596081463221102,0.05079898358650496
41282,0.10944379101369468,0.44421827933727226,0.10944379101369468
41283,0.1158243768377417,0.25788830970886567,0.1158243768377417
41284,0.05322976780730046,0.09309737885607834,0.05322976780730046
41285,0.0669443585044709,0.13788784839999027,0.0669443585044709
41286,0.03125189816479582,0.098438173165665,0.03125189816479582
41287,0.015970661543867063,0.10600526056849188,0.015970661543867063
41288,0.018968782076117834,0.1366377903049183,0.018968782076117834
41289,0.21064025254051139,0.7396035454549907,0.21064025254051139
41290,0.13735301791156568,0.1120061810996911,0.13735301791156568
41291,0.1666415985265679,0.8104730258400139,0.1666415985265679
41292,0.02495475932296408,0.16297693158699755,0.02495475932296408
41293,0.032669800836363255,0.042053552035965024,0.032669800836363255
41294,0.13956002504745388,0.44673577830293915,0.13956002504745388
41295,0.0853270461150248,0.28812964890813597,0.0853270461150248
41296,0.011640688103674862,0.058636288328247216,0.011640688103674862
41297,0.05107452838399193,0.45983845080291513,0.05107452838399193
41298,0.17241214306202357,0.5002901857344585,0.17241214306202357
41299,0.0939356910191373,0.195226784248396,0.0939356910191373
41300,0.009371084055338387,0.09018478963772118,0.009371084055338387
41301,0.3312937154020728,0.2801758328683484,0.3312937154020728
41302,0.07866906970269438,0.43566173476650705,0.07866906970269438
41303,0.06275433012315794,0.27137553374122536,0.06275433012315794
41304,0.5689845539179649,0.43927477651762054,0.5689845539179649
41305,0.29692903816245286,0.2973174929544005,0.29692903816245286
41306,0.09701169312477899,0.40871810242767237,0.09701169312477899
41307,0.024086729233933478,0.16120247490498785,0.024086729233933478
41308,0.03403963324904822,0.1120666020878337,0.03403963324904822
41309,0.014090555288363196,0.02644970335324246,0.014090555288363196
41310,0.19037802559509243,0.5442544121993358,0.19037802559509243
41311,0.4089107317666222,0.11038516380021535,0.4089107317666222
41312,0.09357543070394926,0.2652820835946512,0.09357543070394926
41313,0.18365234283735035,0.7586410545300061,0.18365234283735035
41314,0.7095612366220434,0.43263109562251006,0.7095612366220434
41315,0.024141038119931024,0.13578488243854356,0.024141038119931024
41316,0.06597698849375726,0.11278061435177132,0.06597698849375726
41317,0.30921341804948876,0.5975704855384502,0.30921341804948876
41318,0.03292080797026529,0.8258754540711158,0.03292080797026529
41319,0.05421192208347929,0.10305313724459404,0.05421192208347929
41320,0.5093994846790842,0.21289365079621123,0.5093994846790842
41321,0.332359593869644,0.6742367596933477,0.332359593869644
41322,0.06890795841042424,0.5544609539828377,0.06890795841042424
41323,0.08730612766377872,0.22271702059012072,0.08730612766377872
41324,0.49628592874286964,0.2966422768556411,0.49628592874286964
41325,0.12467247899919394,0.6872649489986101,0.12467247899919394
41326,0.12207342916543519,0.3377959618082073,0.12207342916543519
41327,0.0371775105819432,0.12001407650672767,0.0371775105819432
41328,0.08942130356823356,0.19037255325155564,0.08942130356823356
41329,0.9154619021560332,0.9560629773751215,0.9154619021560332
41330,0.14178582333499054,0.3120792147453279,0.14178582333499054
41331,0.07185685331395981,0.2630344438385373,0.07185685331395981
41332,0.051682762616323714,0.471725159692629,0.051682762616323714
41333,0.13997773562151491,0.4847244418741583,0.13997773562151491
41334,0.04383645584913382,0.909052394771469,0.04383645584913382
41335,0.02448314698453664,0.2623142742124459,0.02448314698453664
41336,0.10765985670355108,0.21079590086939712,0.10765985670355108
41337,0.5769110006606671,0.4242052892506221,0.5769110006606671
41338,0.04706859122802405,0.23464396547763283,0.04706859122802405
41339,0.030340933881803946,0.4438515923957178,0.030340933881803946
41340,0.7017194125564148,0.6099009841356327,0.7017194125564148
41341,0.05047537765872071,0.5752324425207208,0.05047537765872071
41342,0.217013126104996,0.7777389698751513,0.217013126104996
41343,0.3435660299160943,0.6824146952769359,0.3435660299160943
41344,0.39092339734483156,0.7879171718466331,0.39092339734483156
41345,0.21022113293973663,0.3869276245100571,0.21022113293973663
41346,0.02436400431857324,0.11207481969968726,0.02436400431857324
41347,0.1039371411725911,0.34731098087500906,0.1039371411725911
41348,0.12706237256117156,0.41003152495374456,0.12706237256117156
41349,0.12953024618240017,0.47399264959481185,0.12953024618240017
41350,0.5510421188144802,0.930624835798497,0.5510421188144802
41351,0.14117270863150477,0.22330170550260564,0.14117270863150477
41352,0.40224407920145155,0.5442276585913207,0.40224407920145155
41353,0.08747174790247772,0.22944806246293778,0.08747174790247772
41354,0.12279202755025702,0.38153257075082647,0.12279202755025702
41355,0.07433414601898733,0.37785880626312246,0.07433414601898733
41356,0.07490688585924675,0.8020657072558302,0.07490688585924675
41357,0.31628269977228185,0.4301992040820505,0.31628269977228185
41358,0.16197048325806274,0.3299629465387173,0.16197048325806274
41359,0.4352636445298116,0.36547167195886915,0.4352636445298116
41360,0.14339277570865896,0.19702492052781168,0.14339277570865896
41361,0.16895457443279982,0.7950040535128814,0.16895457443279982
41362,0.06726367978886351,0.2879209582614374,0.06726367978886351
41363,0.0710561317740158,0.20982311330125172,0.0710561317740158
41364,0.1121956735452817,0.18887974432857357,0.1121956735452817
41365,0.0592458438448633,0.33122137187864237,0.0592458438448633
41366,0.08293261746523453,0.20412308099501494,0.08293261746523453
41367,0.04885343219817627,0.03561135359641337,0.04885343219817627
41368,0.012974326478484179,0.43023739125544264,0.012974326478484179
41369,0.027408774095108418,0.05462257698235251,0.027408774095108418
41370,0.07309768829699125,0.18701564733868342,0.07309768829699125
41371,0.027894652533937983,0.05890558053211666,0.027894652533937983
41372,0.16196695672107278,0.6258635847870246,0.16196695672107278
41373,0.021897286337345622,0.11805714647938231,0.021897286337345622
41374,0.013724646250490429,0.16164304771218954,0.013724646250490429
41375,0.10960835373639408,0.4321781195055978,0.10960835373639408
41376,0.33125115454355664,0.8288464093198739,0.33125115454355664
41377,0.02864465499373033,0.10995058596052046,0.02864465499373033
41378,0.31207822492468484,0.07593549395293735,0.31207822492468484
41379,0.09033230087595742,0.2817030246088418,0.09033230087595742
41380,0.04022641066015457,0.7206439708455683,0.04022641066015457
41381,0.08074589937743838,0.11407401662942178,0.08074589937743838
41382,0.2534182609491988,0.33424536816288963,0.2534182609491988
41383,0.06883286665453033,0.22746625177691618,0.06883286665453033
41384,0.03450981516684408,0.10209565452265768,0.03450981516684408
41385,0.152612566071157,0.31645016726043357,0.152612566071157
41386,0.07469583445441522,0.2541170794713842,0.07469583445441522
41387,0.21990226259694343,0.417938803840437,0.21990226259694343
41388,0.049352883220524946,0.5102069347098341,0.049352883220524946
41389,0.02433634567795276,0.06810191621285944,0.02433634567795276
41390,0.06901703405559874,0.4763648373322467,0.06901703405559874
41391,0.7466090930681092,0.5999138858696996,0.7466090930681092
41392,0.11199180744183845,0.28288588580444224,0.11199180744183845
41393,0.19906716515497164,0.8465193411713178,0.19906716515497164
41394,0.08347216208867451,0.24285632800334891,0.08347216208867451
41395,0.06775880294728095,0.13224893600534124,0.06775880294728095
41396,0.030125177607168388,0.0914253312058961,0.030125177607168388
41397,0.08181558079428988,0.4612006160627127,0.08181558079428988
41398,0.43870821222440165,0.6350235319653958,0.43870821222440165
41399,0.07185435650105602,0.5342085949632153,0.07185435650105602
41400,0.15878081873316047,0.6245212130138453,0.15878081873316047
41401,0.2523171442265323,0.5436705535881229,0.2523171442265323
41402,0.11455699373549698,0.4139344937761796,0.11455699373549698
41403,0.11437260664605993,0.24743775107858867,0.11437260664605993
41404,0.04975987178280627,0.957194152244492,0.04975987178280627
41405,0.18173990165973805,0.16445042280886088,0.18173990165973805
41406,0.1602351850855664,0.5331905525485658,0.1602351850855664
41407,0.0334722101620786,0.6156558889579584,0.0334722101620786
41408,0.2914217484579771,0.7421886950802105,0.2914217484579771
41409,0.23050183374245364,0.11732898415061242,0.23050183374245364
41410,0.09110859945641847,0.4230731275749622,0.09110859945641847
41411,0.021167483425367905,0.3235246169777774,0.021167483425367905
41412,0.1351870851814338,0.19700200345237912,0.1351870851814338
41413,0.9100453713273589,0.9232191292026183,0.9100453713273589
41414,0.06745425593007115,0.6090337234288487,0.06745425593007115
41415,0.044233478774010355,0.23615441571690737,0.044233478774010355
41416,0.08192845372875265,0.19742374535061283,0.08192845372875265
41417,0.06874418555265142,0.5750486407411445,0.06874418555265142
41418,0.1546369228340934,0.08515588560708941,0.1546369228340934
41419,0.44186708623902443,0.4821704706330798,0.44186708623902443
41420,0.03182868805840031,0.713203566331406,0.03182868805840031
41421,0.6542708178384121,0.6637673447740376,0.6542708178384121
41422,0.07127979678592382,0.5678561458766083,0.07127979678592382
41423,0.16509113854162133,0.44362799775458966,0.16509113854162133
41424,0.06319819000774543,0.44669656613769615,0.06319819000774543
41425,0.11795632835948867,0.15100119421704933,0.11795632835948867
41426,0.11411509879838039,0.4062523398921506,0.11411509879838039
41427,0.07139517291568769,0.21114576920119224,0.07139517291568769
41428,0.14583035603258007,0.8331666364543592,0.14583035603258007
41429,0.11534614260412843,0.22597334828469676,0.11534614260412843
41430,0.06756665690256636,0.35215903232139745,0.06756665690256636
41431,0.7338815974151842,0.8654407671116165,0.7338815974151842
41432,0.07843013638914086,0.2321955020358364,0.07843013638914086
41433,0.2486479420547127,0.7024364592452231,0.2486479420547127
41434,0.22727682296636284,0.28867354557628955,0.22727682296636284
41435,0.08017227305262473,0.14130691832120218,0.08017227305262473
41436,0.3777086064178708,0.7457732180100467,0.3777086064178708
41437,0.08705034356247664,0.4003451381692044,0.08705034356247664
41438,0.027004274322218885,0.07702033283013987,0.027004274322218885
41439,0.027012603605914454,0.09483760232307163,0.027012603605914454
41440,0.023651427393189886,0.06943509925963946,0.023651427393189886
41441,0.025769542475781098,0.38183468987999397,0.025769542475781098
41442,0.218363127442399,0.9459766987984051,0.218363127442399
41443,0.04436765297750525,0.1582612118545164,0.04436765297750525
41444,0.6158277067608898,0.9333247343207368,0.6158277067608898
41445,0.15179071197248595,0.4294410466835045,0.15179071197248595
41446,0.048437262445066215,0.1335815403738722,0.048437262445066215
41447,0.08441863824141586,0.529997768173775,0.08441863824141586
41448,0.04380319585592708,0.06464944537583758,0.04380319585592708
41449,0.06527853356072769,0.6982423829388863,0.06527853356072769
41450,0.10100286460809413,0.12859653358122533,0.10100286460809413
41451,0.05468785940473761,0.27905126090751736,0.05468785940473761
41452,0.06235466939520437,0.5747846328207155,0.06235466939520437
41453,0.2448287257002502,0.2677986177244835,0.2448287257002502
41454,0.8480091863911742,0.8967244854530575,0.8480091863911742
41455,0.2850289167341804,0.8538414402712746,0.2850289167341804
41456,0.5596624018197393,0.47631616937000276,0.5596624018197393
41457,0.023623010763436852,0.12287621483025657,0.023623010763436852
41458,0.17199401281699797,0.49149147993329284,0.17199401281699797
41459,0.01242565282033405,0.2075808540090265,0.01242565282033405
41460,0.3081846913279535,0.7550188973619801,0.3081846913279535
41461,0.3748302961516961,0.8646979952906444,0.3748302961516961
41462,0.26508909391086655,0.29316721777722277,0.26508909391086655
41463,0.08834344543681932,0.597134768900879,0.08834344543681932
41464,0.08997517598447262,0.1302392270052038,0.08997517598447262
41465,0.10524495043326619,0.35687727923738277,0.10524495043326619
41466,0.03851209565373442,0.665027512243968,0.03851209565373442
41467,0.055969765856682174,0.0960313103900683,0.055969765856682174
41468,0.07619729574781947,0.834840159407537,0.07619729574781947
41469,0.38730677925364204,0.41099452304804196,0.38730677925364204
41470,0.022903878311172927,0.1576886785440146,0.022903878311172927
41471,0.6170970557372605,0.795878282027137,0.6170970557372605
41472,0.12444102628029081,0.2972872634861995,0.12444102628029081
41473,0.22538756461103612,0.8354029600971005,0.22538756461103612
41474,0.21576304077246494,0.7858233021544676,0.21576304077246494
41475,0.05216668108606816,0.26507452061255127,0.05216668108606816
41476,0.17178316629865825,0.30519400357639254,0.17178316629865825
41477,0.04696161244659531,0.2270253386378729,0.04696161244659531
41478,0.03485156703352019,0.1469479534678319,0.03485156703352019
41479,0.14242843966950883,0.370797073049225,0.14242843966950883
41480,0.04043486255147272,0.07740981307899782,0.04043486255147272
41481,0.05969305746981517,0.11502980240689362,0.05969305746981517
41482,0.04692579183081132,0.09659132553471765,0.04692579183081132
41483,0.04288333129930861,0.48127227929959565,0.04288333129930861
41484,0.016742773906922415,0.028020955396980154,0.016742773906922415
41485,0.051670237998093185,0.21921234439998966,0.051670237998093185
41486,0.017962836026413322,0.06753144520171145,0.017962836026413322
41487,0.3458335192460329,0.37557175051016917,0.3458335192460329
41488,0.04552411455447874,0.08802031511183767,0.04552411455447874
41489,0.08665833165687692,0.640656172644324,0.08665833165687692
41490,0.12581262205158109,0.6176538288062627,0.12581262205158109
41491,0.16208624109499817,0.7632805115016427,0.16208624109499817
41492,0.01829260394973102,0.054731911573429694,0.01829260394973102
41493,0.3814331316001271,0.609427027378588,0.3814331316001271
41494,0.03219743491608682,0.6913613139990938,0.03219743491608682
41495,0.08433860361264008,0.7307968036452002,0.08433860361264008
41496,0.017610093418357176,0.656262271531066,0.017610093418357176
41497,0.09190718302425849,0.4022174606090153,0.09190718302425849
41498,0.08160549678188295,0.1413596363729687,0.08160549678188295
41499,0.22052300923266743,0.4723047077162502,0.22052300923266743
41500,0.012494681066933896,0.021887434888811945,0.012494681066933896
41501,0.2562359770929231,0.6339155217336997,0.2562359770929231
41502,0.05790676770921748,0.5169410397578992,0.05790676770921748
41503,0.2038369602815684,0.5353431964180138,0.2038369602815684
41504,0.06955354857327806,0.5411159894321881,0.06955354857327806
41505,0.009543977059747421,0.2494093097130392,0.009543977059747421
41506,0.1838280502122704,0.029004999514149626,0.1838280502122704
41507,0.0173917492692598,0.04345208201634543,0.0173917492692598
41508,0.2425780168681759,0.5899191678879466,0.2425780168681759
41509,0.09771096933317454,0.13865272890929844,0.09771096933317454
41510,0.01459894723967509,0.39283587119898405,0.01459894723967509
41511,0.07521217257609918,0.315672919165324,0.07521217257609918
41512,0.14494676590913239,0.32253282337528383,0.14494676590913239
41513,0.509618581784876,0.3500985090297515,0.509618581784876
41514,0.027048259955653294,0.061168286371796346,0.027048259955653294
41515,0.0518310388472597,0.22216758150543578,0.0518310388472597
41516,0.08615863589206213,0.7747164390771606,0.08615863589206213
41517,0.05848169618259733,0.11953275633896725,0.05848169618259733
41518,0.3885368609099887,0.11360048479688896,0.3885368609099887
41519,0.04649537613026352,0.6103209004444805,0.04649537613026352
41520,0.10210509887758085,0.2515782255237903,0.10210509887758085
41521,0.09232988195826065,0.44860002980585945,0.09232988195826065
41522,0.055643664942733644,0.23819868448125164,0.055643664942733644
41523,0.08095331872580544,0.1297223922708612,0.08095331872580544
41524,0.16550195492581313,0.7229940055170497,0.16550195492581313
41525,0.008338291046130228,0.3221413155513168,0.008338291046130228
41526,0.026922964870626395,0.5246109555201364,0.026922964870626395
41527,0.1570934682324642,0.407395559678253,0.1570934682324642
41528,0.2902903388251128,0.9100419169390944,0.2902903388251128
41529,0.3018624881027043,0.8190266999560284,0.3018624881027043
41530,0.09418175752663947,0.05689696218840018,0.09418175752663947
41531,0.21309874733893802,0.541594833506271,0.21309874733893802
41532,0.2681494290622296,0.21361345968610954,0.2681494290622296
41533,0.6810767298939076,0.6878740299262173,0.6810767298939076
41534,0.07148745909595978,0.7619987125985429,0.07148745909595978
41535,0.24255476290040676,0.3185513404261133,0.24255476290040676
41536,0.19454765783021377,0.5951821818693591,0.19454765783021377
41537,0.2935922352236566,0.4240465612945951,0.2935922352236566
41538,0.3410848831047846,0.3901168777672441,0.3410848831047846
41539,0.07219223168691584,0.4817225224133,0.07219223168691584
41540,0.2468407803774898,0.5650451259453354,0.2468407803774898
41541,0.40513762518044727,0.8683412873627046,0.40513762518044727
41542,0.08771418188555276,0.2669267246943633,0.08771418188555276
41543,0.10265964020229949,0.2979024993272176,0.10265964020229949
41544,0.027527515368396982,0.3697805494512091,0.027527515368396982
41545,0.09187297858606552,0.7298523177952855,0.09187297858606552
41546,0.14813950079395954,0.5845437730999473,0.14813950079395954
41547,0.1451812252789379,0.5507682235215459,0.1451812252789379
41548,0.02682526385049544,0.22906445585341706,0.02682526385049544
41549,0.02954484447616198,0.17720182542988094,0.02954484447616198
41550,0.16412692100973492,0.8599543557539503,0.16412692100973492
41551,0.052465501948653674,0.7666776902055181,0.052465501948653674
41552,0.23254318519897318,0.3685373028861698,0.23254318519897318
41553,0.02970984451191469,0.10196030888617659,0.02970984451191469
41554,0.8186124983796519,0.7874446985381506,0.8186124983796519
41555,0.12379196164943965,0.3673343642536076,0.12379196164943965
41556,0.29349363620262214,0.1800066908435942,0.29349363620262214
41557,0.081738231044275,0.7407149664328427,0.081738231044275
41558,0.6201235979381695,0.8331671152981333,0.6201235979381695
41559,0.043385596241860606,0.27567269439647896,0.043385596241860606
41560,0.043855388497316114,0.02359148836943664,0.043855388497316114
41561,0.4327592922530576,0.3159286123614023,0.4327592922530576
41562,0.09615122323798497,0.08525324607709417,0.09615122323798497
41563,0.045026320156714865,0.26110205847300477,0.045026320156714865
41564,0.49232966837430703,0.2842435783732949,0.49232966837430703
41565,0.012356801588449292,0.11256164587548313,0.012356801588449292
41566,0.2367469303301891,0.19864470671163237,0.2367469303301891
41567,0.03774197693226113,0.11975212745856048,0.03774197693226113
41568,0.2564094410964959,0.7019193301486802,0.2564094410964959
41569,0.06395369955439538,0.17520072344555707,0.06395369955439538
41570,0.01713684351711175,0.800097423969494,0.01713684351711175
41571,0.032837048013353486,0.0520887632866204,0.032837048013353486
41572,0.04713366105726488,0.19772006130589523,0.04713366105726488
41573,0.26092062909994906,0.7705992470727132,0.26092062909994906
41574,0.014059365223993578,0.1172912013948895,0.014059365223993578
41575,0.73964853589225,0.7633808107065542,0.73964853589225
41576,0.48011548665912274,0.21975834634710933,0.48011548665912274
41577,0.06895058033962163,0.7683674297769123,0.06895058033962163
41578,0.06763161162814835,0.29565854942269637,0.06763161162814835
41579,0.06782471114383568,0.22168746644316065,0.06782471114383568
41580,0.09619950830337212,0.7413531442517974,0.09619950830337212
41581,0.05136678304412348,0.25110619025585584,0.05136678304412348
41582,0.0919616753543425,0.26156903779808016,0.0919616753543425
41583,0.031900979622694885,0.23076672508514287,0.031900979622694885
41584,0.06295041463424111,0.607128181873592,0.06295041463424111
41585,0.35011118963613047,0.3249453940754944,0.35011118963613047
41586,0.08448023349037923,0.34582738719544037,0.08448023349037923
41587,0.5060682425077357,0.5683729133080007,0.5060682425077357
41588,0.3954814549945603,0.3856572502696431,0.3954814549945603
41589,0.6269721298462081,0.6384024897848353,0.6269721298462081
41590,0.14049882585749904,0.6067074846581655,0.14049882585749904
41591,0.05261623019226654,0.8024606951912999,0.05261623019226654
41592,0.2223274544860478,0.6495171382167619,0.2223274544860478
41593,0.015006171214472222,0.4946273447973113,0.015006171214472222
41594,0.06108609307730862,0.20845228173060118,0.06108609307730862
41595,0.2564486199247209,0.5227284971458698,0.2564486199247209
41596,0.2488615589651969,0.40531132051650726,0.2488615589651969
41597,0.029458570748813067,0.021238649510120604,0.029458570748813067
41598,0.8469126041778985,0.9553293230571852,0.8469126041778985
41599,0.07505654432288314,0.5710575074869769,0.07505654432288314
41600,0.15106610865823525,0.3219560090045377,0.15106610865823525
41601,0.3907965361753397,0.2786097943005124,0.3907965361753397
41602,0.032916433040417116,0.5024404859840124,0.032916433040417116
41603,0.0539268819916839,0.1544678796641627,0.0539268819916839
41604,0.6659246872721463,0.8075515010131736,0.6659246872721463
41605,0.05185995389323098,0.310149172135425,0.05185995389323098
41606,0.10013424706246915,0.055970545482710334,0.10013424706246915
41607,0.12878275751383897,0.15982018218575217,0.12878275751383897
41608,0.033606828642611705,0.41433658525374134,0.033606828642611705
41609,0.17413048253904792,0.302554426208852,0.17413048253904792
41610,0.08465530005724285,0.24337418876958408,0.08465530005724285
41611,0.22273500739661906,0.2062601062428488,0.22273500739661906
41612,0.12507517161219323,0.45101175285792816,0.12507517161219323
41613,0.5675288740034458,0.8216905214711702,0.5675288740034458
41614,0.3034561814633977,0.830119493369097,0.3034561814633977
41615,0.6072731296836791,0.7623216106857515,0.6072731296836791
41616,0.5147671660878983,0.6173155308801359,0.5147671660878983
41617,0.0137610375561546,0.2913279581268875,0.0137610375561546
41618,0.6913491300105743,0.8976461085115145,0.6913491300105743
41619,0.14464183762856722,0.2937754388103044,0.14464183762856722
41620,0.05736316417743765,0.14671488840933003,0.05736316417743765
41621,0.1278729008694813,0.3385005849076343,0.1278729008694813
41622,0.4754977131555945,0.3679624286747614,0.4754977131555945
41623,0.4415983737926179,0.643094978938443,0.4415983737926179
41624,0.5138073997936553,0.27073664352625865,0.5138073997936553
41625,0.7420164301896531,0.468585504516878,0.7420164301896531
41626,0.017125570330749833,0.022634998780813407,0.017125570330749833
41627,0.1230732175601538,0.24573067402458354,0.1230732175601538
41628,0.21989503751075762,0.6313745020735443,0.21989503751075762
41629,0.167433050879957,0.23768239009220077,0.167433050879957
41630,0.2870331240452589,0.29152961116915027,0.2870331240452589
41631,0.6353106308491927,0.7199247077886933,0.6353106308491927
41632,0.5751208442504273,0.5686006428207881,0.5751208442504273
41633,0.05336044495000762,0.10624450766444528,0.05336044495000762
41634,0.09373918842865267,0.2232074634605186,0.09373918842865267
41635,0.35099500857555305,0.5597382121764775,0.35099500857555305
41636,0.10382835621074706,0.08184175818539899,0.10382835621074706
41637,0.08416119244107148,0.2365588826949805,0.08416119244107148
41638,0.02309595975173537,0.1411636902399822,0.02309595975173537
41639,0.032761113361678064,0.4671549819678316,0.032761113361678064
41640,0.4190487923750096,0.6591664418848193,0.4190487923750096
41641,0.4146250539121536,0.2571700623083698,0.4146250539121536
41642,0.022147356692800695,0.09643750820978182,0.022147356692800695
41643,0.05506068865853363,0.11433307688105493,0.05506068865853363
41644,0.06926827249284967,0.07732354756575154,0.06926827249284967
41645,0.027769649551386406,0.8720412251728696,0.027769649551386406
41646,0.22521663476702738,0.6268731793129847,0.22521663476702738
41647,0.03493841470438199,0.5910160733998472,0.03493841470438199
41648,0.02513736581641287,0.16154066226023275,0.02513736581641287
41649,0.12231327785827302,0.3485193992045314,0.12231327785827302
41650,0.319884806876435,0.49858995442594806,0.319884806876435
41651,0.10256904924560277,0.8592880827789282,0.10256904924560277
41652,0.5178888467840684,0.6256072942204836,0.5178888467840684
41653,0.05730150839918621,0.06188687545183656,0.05730150839918621
41654,0.04476837865924024,0.18226546682005718,0.04476837865924024
41655,0.0104284347459014,0.03280103376592162,0.0104284347459014
41656,0.17177837328205622,0.5290011449337408,0.17177837328205622
41657,0.05950232182649489,0.39022610812263625,0.05950232182649489
41658,0.6800969891380947,0.695485291566692,0.6800969891380947
41659,0.1350532137895115,0.36717734840099403,0.1350532137895115
41660,0.1016312497471833,0.6549908878160268,0.1016312497471833
41661,0.6365471962450403,0.5316691274651694,0.6365471962450403
41662,0.08724675830786101,0.3812444717449707,0.08724675830786101
41663,0.01345680720154139,0.06647140997239252,0.01345680720154139
41664,0.606392333262484,0.7786397001479954,0.606392333262484
41665,0.058075883042936205,0.0639457614103732,0.058075883042936205
41666,0.14233046447429085,0.8631564634102082,0.14233046447429085
41667,0.027206469498514393,0.1353496306304788,0.027206469498514393
41668,0.05735165538536357,0.05597341755474919,0.05735165538536357
41669,0.03223794931900502,0.0341267474337147,0.03223794931900502
41670,0.04374918480439659,0.24671937858372453,0.04374918480439659
41671,0.023783277454912346,0.01907438505118305,0.023783277454912346
41672,0.15586762021548115,0.25728138789184113,0.15586762021548115
41673,0.0316592962518021,0.04079886261730279,0.0316592962518021
41674,0.04044234618012266,0.1916263727317263,0.04044234618012266
41675,0.3241516826888496,0.1349450917121946,0.3241516826888496
41676,0.026076894116544232,0.16806742763213287,0.026076894116544232
41677,0.3762970649996903,0.8989563639976969,0.3762970649996903
41678,0.04561909562733908,0.05265571820709972,0.04561909562733908
41679,0.2497785007765251,0.27654354483308285,0.2497785007765251
41680,0.3400765627494329,0.42179743916346224,0.3400765627494329
41681,0.8867529060386514,0.7043725228218645,0.8867529060386514
41682,0.03167193909328557,0.13471943435312395,0.03167193909328557
41683,0.0365677687048841,0.06205737668368773,0.0365677687048841
41684,0.07692471121755405,0.3192050923687615,0.07692471121755405
41685,0.08390677501901389,0.47299108201127754,0.08390677501901389
41686,0.1053164163026359,0.598005898920114,0.1053164163026359
41687,0.033471339195559835,0.036472985993490116,0.033471339195559835
41688,0.016008501997854935,0.14920920196728518,0.016008501997854935
41689,0.03596999718413121,0.09613194553378726,0.03596999718413121
41690,0.06809382043125879,0.4535630326090014,0.06809382043125879
41691,0.451267177381468,0.8281586052046044,0.451267177381468
41692,0.08309703187122074,0.0617252361106949,0.08309703187122074
41693,0.24709988789992599,0.3278686773064196,0.24709988789992599
41694,0.04426346798719348,0.04626076768748878,0.04426346798719348
41695,0.3960657268367722,0.581896156265254,0.3960657268367722
41696,0.1223523668157507,0.2475397611351212,0.1223523668157507
41697,0.0374686939216907,0.09330671253364645,0.0374686939216907
41698,0.08575617853704419,0.09883874995437723,0.08575617853704419
41699,0.11747496530224039,0.13893373309313234,0.11747496530224039
41700,0.010159668258432796,0.06824777505958757,0.010159668258432796
41701,0.26837311644686024,0.7860712317014995,0.26837311644686024
41702,0.4229667826016861,0.2795023582179332,0.4229667826016861
41703,0.1557364189561102,0.030960904703854552,0.1557364189561102
41704,0.21392618421988374,0.13204812572525912,0.21392618421988374
41705,0.07801351370599087,0.37829401059498324,0.07801351370599087
41706,0.429232529859356,0.5040558006273389,0.429232529859356
41707,0.012946062392619574,0.09919331435369844,0.012946062392619574
41708,0.07070977543786157,0.3437054292364919,0.07070977543786157
41709,0.5456562682810914,0.27391650818475866,0.5456562682810914
41710,0.1353978949566331,0.24197415668937633,0.1353978949566331
41711,0.8768847898269682,0.5385178971389332,0.8768847898269682
41712,0.21281390062960273,0.48176551545136065,0.21281390062960273
41713,0.12094076579498178,0.8871639785709307,0.12094076579498178
41714,0.5018013235224279,0.3114508816036202,0.5018013235224279
41715,0.09370603375199077,0.20026913978818472,0.09370603375199077
41716,0.035196551296464845,0.22617177770540361,0.035196551296464845
41717,0.061867070810230164,0.06659851126654295,0.061867070810230164
41718,0.09558914728141227,0.18450765162677848,0.09558914728141227
41719,0.05205627167669901,0.264312742963145,0.05205627167669901
41720,0.3364948446041277,0.46139729375948657,0.3364948446041277
41721,0.029156492055222517,0.20701949518866006,0.029156492055222517
41722,0.040804341904094876,0.14631838208635678,0.040804341904094876
41723,0.05277973226223706,0.942254259581964,0.05277973226223706
41724,0.09752599763853445,0.17612883074228408,0.09752599763853445
41725,0.4834385232457125,0.6568025246902487,0.4834385232457125
41726,0.00598006778209169,0.0351647771014627,0.00598006778209169
41727,0.6207031227695793,0.7686567695194985,0.6207031227695793
41728,0.025944576329774878,0.055189345473964244,0.025944576329774878
41729,0.07213090754763551,0.2420288511405933,0.07213090754763551
41730,0.12517035183807257,0.20586840612701385,0.12517035183807257
41731,0.013374961092389996,0.04977185217286769,0.013374961092389996
41732,0.06068681780494818,0.3563682409932661,0.06068681780494818
41733,0.12389167723182795,0.7845250695151404,0.12389167723182795
41734,0.27168129993136475,0.5378363166117479,0.27168129993136475
41735,0.11284665413181691,0.15795202996345906,0.11284665413181691
41736,0.03747772543200752,0.21425752670644096,0.03747772543200752
41737,0.04571254163666909,0.057918342797317265,0.04571254163666909
41738,0.02417828025489261,0.4675649924869138,0.02417828025489261
41739,0.13631468189898,0.25948872727491734,0.13631468189898
41740,0.041807688617683476,0.2752879117548336,0.041807688617683476
41741,0.12270129892915173,0.31316781102120017,0.12270129892915173
41742,0.23286387496602698,0.19176749822108718,0.23286387496602698
41743,0.06711467879716615,0.8001948365803891,0.06711467879716615
41744,0.05175727581532397,0.2162399156614383,0.05175727581532397
41745,0.07586727374829592,0.1907267850763364,0.07586727374829592
41746,0.021651291302959657,0.12631550940312666,0.021651291302959657
41747,0.6489066615423824,0.6156148874397628,0.6489066615423824
41748,0.034324093268176946,0.3320727355937775,0.034324093268176946
41749,0.10171012990334653,0.3024647089144859,0.10171012990334653
41750,0.011148802225629565,0.3297160061909535,0.011148802225629565
41751,0.6576651210937832,0.8148925829611643,0.6576651210937832
41752,0.0320574884269066,0.1338014182137877,0.0320574884269066
41753,0.03482803532404055,0.16007300180103934,0.03482803532404055
41754,0.6521299848653316,0.07892893938121338,0.6521299848653316
41755,0.012312235696943421,0.14481119728581524,0.012312235696943421
41756,0.05519411406284886,0.5141415652516755,0.05519411406284886
41757,0.3996605548354103,0.49151450199308744,0.3996605548354103
41758,0.10423971108381799,0.17937167694348527,0.10423971108381799
41759,0.08125771187852299,0.3317059138213017,0.08125771187852299
41760,0.03542117538745485,0.07295846182928188,0.03542117538745485
41761,0.303295128181089,0.6684561430698578,0.303295128181089
41762,0.05283147071215807,0.06606129200367632,0.05283147071215807
41763,0.16316049814913205,0.0971241173158365,0.16316049814913205
41764,0.06877074187766154,0.1811887911973691,0.06877074187766154
41765,0.04023606216550684,0.19848491795867923,0.04023606216550684
41766,0.03503277318002964,0.2879789599323187,0.03503277318002964
41767,0.05441787879622157,0.9043256790631024,0.05441787879622157
41768,0.2241860605927154,0.6240621208283365,0.2241860605927154
41769,0.06460614273971244,0.3815162000724937,0.06460614273971244
41770,0.13345562855547255,0.2418998424832629,0.13345562855547255
41771,0.13264866208222978,0.45774115220123934,0.13264866208222978
41772,0.07771517436226255,0.21888605985930615,0.07771517436226255
41773,0.053348089257620565,0.2877005203732521,0.053348089257620565
41774,0.23760172506896418,0.11230080060254184,0.23760172506896418
41775,0.10549985877583207,0.1369008788371489,0.10549985877583207
41776,0.06271538082386477,0.09885356683260477,0.06271538082386477
41777,0.25271359667513604,0.6310733138188851,0.25271359667513604
41778,0.21516448222414705,0.372616140325932,0.21516448222414705
41779,0.048689777349921276,0.11899954571257298,0.048689777349921276
41780,0.02735699020626623,0.21394439201363247,0.02735699020626623
41781,0.03137750440026414,0.3038698446940383,0.03137750440026414
41782,0.031453825645650794,0.0867460993267369,0.031453825645650794
41783,0.05488265404216406,0.34591368636488273,0.05488265404216406
41784,0.03408693941639951,0.05159949703796472,0.03408693941639951
41785,0.051808794178094954,0.26812043884221354,0.051808794178094954
41786,0.014444004504647799,0.10428133622639334,0.014444004504647799
41787,0.22406824305281037,0.6367959494722418,0.22406824305281037
41788,0.07277253797860628,0.0888520931425816,0.07277253797860628
41789,0.11335138743854063,0.3220528557824607,0.11335138743854063
41790,0.24979678628322347,0.9085943266970758,0.24979678628322347
41791,0.12114559283214935,0.6244072585642896,0.12114559283214935
41792,0.3677631108959074,0.19400136159944747,0.3677631108959074
41793,0.04590814094699685,0.3029523444402812,0.04590814094699685
41794,0.05556991787821911,0.3687797051475655,0.05556991787821911
41795,0.018800482026670468,0.03974621794390667,0.018800482026670468
41796,0.8398161233086958,0.743167018235769,0.8398161233086958
41797,0.10957455842966693,0.24648895848900526,0.10957455842966693
41798,0.05691649047619059,0.55938886648404,0.05691649047619059
41799,0.3272413990697164,0.7864559734550105,0.3272413990697164
41800,0.033589641845713156,0.0531785416181536,0.033589641845713156
41801,0.3475672938771725,0.5075055664044726,0.3475672938771725
41802,0.07106532527529529,0.09689573828627664,0.07106532527529529
41803,0.03599932086267613,0.18747553475443973,0.03599932086267613
41804,0.06133746685699738,0.5705702264598582,0.06133746685699738
41805,0.04406034688675044,0.15886288001315946,0.04406034688675044
41806,0.04500082408232351,0.303260406039128,0.04500082408232351
41807,0.03685042707021629,0.10359525032404816,0.03685042707021629
41808,0.05451257774225848,0.34994715694543327,0.05451257774225848
41809,0.06339656392509334,0.19133100581859913,0.06339656392509334
41810,0.25134886190703537,0.19030259828439458,0.25134886190703537
41811,0.012604723360804695,0.10827254740373773,0.012604723360804695
41812,0.015080099490466023,0.14885883905676453,0.015080099490466023
41813,0.05407739195269641,0.4127337334412563,0.05407739195269641
41814,0.05342298239858566,0.35405436070943247,0.05342298239858566
41815,0.05850975039808261,0.2680617891012213,0.05850975039808261
41816,0.041919648974530814,0.06444071334102779,0.041919648974530814
41817,0.036045477308832174,0.06452754788335584,0.036045477308832174
41818,0.030828885044389083,0.5169819158809966,0.030828885044389083
41819,0.24177280169240983,0.8412893048560346,0.24177280169240983
41820,0.04585818191378809,0.17168427165649436,0.04585818191378809
41821,0.02058900768571445,0.39651172004052865,0.02058900768571445
41822,0.10540514104137681,0.055561630084587886,0.10540514104137681
41823,0.10287394655418977,0.25728280537084847,0.10287394655418977
41824,0.06410431562232138,0.09195411090131116,0.06410431562232138
41825,0.029304041434118282,0.13645534914959556,0.029304041434118282
41826,0.10149320565182077,0.3348131857207938,0.10149320565182077
41827,0.12918508674610069,0.24953994357234716,0.12918508674610069
41828,0.110129844735003,0.6549417673979331,0.110129844735003
41829,0.0886213901486791,0.3097100526103512,0.0886213901486791
41830,0.2179516468473723,0.5254753697622538,0.2179516468473723
41831,0.1489330081462082,0.4960044679887148,0.1489330081462082
41832,0.09914219337773451,0.6032950504767977,0.09914219337773451
41833,0.048940882471656365,0.2313803320285343,0.048940882471656365
41834,0.030464335180631682,0.07290597317576261,0.030464335180631682
41835,0.3707487636647153,0.6542439464797863,0.3707487636647153
41836,0.6400588682917017,0.32013318007440633,0.6400588682917017
41837,0.029494719847490584,0.055086810000408666,0.029494719847490584
41838,0.08790808109275317,0.09606151071198218,0.08790808109275317
41839,0.06424832624884234,0.7224219701244247,0.06424832624884234
41840,0.1729945903255927,0.8689409735834174,0.1729945903255927
41841,0.103068717558042,0.5240894019166138,0.103068717558042
41842,0.2896687933604846,0.36966225654843826,0.2896687933604846
41843,0.05121202727698237,0.6100594207693586,0.05121202727698237
41844,0.08110465599604984,0.30696719430553243,0.08110465599604984
41845,0.026721650457715417,0.16314953882184627,0.026721650457715417
41846,0.03841913953062932,0.4904976779697367,0.03841913953062932
41847,0.18078137137748815,0.5286452582763278,0.18078137137748815
41848,0.40415112746165055,0.7054631113123426,0.40415112746165055
41849,0.07849663769318045,0.557347701850115,0.07849663769318045
41850,0.09698179386998287,0.3957778027642606,0.09698179386998287
41851,0.06667012272459642,0.502493555787235,0.06667012272459642
41852,0.03481250898803202,0.05950832035149011,0.03481250898803202
41853,0.012581654549114732,0.4586638120241376,0.012581654549114732
41854,0.08347770783807777,0.16446089480378465,0.08347770783807777
41855,0.20031820594334857,0.8572145843532998,0.20031820594334857
41856,0.3006386006547988,0.9283257675943097,0.3006386006547988
41857,0.14100059814991817,0.10364170248397639,0.14100059814991817
41858,0.46184500288101377,0.11597085098412502,0.46184500288101377
41859,0.46525826174597684,0.08813006896204424,0.46525826174597684
41860,0.0876242636337141,0.46716777411415006,0.0876242636337141
41861,0.11679190553464677,0.31858237840981474,0.11679190553464677
41862,0.16859383669096323,0.4330877460333265,0.16859383669096323
41863,0.23625224506316536,0.8951679504184796,0.23625224506316536
41864,0.02160505488285003,0.16555995347696817,0.02160505488285003
41865,0.263856066791184,0.8480073898511346,0.263856066791184
41866,0.20372985919290687,0.7032362344069342,0.20372985919290687
41867,0.9106184177996002,0.6626245544604662,0.9106184177996002
41868,0.037094242683164316,0.6895447294297571,0.037094242683164316
41869,0.10885138354784753,0.17921939171885073,0.10885138354784753
41870,0.12496310015071745,0.2738880269637294,0.12496310015071745
41871,0.05804330623245345,0.45835027677923934,0.05804330623245345
41872,0.011409283124743146,0.4675383918088547,0.011409283124743146
41873,0.4364831393305535,0.6693036522032914,0.4364831393305535
41874,0.14648488518587865,0.5654256898413461,0.14648488518587865
41875,0.11440847732144147,0.9171330847994519,0.11440847732144147
41876,0.0320314379808145,0.06964313670985818,0.0320314379808145
41877,0.20967479286968924,0.15269849437103822,0.20967479286968924
41878,0.5261831272309596,0.935688897657675,0.5261831272309596
41879,0.027829282328213675,0.5664262400834792,0.027829282328213675
41880,0.24912978875875344,0.4286214217508439,0.24912978875875344
41881,0.11727415995786436,0.12063164118860997,0.11727415995786436
41882,0.11382506657811395,0.40517577266250576,0.11382506657811395
41883,0.1951526471453394,0.4080560610686893,0.1951526471453394
41884,0.12131338679312166,0.1916396303667393,0.12131338679312166
41885,0.10719952482327164,0.4997674159284862,0.10719952482327164
41886,0.03254982262383387,0.14515719710714803,0.03254982262383387
41887,0.13165132187004078,0.6942878047362236,0.13165132187004078
41888,0.023214441514713677,0.4799337577835221,0.023214441514713677
41889,0.03411994953374071,0.17141949633097936,0.03411994953374071
41890,0.033128714687664755,0.07087496113633296,0.033128714687664755
41891,0.03712323909344296,0.09019420550722995,0.03712323909344296
41892,0.02529862989172258,0.1289698930565436,0.02529862989172258
41893,0.1247983955873765,0.5104950311491903,0.1247983955873765
41894,0.027566608842866908,0.1222941940590441,0.027566608842866908
41895,0.23072036049782105,0.3983077616630492,0.23072036049782105
41896,0.15580498195042422,0.3367549813355268,0.15580498195042422
41897,0.18014443478625586,0.26082088129281394,0.18014443478625586
41898,0.03516613109389781,0.07847051174237246,0.03516613109389781
41899,0.06809541126021505,0.16341453623994293,0.06809541126021505
41900,0.45386245522054086,0.7445412760833767,0.45386245522054086
41901,0.01759961598779636,0.05020464627184617,0.01759961598779636
41902,0.16485823833477667,0.5211646399654165,0.16485823833477667
41903,0.25449903132580254,0.7714141317928004,0.25449903132580254
41904,0.17775496987893097,0.4511127009645502,0.17775496987893097
41905,0.10494065455902533,0.11221702529136117,0.10494065455902533
41906,0.13844348439966303,0.38071193288380917,0.13844348439966303
41907,0.33791818879993984,0.537212162824742,0.33791818879993984
41908,0.07311315502676147,0.2134455204855109,0.07311315502676147
41909,0.7033092059564392,0.6446526703423335,0.7033092059564392
41910,0.3380325685783949,0.6135080241403931,0.3380325685783949
41911,0.008596113864074512,0.09977868341719003,0.008596113864074512
41912,0.02954033131242359,0.1730539267594006,0.02954033131242359
41913,0.03928025222108249,0.11378757156883743,0.03928025222108249
41914,0.09875540902132628,0.5782127427066042,0.09875540902132628
41915,0.011656374242430226,0.0792974285165612,0.011656374242430226
41916,0.1527616808392524,0.055475181808502555,0.1527616808392524
41917,0.060388951459493356,0.10038736379609879,0.060388951459493356
41918,0.292515023936128,0.8061199814417394,0.292515023936128
41919,0.013297301882448565,0.05483338250959347,0.013297301882448565
41920,0.013533119355653182,0.032886572047602924,0.013533119355653182
41921,0.10197819078552918,0.7055052584265816,0.10197819078552918
41922,0.029227659562473283,0.12169020001368477,0.029227659562473283
41923,0.04874299005541088,0.8285093403771815,0.04874299005541088
41924,0.013632707139675168,0.025818921126435912,0.013632707139675168
41925,0.16285097410303423,0.49025780816359643,0.16285097410303423
41926,0.33479601145246757,0.4335487921216768,0.33479601145246757
41927,0.09001503925665806,0.33674943166587595,0.09001503925665806
41928,0.12485983450015457,0.08611913429960302,0.12485983450015457
41929,0.44668388981432755,0.23886094039581188,0.44668388981432755
41930,0.18163819346595264,0.5427353339965069,0.18163819346595264
41931,0.12270003738828657,0.2616404231460857,0.12270003738828657
41932,0.136504396664487,0.8007288588505211,0.136504396664487
41933,0.6178177862431042,0.5801909861280719,0.6178177862431042
41934,0.13475487557087362,0.45887052039035003,0.13475487557087362
41935,0.0932150218739904,0.1782565065433869,0.0932150218739904
41936,0.045007110179229246,0.06567550960164975,0.045007110179229246
41937,0.31554053438612384,0.8689030651417172,0.31554053438612384
41938,0.66911225433913,0.17074720137508537,0.66911225433913
41939,0.08378141407844368,0.2663977211375695,0.08378141407844368
41940,0.10132852868269403,0.21220157697628095,0.10132852868269403
41941,0.7523775553978526,0.8674864090272912,0.7523775553978526
41942,0.06519005141509139,0.43171785441073457,0.06519005141509139
41943,0.16733957439644556,0.47309217623665956,0.16733957439644556
41944,0.1278227552773199,0.44610353776170325,0.1278227552773199
41945,0.7210831850049793,0.8707543181608225,0.7210831850049793
41946,0.02859655607935947,0.10311350174833883,0.02859655607935947
41947,0.08691756537524908,0.4288432811397713,0.08691756537524908
41948,0.023730352478495313,0.06780790812054428,0.023730352478495313
41949,0.014425138495740366,0.15223665503807082,0.014425138495740366
41950,0.3308714213920524,0.4487440697992512,0.3308714213920524
41951,0.08429726835865947,0.3835880204755369,0.08429726835865947
41952,0.012960769430009416,0.06307054977651462,0.012960769430009416
41953,0.03741583578236513,0.4253695839672291,0.03741583578236513
41954,0.12589780673354733,0.3913558496942034,0.12589780673354733
41955,0.07458351091387669,0.25805887682532264,0.07458351091387669
41956,0.1419758268816848,0.5255069391584994,0.1419758268816848
41957,0.033501934114685473,0.059633052629806824,0.033501934114685473
41958,0.2829137016436468,0.8761393550748023,0.2829137016436468
41959,0.13562973980147355,0.594721659923616,0.13562973980147355
41960,0.06950362511962646,0.11932371935504414,0.06950362511962646
41961,0.8740850947585477,0.648508622000599,0.8740850947585477
41962,0.12157126541237728,0.11928393857526767,0.12157126541237728
41963,0.04239511580863842,0.2966601474438391,0.04239511580863842
41964,0.12959482940811784,0.7426462943646653,0.12959482940811784
41965,0.1442931207897261,0.858288698332619,0.1442931207897261
41966,0.16367427176246055,0.6723946416485933,0.16367427176246055
41967,0.03051596815561423,0.08728113427891966,0.03051596815561423
41968,0.04801685789462073,0.07408545510100235,0.04801685789462073
41969,0.11775652637633925,0.13242192557380764,0.11775652637633925
41970,0.03318723424997893,0.05255133440634543,0.03318723424997893
41971,0.6096765199951879,0.9233153285122805,0.6096765199951879
41972,0.07184227405371367,0.4360727089893214,0.07184227405371367
41973,0.15382057634995652,0.7713604701147729,0.15382057634995652
41974,0.07621388822761303,0.33407871526109195,0.07621388822761303
41975,0.16407783770078235,0.41928465976728774,0.16407783770078235
41976,0.07678728987750594,0.8370524764395182,0.07678728987750594
41977,0.04398577572352773,0.023172293347376884,0.04398577572352773
41978,0.0439042605915299,0.052222254200288074,0.0439042605915299
41979,0.5408797221300383,0.9220601973442131,0.5408797221300383
41980,0.19515620658090413,0.8473430241411521,0.19515620658090413
41981,0.051543443688677394,0.057028310541848856,0.051543443688677394
41982,0.2718264259239201,0.2979249164323579,0.2718264259239201
41983,0.098472369099425,0.38208592206846426,0.098472369099425
41984,0.08939243037562031,0.517518614897284,0.08939243037562031
41985,0.5698568983668755,0.8197955415859767,0.5698568983668755
41986,0.04425655962179976,0.4751247355698699,0.04425655962179976
41987,0.6783963372065208,0.5557043804899736,0.6783963372065208
41988,0.07593763771338669,0.585399081143851,0.07593763771338669
41989,0.6400008909134182,0.35936129670101746,0.6400008909134182
41990,0.021041967667235748,0.34113030040097697,0.021041967667235748
41991,0.1337217901113729,0.3799699317644474,0.1337217901113729
41992,0.08058008695831187,0.9129440478721791,0.08058008695831187
41993,0.09846029281529793,0.269036391978357,0.09846029281529793
41994,0.059195745194795577,0.15830910262879927,0.059195745194795577
41995,0.5159146746695266,0.47808143836020567,0.5159146746695266
41996,0.21227086850439258,0.8671972259915721,0.21227086850439258
41997,0.029632857867136524,0.2486326626822945,0.029632857867136524
41998,0.05224137330847888,0.25114157408939497,0.05224137330847888
41999,0.04559193897698465,0.2288375701427045,0.04559193897698465
42000,0.08160626966293218,0.046568538799781324,0.08160626966293218
42001,0.11018432907659158,0.8540295805779715,0.11018432907659158
42002,0.00939648701848843,0.08666178760787513,0.00939648701848843
42003,0.009753593862451462,0.014264217437232447,0.009753593862451462
42004,0.4512634570347226,0.5200533328826664,0.4512634570347226
42005,0.5261992317827399,0.4405675334075744,0.5261992317827399
42006,0.3040242824381362,0.29263786554582943,0.3040242824381362
42007,0.0753048426118816,0.7218372584593405,0.0753048426118816
42008,0.034212284359202344,0.1008168822723891,0.034212284359202344
42009,0.10432677251023156,0.5524237440585159,0.10432677251023156
42010,0.07291786746451803,0.32671022843634245,0.07291786746451803
42011,0.047774545816312464,0.1997923523625395,0.047774545816312464
42012,0.01815544390853472,0.027982855714667635,0.01815544390853472
42013,0.2805577039822013,0.7853127335481731,0.2805577039822013
42014,0.15117162361007594,0.2694374707142006,0.15117162361007594
42015,0.01827814616798855,0.40956288417511605,0.01827814616798855
42016,0.04404152096465337,0.8447276733529303,0.04404152096465337
42017,0.38715067204359715,0.7059573592151346,0.38715067204359715
42018,0.21092419080789335,0.06740593123806228,0.21092419080789335
42019,0.43998581577480733,0.4749472404580313,0.43998581577480733
42020,0.10501633460963332,0.07119690805140796,0.10501633460963332
42021,0.06783138286676209,0.3368940437624906,0.06783138286676209
42022,0.5904287727313268,0.8466473705875368,0.5904287727313268
42023,0.14317798847230376,0.6243537661405064,0.14317798847230376
42024,0.0311451491770047,0.0909117014990672,0.0311451491770047
42025,0.1732164404787914,0.7071582594727616,0.1732164404787914
42026,0.3999964951680767,0.5109840509486127,0.3999964951680767
42027,0.08736022229866759,0.7153437345582874,0.08736022229866759
42028,0.0975292095792384,0.6819988048239778,0.0975292095792384
42029,0.06279663873331366,0.1884796212819716,0.06279663873331366
42030,0.08778651313389658,0.22192238429904207,0.08778651313389658
42031,0.04392075375473374,0.17553363054007626,0.04392075375473374
42032,0.7582236983410668,0.730963956337393,0.7582236983410668
42033,0.07340817636583931,0.1284897994848793,0.07340817636583931
42034,0.03239451044974539,0.30566059200964507,0.03239451044974539
42035,0.04189827641907146,0.0147104920748397,0.04189827641907146
42036,0.05802663342270491,0.20894143627746659,0.05802663342270491
42037,0.06388279331881258,0.37618200502711374,0.06388279331881258
42038,0.04579747676186927,0.6716822192037338,0.04579747676186927
42039,0.0800843738597596,0.1545899923051382,0.0800843738597596
42040,0.16077429478234104,0.639050522014136,0.16077429478234104
42041,0.5057607509981239,0.8792605414201022,0.5057607509981239
42042,0.047302574766337306,0.31362083012317465,0.047302574766337306
42043,0.14903262929524022,0.17381338661487336,0.14903262929524022
42044,0.060335234502939955,0.39917548534845665,0.060335234502939955
42045,0.2786108220733547,0.20070302652384117,0.2786108220733547
42046,0.05796239209635704,0.09301226543938805,0.05796239209635704
42047,0.24449623695199335,0.5461134040352867,0.24449623695199335
42048,0.19914770608152627,0.24196508656287216,0.19914770608152627
42049,0.7171199049579295,0.40163295294826606,0.7171199049579295
42050,0.13226575425893877,0.2220392041112487,0.13226575425893877
42051,0.2069620011122153,0.6991827855602892,0.2069620011122153
42052,0.09324298359190959,0.09501347145322632,0.09324298359190959
42053,0.03283850780383002,0.2408348211975431,0.03283850780383002
42054,0.09336722939059419,0.5657920885586349,0.09336722939059419
42055,0.5540723968817278,0.8445859468115909,0.5540723968817278
42056,0.038401337620999,0.21014975374307346,0.038401337620999
42057,0.03680509095009547,0.8018630347158962,0.03680509095009547
42058,0.349950763054518,0.7636327637336829,0.349950763054518
42059,0.04402176118110748,0.13442930241705278,0.04402176118110748
42060,0.04713037869179637,0.07942324787045657,0.04713037869179637
42061,0.088170865731152,0.09713297127263157,0.088170865731152
42062,0.02130656083921127,0.08123806058376301,0.02130656083921127
42063,0.37922732059380454,0.12241882820288132,0.37922732059380454
42064,0.08732571051605727,0.386321286307529,0.08732571051605727
42065,0.6949659843224452,0.4766865962591309,0.6949659843224452
42066,0.025745048364741445,0.0960448656127995,0.025745048364741445
42067,0.028312473722153564,0.36779065132423533,0.028312473722153564
42068,0.1664093729748407,0.24389646538102497,0.1664093729748407
42069,0.07933085100319187,0.17468051099656282,0.07933085100319187
42070,0.058288655434372026,0.14882637491920775,0.058288655434372026
42071,0.05155991066038527,0.1894555725819869,0.05155991066038527
42072,0.0721381102082582,0.7546837878376955,0.0721381102082582
42073,0.011764244824690503,0.10274456251302802,0.011764244824690503
42074,0.1083417066686746,0.4198027402839424,0.1083417066686746
42075,0.11272768826689232,0.23237380775055666,0.11272768826689232
42076,0.13560195470246394,0.8554490638444054,0.13560195470246394
42077,0.04261569328959921,0.1446384759148099,0.04261569328959921
42078,0.49937098095635146,0.6650499061994466,0.49937098095635146
42079,0.06943783188930401,0.07974456363122878,0.06943783188930401
42080,0.0853384706285813,0.3066396323151191,0.0853384706285813
42081,0.01166723495095561,0.23897519143729948,0.01166723495095561
42082,0.042805642242494085,0.18720520836551113,0.042805642242494085
42083,0.043560790826561196,0.3949137014527024,0.043560790826561196
42084,0.5163853253435147,0.5507646807804626,0.5163853253435147
42085,0.30704241549002603,0.10376807715604053,0.30704241549002603
42086,0.10589263879891732,0.2564822870321417,0.10589263879891732
42087,0.4637442294519044,0.9366277167007623,0.4637442294519044
42088,0.05321419550726414,0.37360056034310607,0.05321419550726414
42089,0.024068619791375877,0.8449905786981656,0.024068619791375877
42090,0.057393797897487796,0.2680969645425479,0.057393797897487796
42091,0.02227249241716609,0.12026620322730329,0.02227249241716609
42092,0.12994933719451096,0.1244021747681651,0.12994933719451096
42093,0.5777123819498643,0.49215732788436134,0.5777123819498643
42094,0.1650144277563821,0.2520208142869203,0.1650144277563821
42095,0.07977217227905026,0.24120729257280088,0.07977217227905026
42096,0.01922415144225784,0.07998207282393037,0.01922415144225784
42097,0.03602837748156707,0.24085082791551038,0.03602837748156707
42098,0.42423989981799887,0.49121754244796767,0.42423989981799887
42099,0.0873216604160706,0.24760253638704563,0.0873216604160706
42100,0.801518384681603,0.8564257945737646,0.801518384681603
42101,0.34694565909700126,0.20522300423451306,0.34694565909700126
42102,0.059921300480940645,0.4682395845071542,0.059921300480940645
42103,0.20521054840451394,0.34948525710315465,0.20521054840451394
42104,0.1712124571376715,0.11729768654636853,0.1712124571376715
42105,0.08793694087205955,0.3059921935993567,0.08793694087205955
42106,0.02561225188823399,0.038146315912885885,0.02561225188823399
42107,0.07205963009390744,0.2840856067023325,0.07205963009390744
42108,0.48188530312086225,0.890557953897789,0.48188530312086225
42109,0.5022969016646418,0.7878961766954583,0.5022969016646418
42110,0.17187664686498022,0.072049613869876,0.17187664686498022
42111,0.18453861061146487,0.44278201732509076,0.18453861061146487
42112,0.021648191973618735,0.020933842623598112,0.021648191973618735
42113,0.4223378320895254,0.8224224668024718,0.4223378320895254
42114,0.0292248219029479,0.07532068417485523,0.0292248219029479
42115,0.11273939331473833,0.029296247697907726,0.11273939331473833
42116,0.1128145986449631,0.8459313227414551,0.1128145986449631
42117,0.026292691438158405,0.10706712071305421,0.026292691438158405
42118,0.44200699866585225,0.8648890101405716,0.44200699866585225
42119,0.25860881750508863,0.7511931753019749,0.25860881750508863
42120,0.08663082430846153,0.4674904488412057,0.08663082430846153
42121,0.3120526354044483,0.3112305111250661,0.3120526354044483
42122,0.028768677977261403,0.2438762451899289,0.028768677977261403
42123,0.0524328364618509,0.7290088938557081,0.0524328364618509
42124,0.38295774568085894,0.5273990069486129,0.38295774568085894
42125,0.5584132771852911,0.7636552043404897,0.5584132771852911
42126,0.0719746844219878,0.5115115208902662,0.0719746844219878
42127,0.29263974777920526,0.4713894145442574,0.29263974777920526
42128,0.11491331177106787,0.27964680575357787,0.11491331177106787
42129,0.13956681446006486,0.3917249365584514,0.13956681446006486
42130,0.1063780094986818,0.34055953521146637,0.1063780094986818
42131,0.04109055102896121,0.34216079718243514,0.04109055102896121
42132,0.0317844475565862,0.01883216991237148,0.0317844475565862
42133,0.17201243335875516,0.4193410476844255,0.17201243335875516
42134,0.16156007538542433,0.49435340562849117,0.16156007538542433
42135,0.078976392893852,0.18739315584841862,0.078976392893852
42136,0.26369399247743247,0.4194794684134774,0.26369399247743247
42137,0.18402448862409285,0.6337336816403842,0.18402448862409285
42138,0.2914422887360575,0.6122597306517283,0.2914422887360575
42139,0.07923350573060187,0.3216806461188633,0.07923350573060187
42140,0.04472119732587352,0.25521981910175384,0.04472119732587352
42141,0.15040651292513044,0.04413492102515406,0.15040651292513044
42142,0.15095326361147443,0.07424918517506535,0.15095326361147443
42143,0.08589199125441982,0.2675839718757478,0.08589199125441982
42144,0.033751038401973917,0.09436561518707354,0.033751038401973917
42145,0.05614540868429806,0.19271948351231927,0.05614540868429806
42146,0.022205179138969734,0.5116211173716356,0.022205179138969734
42147,0.30348146451073965,0.18252493290663843,0.30348146451073965
42148,0.3439396579623047,0.9357289447162797,0.3439396579623047
42149,0.07717945615905472,0.3203175984593089,0.07717945615905472
42150,0.15098374906213216,0.8849347759569037,0.15098374906213216
42151,0.12817299269336138,0.6431370730439938,0.12817299269336138
42152,0.06960833745646079,0.21538102107077434,0.06960833745646079
42153,0.22172177268264387,0.47805374205493334,0.22172177268264387
42154,0.724863941409355,0.8841952784614615,0.724863941409355
42155,0.09820771230940448,0.5798272997128804,0.09820771230940448
42156,0.03971204701924173,0.29591683190799334,0.03971204701924173
42157,0.08866448416292266,0.16011944815911094,0.08866448416292266
42158,0.13875521455119114,0.3076640309325335,0.13875521455119114
42159,0.0532158003806134,0.17045402709499274,0.0532158003806134
42160,0.10443035003204652,0.46845353052343053,0.10443035003204652
42161,0.11713992704815522,0.3213313084719299,0.11713992704815522
42162,0.04173036720940597,0.09753311604429729,0.04173036720940597
42163,0.06642305768302867,0.7298220017200058,0.06642305768302867
42164,0.05523070004225299,0.29797258130476595,0.05523070004225299
42165,0.03479283041777662,0.11354027607484073,0.03479283041777662
42166,0.028685408994573114,0.09482603552628252,0.028685408994573114
42167,0.12277167045389176,0.38911095366564724,0.12277167045389176
42168,0.10315875030016228,0.13338541694125042,0.10315875030016228
42169,0.1848957496663588,0.22394080442462774,0.1848957496663588
42170,0.05525282277375603,0.23817620236108192,0.05525282277375603
42171,0.6578312480030848,0.42017619962311376,0.6578312480030848
42172,0.061848588823995625,0.14133039683292092,0.061848588823995625
42173,0.07405975082357981,0.09839548851637385,0.07405975082357981
42174,0.26625416026844206,0.8649889087330151,0.26625416026844206
42175,0.04616628315797018,0.01454888940869734,0.04616628315797018
42176,0.23299539851458456,0.3289363142663417,0.23299539851458456
42177,0.03080618370655248,0.4636483947721722,0.03080618370655248
42178,0.25864200607503185,0.42372234913287277,0.25864200607503185
42179,0.08782053681001686,0.13767354658347333,0.08782053681001686
42180,0.10279493247305736,0.621569295124901,0.10279493247305736
42181,0.3918782451347521,0.19928114629670482,0.3918782451347521
42182,0.02639932118274945,0.07505114605502236,0.02639932118274945
42183,0.057879336765173324,0.030424440969972096,0.057879336765173324
42184,0.1339457016774875,0.7720297033877909,0.1339457016774875
42185,0.17285916374087365,0.5438521821316893,0.17285916374087365
42186,0.14894385863772144,0.2207851774558942,0.14894385863772144
42187,0.07303075979661347,0.1389025907359899,0.07303075979661347
42188,0.07329450226589278,0.14518951825268378,0.07329450226589278
42189,0.06513893471871819,0.19901992728069345,0.06513893471871819
42190,0.22660264017474924,0.17612624496687,0.22660264017474924
42191,0.054653182928611585,0.9321111357019389,0.054653182928611585
42192,0.023806183259981573,0.019818684455441278,0.023806183259981573
42193,0.746237884953888,0.8664697730731884,0.746237884953888
42194,0.0656850761962471,0.26477215954878447,0.0656850761962471
42195,0.14863571734174683,0.23116023045434655,0.14863571734174683
42196,0.1558425094644871,0.49895008681218594,0.1558425094644871
42197,0.05587563612199751,0.395232591569976,0.05587563612199751
42198,0.06728318502746677,0.32429764194977445,0.06728318502746677
42199,0.2829070662906836,0.3801028961835798,0.2829070662906836
42200,0.059030196532659195,0.13225050865747442,0.059030196532659195
42201,0.13239927310645766,0.8249294894312467,0.13239927310645766
42202,0.14569698744207646,0.4119064080962676,0.14569698744207646
42203,0.07932127522354636,0.16580010836630005,0.07932127522354636
42204,0.4663434078429773,0.7464250439976515,0.4663434078429773
42205,0.14401788431883744,0.07621918318710535,0.14401788431883744
42206,0.05911375286545669,0.04214248536455986,0.05911375286545669
42207,0.11205644908325242,0.3916434384912227,0.11205644908325242
42208,0.05908551992693271,0.047893655407637035,0.05908551992693271
42209,0.0706257557191621,0.3570203548246907,0.0706257557191621
42210,0.07764181403634815,0.2879609981945772,0.07764181403634815
42211,0.03177958019059714,0.2925572118827969,0.03177958019059714
42212,0.08406834666073823,0.295185298455558,0.08406834666073823
42213,0.06751149414013155,0.02655364438732432,0.06751149414013155
42214,0.035111017874002975,0.7616252718642341,0.035111017874002975
42215,0.12697047771203698,0.2569303888896403,0.12697047771203698
42216,0.08095985552446923,0.5337915778126783,0.08095985552446923
42217,0.10596988276382663,0.08374113334419146,0.10596988276382663
42218,0.04018173753219485,0.16373268135516625,0.04018173753219485
42219,0.079910134328134,0.10903115671554348,0.079910134328134
42220,0.027566194713068915,0.06258341124586733,0.027566194713068915
42221,0.05649829838398835,0.12048977518740749,0.05649829838398835
42222,0.049449950340322346,0.16984722954315898,0.049449950340322346
42223,0.03810138410340311,0.4784953165075706,0.03810138410340311
42224,0.0656463232005094,0.17110039456209147,0.0656463232005094
42225,0.21808422749034007,0.8019890099321766,0.21808422749034007
42226,0.0340798725742384,0.8371748714439382,0.0340798725742384
42227,0.038666049499438394,0.04606682524607664,0.038666049499438394
42228,0.09994013633265628,0.2065831827523288,0.09994013633265628
42229,0.03072734001333093,0.05694628004494311,0.03072734001333093
42230,0.0938032583857714,0.7400407050823778,0.0938032583857714
42231,0.045695627552539496,0.6972149178802459,0.045695627552539496
42232,0.595912223451158,0.6758159243545511,0.595912223451158
42233,0.16874155261000573,0.45692023800311354,0.16874155261000573
42234,0.6865098570119106,0.6876568316059857,0.6865098570119106
42235,0.01723806836815733,0.047785595808855066,0.01723806836815733
42236,0.10167799885448839,0.8056243325934114,0.10167799885448839
42237,0.22182724586607477,0.25705528341719175,0.22182724586607477
42238,0.1846491288671795,0.8411529029933597,0.1846491288671795
42239,0.10489912455496873,0.12668087258098054,0.10489912455496873
42240,0.029281390850201837,0.6027546291239525,0.029281390850201837
42241,0.06371460670949877,0.836789564063199,0.06371460670949877
42242,0.021928306671337588,0.12225100397777007,0.021928306671337588
42243,0.08286504091261744,0.5204299759251414,0.08286504091261744
42244,0.172725434839733,0.12785994674878343,0.172725434839733
42245,0.03431205238706031,0.14249995762769058,0.03431205238706031
42246,0.10809708419650173,0.2259037311345566,0.10809708419650173
42247,0.26358520936070906,0.11328800680203455,0.26358520936070906
42248,0.18197210286949633,0.839853228540543,0.18197210286949633
42249,0.06850825508543767,0.7842119456587705,0.06850825508543767
42250,0.06742867185492746,0.20871633429865788,0.06742867185492746
42251,0.16919911904478857,0.615579412816524,0.16919911904478857
42252,0.04931309463646001,0.7989673594993153,0.04931309463646001
42253,0.718918929976502,0.9451513676025459,0.718918929976502
42254,0.05814163199168936,0.4643127189895908,0.05814163199168936
42255,0.05013775835925733,0.25994612158558017,0.05013775835925733
42256,0.12202180767553532,0.4626798442755274,0.12202180767553532
42257,0.10953038313867441,0.204170798843782,0.10953038313867441
42258,0.02698883792598932,0.0867812323708251,0.02698883792598932
42259,0.014567341145181512,0.03058543674939525,0.014567341145181512
42260,0.49555353282372105,0.39934612981271034,0.49555353282372105
42261,0.07884535945684493,0.676137650451029,0.07884535945684493
42262,0.011639216543443812,0.05684639557430278,0.011639216543443812
42263,0.12787917190377693,0.5610527752433984,0.12787917190377693
42264,0.02603524620267812,0.06629517364823422,0.02603524620267812
42265,0.032931581810262206,0.37442636577166016,0.032931581810262206
42266,0.06411382918029379,0.2837166617138854,0.06411382918029379
42267,0.24281398705528184,0.8338840922611788,0.24281398705528184
42268,0.08631083815205852,0.19129475367080062,0.08631083815205852
42269,0.07404331953179101,0.33091576223493296,0.07404331953179101
42270,0.08413965864946629,0.268454017886496,0.08413965864946629
42271,0.28902572976771884,0.31858333685669654,0.28902572976771884
42272,0.04596267597795677,0.12275409501815636,0.04596267597795677
42273,0.058205957438693265,0.08577397449075584,0.058205957438693265
42274,0.20309407626782933,0.6740023796315538,0.20309407626782933
42275,0.6174282244172064,0.7293473985928104,0.6174282244172064
42276,0.08442267643658569,0.7525611934786448,0.08442267643658569
42277,0.017338975155325585,0.04182933079187509,0.017338975155325585
42278,0.04949175742086756,0.18724153288040407,0.04949175742086756
42279,0.05962077210360241,0.04392754911195628,0.05962077210360241
42280,0.06502456908363059,0.45604633401847516,0.06502456908363059
42281,0.09107192737253463,0.3277633840388434,0.09107192737253463
42282,0.11772821877320296,0.5929014137501205,0.11772821877320296
42283,0.1664869363392952,0.2609123672627093,0.1664869363392952
42284,0.05920316478170024,0.0997272565207821,0.05920316478170024
42285,0.1268532686012978,0.3529525206876932,0.1268532686012978
42286,0.14989591842888744,0.24249538632306095,0.14989591842888744
42287,0.02381526045665492,0.1900889764525269,0.02381526045665492
42288,0.022237672846051743,0.1848629645360062,0.022237672846051743
42289,0.18145522080958879,0.5807070774079407,0.18145522080958879
42290,0.019829177075605796,0.15810065729668477,0.019829177075605796
42291,0.09378672883942327,0.2117318384866687,0.09378672883942327
42292,0.0959418760921736,0.7616181088765444,0.0959418760921736
42293,0.25859556229268255,0.4960747027075169,0.25859556229268255
42294,0.22922689133448845,0.5109984397676945,0.22922689133448845
42295,0.024925210044735347,0.39687582267274857,0.024925210044735347
42296,0.18335977039091975,0.6476332900641262,0.18335977039091975
42297,0.05078838956659914,0.07961800465442487,0.05078838956659914
42298,0.01380201738540408,0.20285802916679446,0.01380201738540408
42299,0.22925273137901486,0.29666501416012775,0.22925273137901486
42300,0.06580049136389592,0.1999794234717684,0.06580049136389592
42301,0.23332326106340856,0.01931558815495312,0.23332326106340856
42302,0.06734598341475137,0.19546696933119426,0.06734598341475137
42303,0.2331754136265679,0.5867657875468162,0.2331754136265679
42304,0.058193384776587635,0.24653861499238214,0.058193384776587635
42305,0.3651840836260685,0.8000239643915754,0.3651840836260685
42306,0.027698210603801853,0.16343461941435586,0.027698210603801853
42307,0.626289865719662,0.8964961636780908,0.626289865719662
42308,0.06686904720620755,0.02659842426954495,0.06686904720620755
42309,0.08966884350864346,0.793509561974915,0.08966884350864346
42310,0.02771163039968821,0.201210976056023,0.02771163039968821
42311,0.11676324961630968,0.7217012129425956,0.11676324961630968
42312,0.432464492031156,0.6315770696013827,0.432464492031156
42313,0.0936192313716401,0.7534345620780389,0.0936192313716401
42314,0.09911517607898282,0.38246140999504125,0.09911517607898282
42315,0.05613216217416922,0.2713463762279719,0.05613216217416922
42316,0.032456921018490945,0.3559597440927569,0.032456921018490945
42317,0.3609464513193443,0.6393093154541022,0.3609464513193443
42318,0.09940751642776953,0.3797243721208188,0.09940751642776953
42319,0.04033121733059708,0.13823745569841525,0.04033121733059708
42320,0.09725420332003283,0.7010018519635234,0.09725420332003283
42321,0.7616287409743193,0.42784510396463427,0.7616287409743193
42322,0.10620959189383464,0.5394069507861418,0.10620959189383464
42323,0.055507980578992006,0.10436648618349895,0.055507980578992006
42324,0.0698857890257641,0.1535958340096532,0.0698857890257641
42325,0.35195436784380335,0.04832265885736788,0.35195436784380335
42326,0.08716025909261843,0.15577780336425812,0.08716025909261843
42327,0.05446058325407302,0.07336895982389244,0.05446058325407302
42328,0.033679433149804046,0.4994263695336799,0.033679433149804046
42329,0.10355590520520395,0.9023619670811399,0.10355590520520395
42330,0.02322974646018331,0.054283053906055555,0.02322974646018331
42331,0.045987150280830585,0.2550076530898428,0.045987150280830585
42332,0.07031998419927307,0.06203224998354624,0.07031998419927307
42333,0.22080908465151858,0.8962748156709691,0.22080908465151858
42334,0.47527332002033074,0.7718875516144549,0.47527332002033074
42335,0.038341863598477036,0.3855450755377384,0.038341863598477036
42336,0.03952123736980492,0.3689872609132383,0.03952123736980492
42337,0.05314774266333359,0.5672891928786784,0.05314774266333359
42338,0.24063240416565024,0.8685890212731265,0.24063240416565024
42339,0.16114343542685122,0.35426345222735384,0.16114343542685122
42340,0.3770827039492744,0.7181921015276117,0.3770827039492744
42341,0.30279689964971385,0.7948620045740192,0.30279689964971385
42342,0.00703209171954347,0.018765099163234884,0.00703209171954347
42343,0.24587619626969306,0.8901567990964402,0.24587619626969306
42344,0.12827302605045326,0.6900206919162487,0.12827302605045326
42345,0.13758205425100356,0.4740371656244576,0.13758205425100356
42346,0.11820216349384655,0.6679589276327318,0.11820216349384655
42347,0.09204637046053024,0.7090363423173853,0.09204637046053024
42348,0.20667355623858216,0.5702492925740995,0.20667355623858216
42349,0.07622096824666585,0.8801570519941775,0.07622096824666585
42350,0.1311929395322202,0.696709371716828,0.1311929395322202
42351,0.9045582464001107,0.9505420254194547,0.9045582464001107
42352,0.014781085827815822,0.1278408316567725,0.014781085827815822
42353,0.779180683213262,0.7589767147938637,0.779180683213262
42354,0.6973935990023106,0.660591913353939,0.6973935990023106
42355,0.016504607936911248,0.37604269492314046,0.016504607936911248
42356,0.04963341764210453,0.4657066234771359,0.04963341764210453
42357,0.10180327391461819,0.386723772993954,0.10180327391461819
42358,0.030902772792373148,0.06355648774539954,0.030902772792373148
42359,0.23794686732720927,0.5990319180468304,0.23794686732720927
42360,0.5799872233973531,0.36959887317622453,0.5799872233973531
42361,0.22977581629258265,0.32998821040775006,0.22977581629258265
42362,0.1520096812552056,0.37113617434971397,0.1520096812552056
42363,0.06300270102979659,0.21770652909655142,0.06300270102979659
42364,0.07446601898174861,0.15491595202990116,0.07446601898174861
42365,0.4403328378014013,0.526361683754157,0.4403328378014013
42366,0.020122809473491477,0.034198310990099436,0.020122809473491477
42367,0.33431680168101685,0.1766443252794613,0.33431680168101685
42368,0.7691885113810843,0.7451055244808061,0.7691885113810843
42369,0.3282077025251346,0.8013464407508551,0.3282077025251346
42370,0.11752269625188298,0.26538023762976604,0.11752269625188298
42371,0.4165889608366864,0.6853128051988239,0.4165889608366864
42372,0.22781880320299222,0.3729531741630864,0.22781880320299222
42373,0.1780473938744376,0.28956660809676504,0.1780473938744376
42374,0.03334592653241399,0.5405974937093972,0.03334592653241399
42375,0.03941655954414031,0.15475445546937133,0.03941655954414031
42376,0.09177354510867435,0.032892906727180975,0.09177354510867435
42377,0.022546025236545482,0.14287378363238273,0.022546025236545482
42378,0.11026542355825557,0.7597840688298448,0.11026542355825557
42379,0.15486274392325902,0.7541048330218912,0.15486274392325902
42380,0.0390358621687312,0.09461053351531687,0.0390358621687312
42381,0.07687571187258181,0.3105150820074676,0.07687571187258181
42382,0.148838312751325,0.5031895696528528,0.148838312751325
42383,0.24999960751227357,0.6898614844274503,0.24999960751227357
42384,0.2970683382186291,0.7229349401750894,0.2970683382186291
42385,0.1525894303453804,0.7312126047217501,0.1525894303453804
42386,0.06890609953389418,0.3534596141292943,0.06890609953389418
42387,0.09402975183128284,0.4174496513837123,0.09402975183128284
42388,0.47546862559049835,0.5323324488590575,0.47546862559049835
42389,0.07867088740291767,0.438338259657996,0.07867088740291767
42390,0.1251682045690201,0.3532259345034527,0.1251682045690201
42391,0.10560330145756341,0.2456135690767017,0.10560330145756341
42392,0.060450972467957546,0.18566342778525904,0.060450972467957546
42393,0.2814049443927226,0.3985251054952128,0.2814049443927226
42394,0.14866328287905903,0.6099520868811049,0.14866328287905903
42395,0.5509916209037864,0.6815650085165385,0.5509916209037864
42396,0.0564356186644421,0.08461947347258476,0.0564356186644421
42397,0.021767604961989494,0.08850792778968909,0.021767604961989494
42398,0.10890752079284384,0.5116523752460158,0.10890752079284384
42399,0.11140581511368873,0.08098455963106642,0.11140581511368873
42400,0.14393784586136488,0.6353338598510154,0.14393784586136488
42401,0.060051884457481594,0.1179818078084208,0.060051884457481594
42402,0.03946930509174919,0.5882324703198407,0.03946930509174919
42403,0.09464353476585428,0.5920764112690186,0.09464353476585428
42404,0.1305701431694461,0.7299647294643762,0.1305701431694461
42405,0.2857036102314392,0.4510179579239243,0.2857036102314392
42406,0.05163049521304088,0.8197269235514792,0.05163049521304088
42407,0.15205654504960994,0.41973042671843386,0.15205654504960994
42408,0.022283018833649925,0.121647467494233,0.022283018833649925
42409,0.1944151489028023,0.7135649300399342,0.1944151489028023
42410,0.08826872358128168,0.5364511593096698,0.08826872358128168
42411,0.02468423778504203,0.3351528866285327,0.02468423778504203
42412,0.1735290812001445,0.2359428964559221,0.1735290812001445
42413,0.030125396075338415,0.16501548720330775,0.030125396075338415
42414,0.03877707660344436,0.19300188024466924,0.03877707660344436
42415,0.0214621781402756,0.08222689521334879,0.0214621781402756
42416,0.6099241031415329,0.20659514832619755,0.6099241031415329
42417,0.023411177162654284,0.09455978104513542,0.023411177162654284
42418,0.05150681399710481,0.14734010282822924,0.05150681399710481
42419,0.13091165344917152,0.26457163202181716,0.13091165344917152
42420,0.031487756601482994,0.13557726147708052,0.031487756601482994
42421,0.04997748638201256,0.4647517696941865,0.04997748638201256
42422,0.0266676437797702,0.06339793638581255,0.0266676437797702
42423,0.017011775702421857,0.022068165202219263,0.017011775702421857
42424,0.10702603071366068,0.5532198509579042,0.10702603071366068
42425,0.03980311346522989,0.11927995978472106,0.03980311346522989
42426,0.043643680210251994,0.11841834329734872,0.043643680210251994
42427,0.04834571126068364,0.4201421953813491,0.04834571126068364
42428,0.01675371065467054,0.08590058422994218,0.01675371065467054
42429,0.0415261039508052,0.25153539016417,0.0415261039508052
42430,0.466935168543817,0.406474103210992,0.466935168543817
42431,0.25265041957660667,0.7409014503404765,0.25265041957660667
42432,0.05942783588883942,0.20866722827217024,0.05942783588883942
42433,0.28996816894505145,0.25516084340288875,0.28996816894505145
42434,0.0576592212987933,0.34646391306089497,0.0576592212987933
42435,0.044638332570061,0.2247105475353919,0.044638332570061
42436,0.041805434263462796,0.06394837461810422,0.041805434263462796
42437,0.016952597805914023,0.1175621668315787,0.016952597805914023
42438,0.4284483065845279,0.20902218869243255,0.4284483065845279
42439,0.8378312369510611,0.9496784222463104,0.8378312369510611
42440,0.48449997716573795,0.5686165754960821,0.48449997716573795
42441,0.1543017423539011,0.8620000848761369,0.1543017423539011
42442,0.11613227755756135,0.4027984637011833,0.11613227755756135
42443,0.12317068321690694,0.29812307656854625,0.12317068321690694
42444,0.227417781052313,0.91206727121013,0.227417781052313
42445,0.03378176012347763,0.03643576691516019,0.03378176012347763
42446,0.10447914279283226,0.5481578668248124,0.10447914279283226
42447,0.11797041419059556,0.5148135560687056,0.11797041419059556
42448,0.011275787614266116,0.11959924738969675,0.011275787614266116
42449,0.049447439047465416,0.042131089279300524,0.049447439047465416
42450,0.19291987642853992,0.5159489138417378,0.19291987642853992
42451,0.12929422502589033,0.24795827728388123,0.12929422502589033
42452,0.05657451805519607,0.9208392903320053,0.05657451805519607
42453,0.03090473128037891,0.1912324643620532,0.03090473128037891
42454,0.04837658403766411,0.5136418197866536,0.04837658403766411
42455,0.06867801809910375,0.20295629708643784,0.06867801809910375
42456,0.05314630489881815,0.4551104409251962,0.05314630489881815
42457,0.18163149191513278,0.2546708335291541,0.18163149191513278
42458,0.07785340964826722,0.12056009164546452,0.07785340964826722
42459,0.024209517723557318,0.3005059212278209,0.024209517723557318
42460,0.21048408507363586,0.7921438428090253,0.21048408507363586
42461,0.12672739961539686,0.18603899189060868,0.12672739961539686
42462,0.6500604592104113,0.802103888457943,0.6500604592104113
42463,0.1249886094415983,0.2802090890137219,0.1249886094415983
42464,0.2709267935066769,0.4610642533943411,0.2709267935066769
42465,0.03310278972488356,0.11801886036914046,0.03310278972488356
42466,0.09771440059353337,0.8340789364532386,0.09771440059353337
42467,0.12075095983386383,0.8959070023923412,0.12075095983386383
42468,0.09364956250265351,0.02215832114548231,0.09364956250265351
42469,0.051749957407568034,0.08957913738676314,0.051749957407568034
42470,0.5198538316418293,0.5738197267338628,0.5198538316418293
42471,0.19568077945799653,0.7067029814926181,0.19568077945799653
42472,0.058780228470131174,0.23971414731594015,0.058780228470131174
42473,0.2888966541539368,0.77079917557567,0.2888966541539368
42474,0.03219227999849476,0.7286106739708044,0.03219227999849476
42475,0.3997609190084202,0.9487546337240282,0.3997609190084202
42476,0.03465035392449803,0.7034710788477613,0.03465035392449803
42477,0.15619009922704088,0.4253852941190166,0.15619009922704088
42478,0.020829103996221485,0.04900022532586645,0.020829103996221485
42479,0.15268114597134727,0.43020970554740645,0.15268114597134727
42480,0.24777159022149037,0.7382217298697187,0.24777159022149037
42481,0.049814104712213945,0.25751645860325345,0.049814104712213945
42482,0.025632016734867036,0.15165879861733506,0.025632016734867036
42483,0.5350561593600974,0.2916534995021393,0.5350561593600974
42484,0.019553012535660188,0.17040352993662544,0.019553012535660188
42485,0.04124328245324994,0.08427202182869517,0.04124328245324994
42486,0.8863097275514915,0.7831727411568402,0.8863097275514915
42487,0.08974782696572194,0.6223389532044551,0.08974782696572194
42488,0.06328577644556199,0.09496826420900228,0.06328577644556199
42489,0.5980625871747561,0.8366158856470449,0.5980625871747561
42490,0.03188323396988784,0.22708897818583876,0.03188323396988784
42491,0.05189594607949048,0.3296956696186356,0.05189594607949048
42492,0.17190944594302546,0.24041868485813203,0.17190944594302546
42493,0.05243626693637087,0.6282074894710371,0.05243626693637087
42494,0.17337391234427424,0.6722251569809977,0.17337391234427424
42495,0.13428678941211433,0.5148064164874702,0.13428678941211433
42496,0.3029899441492415,0.5657049945190441,0.3029899441492415
42497,0.052501596615001,0.2483928658002807,0.052501596615001
42498,0.22143608847124524,0.5356124995124197,0.22143608847124524
42499,0.10227857062562973,0.4405621292214321,0.10227857062562973
42500,0.09438954704843815,0.15155974037703424,0.09438954704843815
42501,0.15475141523249158,0.5864292501235969,0.15475141523249158
42502,0.04952860365398801,0.0953969342169852,0.04952860365398801
42503,0.022977104749910736,0.051479476424778486,0.022977104749910736
42504,0.05316321000600053,0.15408874192522806,0.05316321000600053
42505,0.06032971659278339,0.21930377698365813,0.06032971659278339
42506,0.040746246873697434,0.0402363434313626,0.040746246873697434
42507,0.13147627782040036,0.4454524457312978,0.13147627782040036
42508,0.10426270495185441,0.16623110027905907,0.10426270495185441
42509,0.06368474497486386,0.18304535742308614,0.06368474497486386
42510,0.0884071826082618,0.4694028797786919,0.0884071826082618
42511,0.33837351349171896,0.4054583639716588,0.33837351349171896
42512,0.33680296198067344,0.8776376587807653,0.33680296198067344
42513,0.09677083027747488,0.3119413174634667,0.09677083027747488
42514,0.05996016552894887,0.35215275361144505,0.05996016552894887
42515,0.5731919011141374,0.8124461580835411,0.5731919011141374
42516,0.07217038160619901,0.28402518819687317,0.07217038160619901
42517,0.08395706382873731,0.4430554384649465,0.08395706382873731
42518,0.06117916187002577,0.05826741163709394,0.06117916187002577
42519,0.050104733243103994,0.08344556631732636,0.050104733243103994
42520,0.2284767237988751,0.6155897151741319,0.2284767237988751
42521,0.03408782770839781,0.2810904005468208,0.03408782770839781
42522,0.04327206529838038,0.8552995482096819,0.04327206529838038
42523,0.7075565630771826,0.9371918131334059,0.7075565630771826
42524,0.07279437560029431,0.4011015038515836,0.07279437560029431
42525,0.421471495266789,0.8992498941508906,0.421471495266789
42526,0.02441092990702333,0.2257714099868534,0.02441092990702333
42527,0.1302337499624564,0.6529601365698963,0.1302337499624564
42528,0.06032359737085095,0.11364663353816805,0.06032359737085095
42529,0.4263622610214734,0.8200464288278382,0.4263622610214734
42530,0.07662141653464986,0.8501548000971823,0.07662141653464986
42531,0.05251568255714437,0.13284699706080086,0.05251568255714437
42532,0.07705237211016987,0.08750088927675279,0.07705237211016987
42533,0.04071029567204567,0.14527006212156127,0.04071029567204567
42534,0.04221205550916205,0.2543993765807793,0.04221205550916205
42535,0.6085476284297119,0.8344788077310884,0.6085476284297119
42536,0.02310352655120247,0.014391487456466394,0.02310352655120247
42537,0.06313755267480034,0.1074143332053705,0.06313755267480034
42538,0.035167482150149684,0.2045736129891625,0.035167482150149684
42539,0.2686409750026937,0.4962018547503893,0.2686409750026937
42540,0.034163860105796924,0.19947905307857733,0.034163860105796924
42541,0.11253118301267674,0.9401276696851905,0.11253118301267674
42542,0.028465532227215682,0.11520097311878227,0.028465532227215682
42543,0.05000487428374889,0.14636698532371395,0.05000487428374889
42544,0.16050835735512467,0.2978110197978539,0.16050835735512467
42545,0.06771743295821517,0.06162720537692769,0.06771743295821517
42546,0.03126982363735867,0.08221595110204082,0.03126982363735867
42547,0.3498981212331858,0.6989620682361342,0.3498981212331858
42548,0.021954288996039132,0.2542617329521651,0.021954288996039132
42549,0.09970762569973723,0.6105175719957376,0.09970762569973723
42550,0.47188994461061223,0.8123431137490845,0.47188994461061223
42551,0.2883781803170366,0.8112826976983837,0.2883781803170366
42552,0.0242140728772385,0.0402153669785294,0.0242140728772385
42553,0.7161479285498179,0.9299288070306078,0.7161479285498179
42554,0.07666308894409614,0.16954535690894104,0.07666308894409614
42555,0.7092913309013736,0.7843930740856905,0.7092913309013736
42556,0.08922968666228132,0.7131369626371356,0.08922968666228132
42557,0.16303825089708454,0.7784828149867982,0.16303825089708454
42558,0.08672894879378203,0.22625626381608618,0.08672894879378203
42559,0.012982895474575762,0.2722654547976792,0.012982895474575762
42560,0.152769443668868,0.571607120604394,0.152769443668868
42561,0.1441988726856099,0.1851663193827154,0.1441988726856099
42562,0.19217370248152368,0.36521993180305073,0.19217370248152368
42563,0.6047734515202822,0.5838124455265745,0.6047734515202822
42564,0.0322095355946805,0.17816847451399973,0.0322095355946805
42565,0.17110038407677172,0.45420321240370426,0.17110038407677172
42566,0.1005275452659392,0.5991187536879076,0.1005275452659392
42567,0.14790677494967736,0.9083550879122712,0.14790677494967736
42568,0.07097156134277156,0.34265683840228894,0.07097156134277156
42569,0.6963766505137409,0.6911195685160516,0.6963766505137409
42570,0.0988786180798799,0.031155024968272254,0.0988786180798799
42571,0.06219475266661353,0.3357565267987064,0.06219475266661353
42572,0.06926483816711727,0.31724730099748505,0.06926483816711727
42573,0.043131562610972764,0.2439878653422401,0.043131562610972764
42574,0.036122973111547566,0.401430408157035,0.036122973111547566
42575,0.03784684133208079,0.2568982713679354,0.03784684133208079
42576,0.35975216811362004,0.5245192406578782,0.35975216811362004
42577,0.039879773614094186,0.10189170757862176,0.039879773614094186
42578,0.6078787902937826,0.8075464729618843,0.6078787902937826
42579,0.04916851067888592,0.2768313324154937,0.04916851067888592
42580,0.06774545883842753,0.13670292525605157,0.06774545883842753
42581,0.3386309800387142,0.31996371760706205,0.3386309800387142
42582,0.02824673646133588,0.017754795506392133,0.02824673646133588
42583,0.7158910265863903,0.9540795788259924,0.7158910265863903
42584,0.05103584122892854,0.5238219130670541,0.05103584122892854
42585,0.16173380025618436,0.301743557945236,0.16173380025618436
42586,0.25011373038845497,0.4771672769366277,0.25011373038845497
42587,0.021970278095096718,0.06174362228524358,0.021970278095096718
42588,0.09333242314719144,0.1635667947524882,0.09333242314719144
42589,0.07358932203569495,0.1858056726005625,0.07358932203569495
42590,0.5783697124626715,0.6774683014896127,0.5783697124626715
42591,0.2020109427943999,0.7385320452844862,0.2020109427943999
42592,0.06888901151947255,0.851042119383936,0.06888901151947255
42593,0.5914492298855517,0.8331679372176027,0.5914492298855517
42594,0.07994983271304791,0.2192287599255186,0.07994983271304791
42595,0.12510940608506674,0.4608648639216119,0.12510940608506674
42596,0.18579047396448478,0.21290992393410535,0.18579047396448478
42597,0.10151468414330392,0.2011933116910813,0.10151468414330392
42598,0.1946201666102635,0.11515430998140559,0.1946201666102635
42599,0.04781677984735111,0.10324171660613587,0.04781677984735111
42600,0.10849692388893066,0.5048230677097459,0.10849692388893066
42601,0.2923639177667117,0.09617352661522222,0.2923639177667117
42602,0.47696162043099743,0.6119830575243681,0.47696162043099743
42603,0.19604644388444767,0.07440368969764992,0.19604644388444767
42604,0.11706535781012008,0.1731196241950609,0.11706535781012008
42605,0.030827104367542008,0.24578357394531125,0.030827104367542008
42606,0.12389862079980768,0.8115731179617893,0.12389862079980768
42607,0.11709886825994188,0.2558929595918963,0.11709886825994188
42608,0.09722607771419346,0.23997722689619774,0.09722607771419346
42609,0.14837353889978577,0.16574883273204066,0.14837353889978577
42610,0.02167409844656901,0.7219437445262139,0.02167409844656901
42611,0.5877577085327678,0.6754572800958634,0.5877577085327678
42612,0.09269635659568633,0.6233344533400871,0.09269635659568633
42613,0.08105150388103283,0.10309825558050387,0.08105150388103283
42614,0.03543449479778838,0.07948077055483733,0.03543449479778838
42615,0.05031759461797987,0.18011297964667672,0.05031759461797987
42616,0.12379615043039169,0.3073044256706008,0.12379615043039169
42617,0.10624366931230725,0.20578642965869703,0.10624366931230725
42618,0.038977929246186496,0.32329625011740826,0.038977929246186496
42619,0.1482659092434231,0.18551509584570294,0.1482659092434231
42620,0.03606374189492555,0.1461738250991657,0.03606374189492555
42621,0.04966626974820892,0.21680122126625195,0.04966626974820892
42622,0.145608156279638,0.035993618441867,0.145608156279638
42623,0.08070425942862774,0.25000326486521596,0.08070425942862774
42624,0.08764871283756838,0.09669418760379762,0.08764871283756838
42625,0.030680772159511847,0.17738125483755152,0.030680772159511847
42626,0.5583091262770029,0.6065389713795836,0.5583091262770029
42627,0.45175278578122774,0.7100820694906866,0.45175278578122774
42628,0.17641886696404005,0.23979481334834502,0.17641886696404005
42629,0.8445957627464942,0.43827522727580376,0.8445957627464942
42630,0.10230280483756453,0.1911928010331157,0.10230280483756453
42631,0.14793846319122134,0.7821547989818868,0.14793846319122134
42632,0.05418615950995047,0.15948419288574064,0.05418615950995047
42633,0.08033280451750059,0.20563174589543,0.08033280451750059
42634,0.12049330686367145,0.4670064364904001,0.12049330686367145
42635,0.1828430369111179,0.5584001725765207,0.1828430369111179
42636,0.44088359579203606,0.21135292749259915,0.44088359579203606
42637,0.26465500316797635,0.5514319264026777,0.26465500316797635
42638,0.3741218335312563,0.36042569372268796,0.3741218335312563
42639,0.035482391581610755,0.799391548606165,0.035482391581610755
42640,0.026781123452715883,0.21198811298987477,0.026781123452715883
42641,0.28202224609636833,0.5351890276623489,0.28202224609636833
42642,0.03624169784693851,0.009580953756517538,0.03624169784693851
42643,0.19442689484376938,0.1680532354972113,0.19442689484376938
42644,0.08876379065521736,0.2424543015305144,0.08876379065521736
42645,0.04514255456185073,0.3372185377751511,0.04514255456185073
42646,0.13342247684607655,0.7436158614342148,0.13342247684607655
42647,0.16481280751696115,0.8725814914981732,0.16481280751696115
42648,0.06783542305328172,0.14283904726198318,0.06783542305328172
42649,0.07489204963018152,0.1651441017528681,0.07489204963018152
42650,0.08846552548999882,0.579816456666299,0.08846552548999882
42651,0.4290350348235145,0.13416343038118314,0.4290350348235145
42652,0.27041024495677807,0.34023998914242065,0.27041024495677807
42653,0.25200020082792024,0.13882195018263363,0.25200020082792024
42654,0.6565342079573095,0.9441090857241131,0.6565342079573095
42655,0.0494602661292628,0.19867089151860906,0.0494602661292628
42656,0.05601155478243377,0.04627507377816048,0.05601155478243377
42657,0.08776532396892069,0.19419754710284262,0.08776532396892069
42658,0.07814223025674001,0.16095145954220616,0.07814223025674001
42659,0.04747308676447357,0.31490005411659505,0.04747308676447357
42660,0.11140561135171995,0.7350209615262361,0.11140561135171995
42661,0.10145184575655054,0.1635830148447462,0.10145184575655054
42662,0.027835472985680135,0.23003664952135616,0.027835472985680135
42663,0.10675321889743716,0.6193761664653714,0.10675321889743716
42664,0.3066930599707484,0.38203072295910345,0.3066930599707484
42665,0.06164200831288961,0.5799391898361748,0.06164200831288961
42666,0.2950690294648132,0.6009145884061022,0.2950690294648132
42667,0.6026843152867271,0.8890238420617987,0.6026843152867271
42668,0.1696378900072345,0.27931997450768786,0.1696378900072345
42669,0.06546230987953726,0.1175596724600222,0.06546230987953726
42670,0.19514109745980437,0.5157946551426669,0.19514109745980437
42671,0.0635098653141563,0.5140585635971334,0.0635098653141563
42672,0.6824486994552945,0.6337213769382293,0.6824486994552945
42673,0.6362810306813627,0.5976868750853763,0.6362810306813627
42674,0.10568869253892443,0.8953839806824367,0.10568869253892443
42675,0.061562244108908766,0.28349675509827227,0.061562244108908766
42676,0.055140146798846254,0.11639052716530138,0.055140146798846254
42677,0.03664378292465527,0.3069659872441473,0.03664378292465527
42678,0.08485527532446406,0.6412295253291641,0.08485527532446406
42679,0.04410846545558242,0.04319392196932858,0.04410846545558242
42680,0.2225939376497073,0.26029473707190137,0.2225939376497073
42681,0.050381338539702065,0.16350223968891556,0.050381338539702065
42682,0.07932833446075357,0.060978920923030394,0.07932833446075357
42683,0.13103524579518316,0.40991102571022053,0.13103524579518316
42684,0.16905680871899906,0.9082655738097134,0.16905680871899906
42685,0.04760858023416814,0.45921125367386106,0.04760858023416814
42686,0.24627754551386247,0.6692057220504006,0.24627754551386247
42687,0.8315169740208168,0.9504384052964632,0.8315169740208168
42688,0.25934665827602515,0.8462646653144718,0.25934665827602515
42689,0.7079565210932128,0.8409241750178168,0.7079565210932128
42690,0.004874909706168145,0.01331674585096116,0.004874909706168145
42691,0.07710237996999542,0.17757082959482076,0.07710237996999542
42692,0.1572660903087468,0.22029889128844596,0.1572660903087468
42693,0.3607823765256217,0.5846563037526715,0.3607823765256217
42694,0.09505223398246371,0.22434237375837926,0.09505223398246371
42695,0.03618352399948077,0.19878354313556565,0.03618352399948077
42696,0.05032306242095649,0.22897376694198673,0.05032306242095649
42697,0.069823462354572,0.08250832877847733,0.069823462354572
42698,0.557657004891777,0.5181620719838866,0.557657004891777
42699,0.11201853238809462,0.43701212821098023,0.11201853238809462
42700,0.047433917578760865,0.616894795276726,0.047433917578760865
42701,0.12880841931353873,0.927656693233511,0.12880841931353873
42702,0.04257764158996382,0.1287361174162646,0.04257764158996382
42703,0.0644184156563931,0.12913448717134834,0.0644184156563931
42704,0.19447866064554717,0.777584575627276,0.19447866064554717
42705,0.02084695606574282,0.048799392619697714,0.02084695606574282
42706,0.18253039447283567,0.2665701365346248,0.18253039447283567
42707,0.019622564669834686,0.012984173270932788,0.019622564669834686
42708,0.06609734688057063,0.6501157124200025,0.06609734688057063
42709,0.21579006214979343,0.30673970013414037,0.21579006214979343
42710,0.011623651222567895,0.031814795305121844,0.011623651222567895
42711,0.11110941496648356,0.6001116482450805,0.11110941496648356
42712,0.11838355689096956,0.3726604237480942,0.11838355689096956
42713,0.04813368062423755,0.46408159776728425,0.04813368062423755
42714,0.08529984823677315,0.8525526901820782,0.08529984823677315
42715,0.024469751357051567,0.1651277685082388,0.024469751357051567
42716,0.07205671509593485,0.5073367605760372,0.07205671509593485
42717,0.12391005229197002,0.1328003069358202,0.12391005229197002
42718,0.3629890646833238,0.8574804277263774,0.3629890646833238
42719,0.26792119590157415,0.1274485384609252,0.26792119590157415
42720,0.40977114791201036,0.6582620261150314,0.40977114791201036
42721,0.02002523920216436,0.08178891915716889,0.02002523920216436
42722,0.42139976249491595,0.8315205320341748,0.42139976249491595
42723,0.09526356758766384,0.3392384218874773,0.09526356758766384
42724,0.02934704285546092,0.06108292932111982,0.02934704285546092
42725,0.11215726542234032,0.49772902561742344,0.11215726542234032
42726,0.12106112491700878,0.5543957200524038,0.12106112491700878
42727,0.023558535309304608,0.09738708814236861,0.023558535309304608
42728,0.08750261936843858,0.4790120289997225,0.08750261936843858
42729,0.0772913692521154,0.29988823370412404,0.0772913692521154
42730,0.10642614267283458,0.8289060248806933,0.10642614267283458
42731,0.09637958447737695,0.18890851316768234,0.09637958447737695
42732,0.046180644518293415,0.542444400131508,0.046180644518293415
42733,0.07703591004210628,0.16090056163599403,0.07703591004210628
42734,0.11597237317088248,0.3048413241585421,0.11597237317088248
42735,0.03490474275369045,0.6117492527639108,0.03490474275369045
42736,0.4748924159866715,0.20539254156883271,0.4748924159866715
42737,0.037452003453206976,0.06518196370392619,0.037452003453206976
42738,0.07393412978873881,0.7250958161737485,0.07393412978873881
42739,0.269702998316204,0.3931890617319511,0.269702998316204
42740,0.11762674393896308,0.33967335675897165,0.11762674393896308
42741,0.2849650291290839,0.5647290253328554,0.2849650291290839
42742,0.1084608169563019,0.2485320615519655,0.1084608169563019
42743,0.08308677218147688,0.3006348589507001,0.08308677218147688
42744,0.023980729598278686,0.12715213592292104,0.023980729598278686
42745,0.07511053858508321,0.45142836608686815,0.07511053858508321
42746,0.05645911384756267,0.15024197707619474,0.05645911384756267
42747,0.0738734469164468,0.3557125169856583,0.0738734469164468
42748,0.07644878074825219,0.21432703116213672,0.07644878074825219
42749,0.312487910898641,0.6952874952394715,0.312487910898641
42750,0.06786473930771895,0.04705939184375867,0.06786473930771895
42751,0.07466996803761446,0.4949090390366214,0.07466996803761446
42752,0.014371312928033718,0.3133709618404861,0.014371312928033718
42753,0.21173753256522823,0.2960987472365581,0.21173753256522823
42754,0.08268297958552175,0.18319080297777615,0.08268297958552175
42755,0.02147802183510819,0.1319071994767979,0.02147802183510819
42756,0.05900535109894181,0.769124085224883,0.05900535109894181
42757,0.14389320530858837,0.1802829468420479,0.14389320530858837
42758,0.03198180007995008,0.22686296160140218,0.03198180007995008
42759,0.09538635388607596,0.386691850893987,0.09538635388607596
42760,0.03391886159514991,0.33731676008578787,0.03391886159514991
42761,0.37018913352582256,0.40413444198751514,0.37018913352582256
42762,0.11978600112739793,0.4529248876692375,0.11978600112739793
42763,0.07493496557745216,0.772237425455579,0.07493496557745216
42764,0.23647588854909135,0.5787225096044724,0.23647588854909135
42765,0.058814139763431306,0.06160412880738468,0.058814139763431306
42766,0.08697912750281411,0.1499304349356852,0.08697912750281411
42767,0.06837073015263584,0.6102503793410916,0.06837073015263584
42768,0.04423145541555616,0.23887676085487247,0.04423145541555616
42769,0.04023249441796797,0.13907853064347248,0.04023249441796797
42770,0.027295111798719192,0.18263890065481525,0.027295111798719192
42771,0.24258147073728684,0.2711048605597833,0.24258147073728684
42772,0.43829459675698457,0.6580509072959412,0.43829459675698457
42773,0.08552771082715818,0.1519571447243647,0.08552771082715818
42774,0.025547066681828517,0.11472551509529907,0.025547066681828517
42775,0.26577285293902475,0.26522375465997167,0.26577285293902475
42776,0.01595843541652131,0.21265051179658623,0.01595843541652131
42777,0.8038086648014041,0.8655551708030256,0.8038086648014041
42778,0.12501399760611515,0.215263261998229,0.12501399760611515
42779,0.12150876208236563,0.4620370363009918,0.12150876208236563
42780,0.04942528797726246,0.4100239073597517,0.04942528797726246
42781,0.04680327285754743,0.885381320700756,0.04680327285754743
42782,0.06687524977669262,0.8250879429462307,0.06687524977669262
42783,0.7425581324617524,0.8028540061020358,0.7425581324617524
42784,0.02955529532992606,0.35642727574556954,0.02955529532992606
42785,0.032648983140204244,0.8125935609535083,0.032648983140204244
42786,0.09791041561845386,0.3557230109045112,0.09791041561845386
42787,0.12400353043179559,0.819818664300816,0.12400353043179559
42788,0.21108733889938308,0.6754079749180835,0.21108733889938308
42789,0.13420939829792117,0.14310225227616175,0.13420939829792117
42790,0.012263635550963058,0.007040646144695936,0.012263635550963058
42791,0.06889378505205487,0.0947872643048107,0.06889378505205487
42792,0.05464132765099656,0.21530653529132265,0.05464132765099656
42793,0.36514112494002243,0.8661333541024422,0.36514112494002243
42794,0.08023009114002341,0.08122443955857413,0.08023009114002341
42795,0.03065593995604651,0.11425514376569618,0.03065593995604651
42796,0.6438540981502924,0.5086331764567534,0.6438540981502924
42797,0.18597073796560015,0.31346781879434055,0.18597073796560015
42798,0.02969658141670856,0.28031262631468723,0.02969658141670856
42799,0.048838870755167046,0.36563867788420096,0.048838870755167046
42800,0.12805821798400766,0.7696828906555173,0.12805821798400766
42801,0.053179623433985954,0.1416807319053097,0.053179623433985954
42802,0.05926631431272482,0.2184507406743155,0.05926631431272482
42803,0.3077635903908816,0.8285619258078534,0.3077635903908816
42804,0.054187513583340556,0.7267856172927104,0.054187513583340556
42805,0.061334586664841984,0.6692004228665333,0.061334586664841984
42806,0.3395368757999356,0.7884614981655272,0.3395368757999356
42807,0.059125510313263595,0.10699449840157349,0.059125510313263595
42808,0.08875072428606028,0.086095492198397,0.08875072428606028
42809,0.06498970517917443,0.2441884887812771,0.06498970517917443
42810,0.013122215577913201,0.14000237945800414,0.013122215577913201
42811,0.061750884132605315,0.25734109146615886,0.061750884132605315
42812,0.6011698363476708,0.6455399617668542,0.6011698363476708
42813,0.11148763573432274,0.6618334887681391,0.11148763573432274
42814,0.02655278780540576,0.047646905706430986,0.02655278780540576
42815,0.01858654113993983,0.08444971803952435,0.01858654113993983
42816,0.018995278747183143,0.04744129444520912,0.018995278747183143
42817,0.2497235732800437,0.16395902332173232,0.2497235732800437
42818,0.12165426111228078,0.10077824434428626,0.12165426111228078
42819,0.06060212608830487,0.1860472691844127,0.06060212608830487
42820,0.03824616037061242,0.15425104643936985,0.03824616037061242
42821,0.5660866405223527,0.8609876512191698,0.5660866405223527
42822,0.05173960785002646,0.2626153953191797,0.05173960785002646
42823,0.03206709370303947,0.17073017740329133,0.03206709370303947
42824,0.9458724471385008,0.9445048040207203,0.9458724471385008
42825,0.06135002620676792,0.7686262297426948,0.06135002620676792
42826,0.8085880438833133,0.625202442464122,0.8085880438833133
42827,0.2012168944297974,0.1314815042797153,0.2012168944297974
42828,0.06115454921522612,0.1906585724195128,0.06115454921522612
42829,0.033444011938497276,0.05758062503180012,0.033444011938497276
42830,0.36501934633191746,0.4290855841812597,0.36501934633191746
42831,0.2569398063847891,0.6461360625715123,0.2569398063847891
42832,0.588505301603219,0.6834797240660407,0.588505301603219
42833,0.6226848153502038,0.9479926358860926,0.6226848153502038
42834,0.04669921129810068,0.8761860467827449,0.04669921129810068
42835,0.2709173546221011,0.2760245687666804,0.2709173546221011
42836,0.010634143552753515,0.011334855430040824,0.010634143552753515
42837,0.16985864633841108,0.8558037479122635,0.16985864633841108
42838,0.7960350981985713,0.48587469819453755,0.7960350981985713
42839,0.5253045924341457,0.7030849492454732,0.5253045924341457
42840,0.041640500291869664,0.36623416068789216,0.041640500291869664
42841,0.05159809898472839,0.705716764659424,0.05159809898472839
42842,0.2018363609323374,0.7179918878269492,0.2018363609323374
42843,0.07901914884465193,0.19088844019695703,0.07901914884465193
42844,0.10264064413643915,0.4219671166321024,0.10264064413643915
42845,0.3532096076438208,0.6393688333932328,0.3532096076438208
42846,0.0876658434607826,0.8529087772978297,0.0876658434607826
42847,0.032255350168958634,0.12712297781240567,0.032255350168958634
42848,0.034552049148045556,0.770100469545158,0.034552049148045556
42849,0.014848695371837516,0.04470152119757888,0.014848695371837516
42850,0.1522119961078746,0.7192662425087956,0.1522119961078746
42851,0.02315669481800295,0.04373761936795477,0.02315669481800295
42852,0.09469377195845612,0.5589331223131447,0.09469377195845612
42853,0.07749987328965734,0.5283302246721272,0.07749987328965734
42854,0.6081261643464713,0.5408806810235682,0.6081261643464713
42855,0.1296220571229456,0.7794083148608032,0.1296220571229456
42856,0.07637791710590855,0.13834635493777045,0.07637791710590855
42857,0.11876238340304102,0.5093579117267899,0.11876238340304102
42858,0.1177612989707025,0.3011269579069138,0.1177612989707025
42859,0.03747027041960861,0.020213077053635183,0.03747027041960861
42860,0.06644431614962058,0.36856039375933114,0.06644431614962058
42861,0.029011602581414025,0.2680869170376008,0.029011602581414025
42862,0.23141997687466945,0.2993517689037222,0.23141997687466945
42863,0.03923060793874434,0.6819687526527523,0.03923060793874434
42864,0.10243185129242684,0.43496902316401437,0.10243185129242684
42865,0.026743296477518823,0.2411730262203578,0.026743296477518823
42866,0.024152615077859745,0.18870266440655678,0.024152615077859745
42867,0.1823230398148212,0.3218103350492957,0.1823230398148212
42868,0.15603765504074235,0.28974129056282294,0.15603765504074235
42869,0.15699796987543962,0.5765908177032465,0.15699796987543962
42870,0.023562210246064266,0.15419997248075729,0.023562210246064266
42871,0.8316362920776009,0.8575321326636206,0.8316362920776009
42872,0.060961976835086994,0.8912282093075653,0.060961976835086994
42873,0.09483669071617101,0.2465436426497427,0.09483669071617101
42874,0.26761040606665193,0.07225282696637848,0.26761040606665193
42875,0.03352037536181554,0.5533440939527833,0.03352037536181554
42876,0.24074247779049177,0.1727871495981306,0.24074247779049177
42877,0.11387068607381266,0.3542083937496637,0.11387068607381266
42878,0.11150363291222198,0.5217605700260453,0.11150363291222198
42879,0.1057229130879842,0.29516989267055743,0.1057229130879842
42880,0.7986294024004709,0.954676631075182,0.7986294024004709
42881,0.0663221829246824,0.3501435262702611,0.0663221829246824
42882,0.07972370455403989,0.46640298224672816,0.07972370455403989
42883,0.05112827813675799,0.07525863218896423,0.05112827813675799
42884,0.20593339143792888,0.236839598143007,0.20593339143792888
42885,0.23817216980738454,0.20641490620540087,0.23817216980738454
42886,0.401266135032876,0.8490549574998081,0.401266135032876
42887,0.049581671728139334,0.09722796929169067,0.049581671728139334
42888,0.10407362217126177,0.20850241548072498,0.10407362217126177
42889,0.0907115331574104,0.1975464044239678,0.0907115331574104
42890,0.45861136399061564,0.2897176176614427,0.45861136399061564
42891,0.07035396394384673,0.3389913976334332,0.07035396394384673
42892,0.1525186113681548,0.39806325308600143,0.1525186113681548
42893,0.04211842870952324,0.3077108963381193,0.04211842870952324
42894,0.0806793433935051,0.21093420605739985,0.0806793433935051
42895,0.011926653979934795,0.06894684751168108,0.011926653979934795
42896,0.03635338486339194,0.061685265530277054,0.03635338486339194
42897,0.1546198530458196,0.4134074912354129,0.1546198530458196
42898,0.21193967961282525,0.7390999721870909,0.21193967961282525
42899,0.32854431671043843,0.6200840179001769,0.32854431671043843
42900,0.045126679377727776,0.4493248318424882,0.045126679377727776
42901,0.20188221503055992,0.4791134326512061,0.20188221503055992
42902,0.4024461918881033,0.8473278007549956,0.4024461918881033
42903,0.23042552736205926,0.6272207672729061,0.23042552736205926
42904,0.06047547831804454,0.3685150510752865,0.06047547831804454
42905,0.18125366344797042,0.762516735025708,0.18125366344797042
42906,0.05645050771980531,0.3094687214153574,0.05645050771980531
42907,0.17383182603721178,0.3232865177881983,0.17383182603721178
42908,0.3655951706634684,0.7760161382743019,0.3655951706634684
42909,0.09575689094734748,0.4844275781283627,0.09575689094734748
42910,0.43029445146299183,0.9519334064954919,0.43029445146299183
42911,0.8495473313616645,0.5850727700503278,0.8495473313616645
42912,0.20756616686275992,0.09221082369690975,0.20756616686275992
42913,0.13876744997088664,0.2529731518869623,0.13876744997088664
42914,0.06195094415274841,0.875171527004576,0.06195094415274841
42915,0.5105906818460086,0.6070344564307806,0.5105906818460086
42916,0.012085850765322152,0.030176956709813164,0.012085850765322152
42917,0.019728253771309663,0.017897284273378142,0.019728253771309663
42918,0.0595313476132167,0.10018239399634736,0.0595313476132167
42919,0.0693675695955762,0.43878556947711883,0.0693675695955762
42920,0.03570516561985448,0.32868736270559323,0.03570516561985448
42921,0.04200931958620616,0.05860350189856504,0.04200931958620616
42922,0.10183371405354738,0.26907699699717025,0.10183371405354738
42923,0.029114513025257343,0.5866078339796971,0.029114513025257343
42924,0.08096413509994496,0.17532262993909525,0.08096413509994496
42925,0.06145148034290613,0.12511562702714285,0.06145148034290613
42926,0.3154171010186783,0.5832108178098196,0.3154171010186783
42927,0.049399950756336686,0.07798456997983758,0.049399950756336686
42928,0.14012362550913735,0.40893952579936965,0.14012362550913735
42929,0.08986274956089402,0.3263313144955208,0.08986274956089402
42930,0.21402825327093353,0.6493526698867547,0.21402825327093353
42931,0.44223335838513705,0.19506793862761526,0.44223335838513705
42932,0.09501747829877526,0.5711284774405959,0.09501747829877526
42933,0.11418557831319742,0.3844707655803923,0.11418557831319742
42934,0.09613638221324325,0.11908352782496784,0.09613638221324325
42935,0.08621993638204858,0.6880486022433417,0.08621993638204858
42936,0.07188456964634116,0.7246899060474675,0.07188456964634116
42937,0.15705537083925744,0.7864465562419851,0.15705537083925744
42938,0.779541412112971,0.9393601760592113,0.779541412112971
42939,0.03825961520955307,0.3166932734743562,0.03825961520955307
42940,0.05967832576175627,0.4208175901913887,0.05967832576175627
42941,0.013329758508716543,0.4176605001511697,0.013329758508716543
42942,0.585753733831021,0.38053324895759844,0.585753733831021
42943,0.12823033437455025,0.39852591804849885,0.12823033437455025
42944,0.10215919926744671,0.3818245480894528,0.10215919926744671
42945,0.08464777946398352,0.23542744495617834,0.08464777946398352
42946,0.10109351215243001,0.4763523079718756,0.10109351215243001
42947,0.08593634885480009,0.7288089474404364,0.08593634885480009
42948,0.11283715264272026,0.22466614567544274,0.11283715264272026
42949,0.0233674207437466,0.2778479835866409,0.0233674207437466
42950,0.7145583169586761,0.784027704161882,0.7145583169586761
42951,0.39419112436464265,0.7471713078920806,0.39419112436464265
42952,0.11331742173575621,0.30613497202134804,0.11331742173575621
42953,0.2380031902273267,0.35902851357103843,0.2380031902273267
42954,0.009984446412000513,0.0524563896495228,0.009984446412000513
42955,0.28452621629382074,0.15276066575339525,0.28452621629382074
42956,0.06676928716912743,0.5503478308405977,0.06676928716912743
42957,0.06621226099432227,0.27032433009285384,0.06621226099432227
42958,0.17273694430115774,0.20363911875085583,0.17273694430115774
42959,0.3287783904583205,0.20821970342744575,0.3287783904583205
42960,0.18568598582872362,0.6651110420530731,0.18568598582872362
42961,0.011510005235146496,0.03585154546817496,0.011510005235146496
42962,0.09993570695886056,0.34337495595014034,0.09993570695886056
42963,0.28886138509099496,0.3342499497822656,0.28886138509099496
42964,0.052612912171584626,0.6939761077692527,0.052612912171584626
42965,0.7950891130772829,0.7176314085280773,0.7950891130772829
42966,0.7911143233406855,0.8374480572203546,0.7911143233406855
42967,0.16671053452670748,0.4653321773807617,0.16671053452670748
42968,0.1886087933613338,0.7808921148714376,0.1886087933613338
42969,0.0306638707193486,0.1488190449877651,0.0306638707193486
42970,0.1821750464708931,0.10608188134822213,0.1821750464708931
42971,0.6442087203802501,0.6098818794112191,0.6442087203802501
42972,0.01084425512697494,0.04141554121528389,0.01084425512697494
42973,0.46791166345125945,0.41211886828743455,0.46791166345125945
42974,0.06627459549867414,0.11821983763336599,0.06627459549867414
42975,0.4822103547038966,0.6647966511407335,0.4822103547038966
42976,0.0670788183824741,0.41516303826073125,0.0670788183824741
42977,0.1587465502100018,0.2500676899727967,0.1587465502100018
42978,0.08005302430451447,0.2818192949424629,0.08005302430451447
42979,0.06650461349394216,0.3800372029621686,0.06650461349394216
42980,0.04529356500168194,0.47181404403893745,0.04529356500168194
42981,0.12718452471793829,0.7726227904784401,0.12718452471793829
42982,0.07061372249489081,0.13089633557673927,0.07061372249489081
42983,0.01821204475943049,0.8271242252518571,0.01821204475943049
42984,0.1636549492860404,0.0816971586290358,0.1636549492860404
42985,0.05955333075451808,0.6245473032956295,0.05955333075451808
42986,0.08251149503903532,0.1518737433368333,0.08251149503903532
42987,0.07324488946163109,0.395117133988539,0.07324488946163109
42988,0.020631085695208103,0.10861486813686709,0.020631085695208103
42989,0.05147123422304437,0.0661715134451247,0.05147123422304437
42990,0.04775008839214943,0.19379647428287186,0.04775008839214943
42991,0.3782707663619457,0.302894988446579,0.3782707663619457
42992,0.48052615193102916,0.6799216665946287,0.48052615193102916
42993,0.050743949826460216,0.2098132535481753,0.050743949826460216
42994,0.24901654935014675,0.7260047122828185,0.24901654935014675
42995,0.7934407278614024,0.49828268159556255,0.7934407278614024
42996,0.6617340160569688,0.5392962665104847,0.6617340160569688
42997,0.026694601395578173,0.015008834231437077,0.026694601395578173
42998,0.3955664728379512,0.1249556639638199,0.3955664728379512
42999,0.42892720087881353,0.4684546265738901,0.42892720087881353
43000,0.4714688904891776,0.4788519078559575,0.4714688904891776
43001,0.12620212805681275,0.21843665880866003,0.12620212805681275
43002,0.08545033196109628,0.14120417485155007,0.08545033196109628
43003,0.1168394565938305,0.7363358980120593,0.1168394565938305
43004,0.04104871919736381,0.20558040274367706,0.04104871919736381
43005,0.1703754045945903,0.281758816117776,0.1703754045945903
43006,0.6008004992604742,0.7665579852163268,0.6008004992604742
43007,0.44941948080792654,0.877110726609851,0.44941948080792654
43008,0.20847758312480758,0.509570965839575,0.20847758312480758
43009,0.1315446188322364,0.3712932884398507,0.1315446188322364
43010,0.3826644157728775,0.8841599240634651,0.3826644157728775
43011,0.19308246397831577,0.3668880639191629,0.19308246397831577
43012,0.15986606699441067,0.5058023838827037,0.15986606699441067
43013,0.0535356456282082,0.199658793938191,0.0535356456282082
43014,0.19714384840709387,0.8441483409513053,0.19714384840709387
43015,0.511764142339081,0.659065878335427,0.511764142339081
43016,0.07570179651664637,0.2208419294890525,0.07570179651664637
43017,0.03989422416862749,0.09245044043691607,0.03989422416862749
43018,0.022828302684415575,0.0839687883907675,0.022828302684415575
43019,0.04452381524680927,0.2342833346946303,0.04452381524680927
43020,0.24765266897215296,0.11300780469613413,0.24765266897215296
43021,0.0369954783958886,0.32895632865221475,0.0369954783958886
43022,0.7293963503351969,0.6151982750002664,0.7293963503351969
43023,0.11701711211966899,0.5116293030984818,0.11701711211966899
43024,0.0758500683611081,0.14485394436024296,0.0758500683611081
43025,0.046420403588808695,0.37428944760014304,0.046420403588808695
43026,0.050065334287668115,0.13785970374194928,0.050065334287668115
43027,0.0411324786400027,0.10156415367302724,0.0411324786400027
43028,0.1495666524784116,0.3011957052516572,0.1495666524784116
43029,0.3691379896111557,0.5741094683152117,0.3691379896111557
43030,0.0327896748548279,0.1174466098347914,0.0327896748548279
43031,0.08413695595479101,0.513868966662847,0.08413695595479101
43032,0.11892720028586201,0.6827490802288535,0.11892720028586201
43033,0.1479881437389407,0.30398421021486766,0.1479881437389407
43034,0.653347228662342,0.24241487950878413,0.653347228662342
43035,0.044484217186717794,0.10664633113904778,0.044484217186717794
43036,0.7589502738376465,0.852121107009905,0.7589502738376465
43037,0.1484500092291453,0.639943950888292,0.1484500092291453
43038,0.5287923800798715,0.7400628832662519,0.5287923800798715
43039,0.037539567119562946,0.15625006394980887,0.037539567119562946
43040,0.8586255198545637,0.7858362221356328,0.8586255198545637
43041,0.5152625099024228,0.5480777387422866,0.5152625099024228
43042,0.11133793211377435,0.2744956187577206,0.11133793211377435
43043,0.04166907308103024,0.08587468911757504,0.04166907308103024
43044,0.05677783187642608,0.1294171593655356,0.05677783187642608
43045,0.06562176267496769,0.15041589776154124,0.06562176267496769
43046,0.011577611301511219,0.131516813361748,0.011577611301511219
43047,0.22183079398537242,0.22879095634657634,0.22183079398537242
43048,0.048711540979459476,0.20660368223805223,0.048711540979459476
43049,0.018066377352077154,0.015209506562235381,0.018066377352077154
43050,0.8396922197303994,0.6947592658898474,0.8396922197303994
43051,0.052825245161606436,0.18251738288519845,0.052825245161606436
43052,0.14661449169058094,0.14510686238543058,0.14661449169058094
43053,0.10374542345114365,0.6089529676415714,0.10374542345114365
43054,0.3856166243494235,0.8343427246798794,0.3856166243494235
43055,0.4276576313466669,0.25581479181925915,0.4276576313466669
43056,0.11446035001441694,0.29098852697783356,0.11446035001441694
43057,0.14999015788651254,0.6338894587481926,0.14999015788651254
43058,0.030979327688180475,0.10444995562125217,0.030979327688180475
43059,0.27238801147295055,0.3190216555827391,0.27238801147295055
43060,0.0577082929060969,0.42997984541210793,0.0577082929060969
43061,0.073342688242187,0.1138462497986266,0.073342688242187
43062,0.11107928218339104,0.04292601109133745,0.11107928218339104
43063,0.12226066148914622,0.7451940806385098,0.12226066148914622
43064,0.06628643656827943,0.22469426791878586,0.06628643656827943
43065,0.5222822342334069,0.6107069668936148,0.5222822342334069
43066,0.04028573421607321,0.09813679757307951,0.04028573421607321
43067,0.0366005963112716,0.10544352696341527,0.0366005963112716
43068,0.4591876941078197,0.3718665580112744,0.4591876941078197
43069,0.051327574308087244,0.20578340968950976,0.051327574308087244
43070,0.17864343846564612,0.6385455971711302,0.17864343846564612
43071,0.1393204743830917,0.3172441284614838,0.1393204743830917
43072,0.7229038458042015,0.9517964019829843,0.7229038458042015
43073,0.03630152005305502,0.13975951462446246,0.03630152005305502
43074,0.0361329005727221,0.09479580110381722,0.0361329005727221
43075,0.6826128817423707,0.7616021087107782,0.6826128817423707
43076,0.1297422409132427,0.6396338241966396,0.1297422409132427
43077,0.1482535093109443,0.2284103242333902,0.1482535093109443
43078,0.2228272534005156,0.18612253343972332,0.2228272534005156
43079,0.1370133297062784,0.11502618415754387,0.1370133297062784
43080,0.3520688300327331,0.3013479974488946,0.3520688300327331
43081,0.03094605418029667,0.15443833327489537,0.03094605418029667
43082,0.08171675869185835,0.2702934450535651,0.08171675869185835
43083,0.07764943101787296,0.09798860368603494,0.07764943101787296
43084,0.054146511436627284,0.5603351173512786,0.054146511436627284
43085,0.08052324606278674,0.5063993160003962,0.08052324606278674
43086,0.05572339615413789,0.238705491098273,0.05572339615413789
43087,0.12977547018369476,0.3705331615319795,0.12977547018369476
43088,0.5986304917001137,0.7867554368391392,0.5986304917001137
43089,0.2612127809782474,0.779147528621523,0.2612127809782474
43090,0.07111563311883762,0.49567637076977494,0.07111563311883762
43091,0.10474269249757703,0.3155505970909547,0.10474269249757703
43092,0.09842501060287318,0.2536891706260372,0.09842501060287318
43093,0.06653633241011869,0.5811963917324945,0.06653633241011869
43094,0.4388411968087553,0.7879333628022036,0.4388411968087553
43095,0.12747756820632608,0.2651168721301753,0.12747756820632608
43096,0.046309263758483266,0.20666163280945607,0.046309263758483266
43097,0.25108854056106955,0.6463260226277938,0.25108854056106955
43098,0.04288394931197589,0.2708516825197436,0.04288394931197589
43099,0.09660944655987663,0.3520527892636271,0.09660944655987663
43100,0.01942258509760426,0.14680701446920078,0.01942258509760426
43101,0.4749714932435778,0.776359857762981,0.4749714932435778
43102,0.2262589784452191,0.303655006526399,0.2262589784452191
43103,0.11465260533927005,0.20171241494760753,0.11465260533927005
43104,0.0618174965831391,0.7835529414571023,0.0618174965831391
43105,0.07296254853340771,0.494960568216903,0.07296254853340771
43106,0.04371184170522587,0.11058150213403159,0.04371184170522587
43107,0.06558037755827267,0.6840329994861939,0.06558037755827267
43108,0.15776201464181216,0.3342604333571395,0.15776201464181216
43109,0.013850519454465068,0.11615208176922207,0.013850519454465068
43110,0.033094763119246515,0.3138614867352335,0.033094763119246515
43111,0.10015517764772326,0.24471447184667652,0.10015517764772326
43112,0.04376560408011116,0.45835276805943787,0.04376560408011116
43113,0.09888961553286786,0.6436390471548841,0.09888961553286786
43114,0.21430377515365973,0.5126064938469377,0.21430377515365973
43115,0.11959541462008397,0.2957852597832325,0.11959541462008397
43116,0.6824039164460424,0.7163379579814008,0.6824039164460424
43117,0.017829254678187724,0.2052229725105632,0.017829254678187724
43118,0.2756122692178383,0.4245551353063522,0.2756122692178383
43119,0.37415761951252363,0.8728803677596861,0.37415761951252363
43120,0.222327561250839,0.8447186752016643,0.222327561250839
43121,0.11256382152455034,0.8372108719696496,0.11256382152455034
43122,0.7254498226958775,0.45156159468274437,0.7254498226958775
43123,0.10678125964100472,0.212409597617481,0.10678125964100472
43124,0.04236512330572641,0.22417761652731402,0.04236512330572641
43125,0.11278564925727026,0.15015112747544185,0.11278564925727026
43126,0.05557778654094284,0.8983930570130498,0.05557778654094284
43127,0.05241739507187121,0.08209102845545603,0.05241739507187121
43128,0.1015590411614494,0.33216247162351936,0.1015590411614494
43129,0.013981847561043237,0.16945340066230394,0.013981847561043237
43130,0.07335304401001835,0.8058948484771593,0.07335304401001835
43131,0.1819094246571222,0.6297792049388903,0.1819094246571222
43132,0.06066878792598495,0.3042952011174359,0.06066878792598495
43133,0.1544742034251306,0.5074344403381079,0.1544742034251306
43134,0.05014523762177285,0.3171863982946459,0.05014523762177285
43135,0.09262319958757245,0.7910150634535638,0.09262319958757245
43136,0.3364060505848011,0.5175807304814727,0.3364060505848011
43137,0.061350374253568055,0.48267926561653957,0.061350374253568055
43138,0.20502642489164025,0.3227921791995524,0.20502642489164025
43139,0.07365721962317168,0.763808895419395,0.07365721962317168
43140,0.09174272063951676,0.57767233441451,0.09174272063951676
43141,0.6999236485023665,0.8009448659324546,0.6999236485023665
43142,0.8496581719539162,0.9079503133302034,0.8496581719539162
43143,0.040723103618682706,0.41027400138002673,0.040723103618682706
43144,0.05604212654112664,0.6461197496547005,0.05604212654112664
43145,0.4493887859194708,0.8424062642400187,0.4493887859194708
43146,0.06364883153637216,0.4527395008976105,0.06364883153637216
43147,0.054066808337277936,0.23056735103725878,0.054066808337277936
43148,0.18083800915828263,0.578844660278917,0.18083800915828263
43149,0.36307057518480274,0.8814336471911175,0.36307057518480274
43150,0.03307652653886704,0.7835523962320401,0.03307652653886704
43151,0.2651507626850743,0.37441814406617185,0.2651507626850743
43152,0.02122387632623672,0.039047541997849516,0.02122387632623672
43153,0.40019615592709734,0.8422697617874532,0.40019615592709734
43154,0.08588127885487917,0.24344024490365612,0.08588127885487917
43155,0.019947852037444723,0.06221314518084866,0.019947852037444723
43156,0.17294119946915418,0.6130758201205164,0.17294119946915418
43157,0.06967655175323902,0.28320490175176594,0.06967655175323902
43158,0.03828545555067529,0.0751574165942455,0.03828545555067529
43159,0.11927598305326756,0.4185957021057826,0.11927598305326756
43160,0.06867751256420768,0.530816146186059,0.06867751256420768
43161,0.8912661808732132,0.9519567438169478,0.8912661808732132
43162,0.1116629059432348,0.7847600291047115,0.1116629059432348
43163,0.05468637605811579,0.6849813179821379,0.05468637605811579
43164,0.6175874103787367,0.6512556634973395,0.6175874103787367
43165,0.2880161184331455,0.5710520189159249,0.2880161184331455
43166,0.39378970471041896,0.20563848012318728,0.39378970471041896
43167,0.0901666126124953,0.600417002015963,0.0901666126124953
43168,0.13792637655704634,0.6648954665230209,0.13792637655704634
43169,0.08911225636115895,0.11256112555579015,0.08911225636115895
43170,0.05681170294992709,0.6488125684223733,0.05681170294992709
43171,0.06294445775470824,0.22535162433062958,0.06294445775470824
43172,0.0264966239148335,0.1345538243826664,0.0264966239148335
43173,0.02236679878983311,0.02929367721135361,0.02236679878983311
43174,0.053772544917888,0.46759327834842557,0.053772544917888
43175,0.07285514855647161,0.4619822832957464,0.07285514855647161
43176,0.055028398545277996,0.35382449218597356,0.055028398545277996
43177,0.07904615416766779,0.5838200856413979,0.07904615416766779
43178,0.13559429449619656,0.1401272409993839,0.13559429449619656
43179,0.029646632518442323,0.4585645003028109,0.029646632518442323
43180,0.1237460005496511,0.13260398162507067,0.1237460005496511
43181,0.3971993135224862,0.7688425047773496,0.3971993135224862
43182,0.07182099758135119,0.35359250709057405,0.07182099758135119
43183,0.24544400768696742,0.4017773659460411,0.24544400768696742
43184,0.026969526240608263,0.0370158199136873,0.026969526240608263
43185,0.14273335965459485,0.3916485938394853,0.14273335965459485
43186,0.059829820426375815,0.5393430686129618,0.059829820426375815
43187,0.6026770110866472,0.8936649523791546,0.6026770110866472
43188,0.045659700078581694,0.2184524166654074,0.045659700078581694
43189,0.06501653279547964,0.3031955437506222,0.06501653279547964
43190,0.7771563509331786,0.7536255407913818,0.7771563509331786
43191,0.017892967139086717,0.04328832728549118,0.017892967139086717
43192,0.8401674224234156,0.8013227330766907,0.8401674224234156
43193,0.1553110005977162,0.48090998540984536,0.1553110005977162
43194,0.017680859437308436,0.05128067888856128,0.017680859437308436
43195,0.04301610833995528,0.8161490870120879,0.04301610833995528
43196,0.06327392816313715,0.1579526879820146,0.06327392816313715
43197,0.8346588866448055,0.9120765300569836,0.8346588866448055
43198,0.4558822249704803,0.9171187779896591,0.4558822249704803
43199,0.14615798470032776,0.05106884672888482,0.14615798470032776
43200,0.09069982238776628,0.11237536532354668,0.09069982238776628
43201,0.07779928978346833,0.5206489945956181,0.07779928978346833
43202,0.017144341751102236,0.26188888236544805,0.017144341751102236
43203,0.06071523555959896,0.1620550118999485,0.06071523555959896
43204,0.03717302437673186,0.06444848624663177,0.03717302437673186
43205,0.3447308917972017,0.581546987261545,0.3447308917972017
43206,0.42796995414087724,0.804988599836917,0.42796995414087724
43207,0.13127104416265592,0.026607024970417396,0.13127104416265592
43208,0.0551090347716952,0.16768108229805975,0.0551090347716952
43209,0.48347019852733686,0.7746105349226278,0.48347019852733686
43210,0.33145966591407705,0.14918110440475335,0.33145966591407705
43211,0.08146770288643605,0.4461807661806955,0.08146770288643605
43212,0.05350307442012729,0.6787965743303015,0.05350307442012729
43213,0.022429004508496393,0.24999650080104407,0.022429004508496393
43214,0.0427573062807313,0.12627958340556034,0.0427573062807313
43215,0.11215066829668256,0.6919288138318677,0.11215066829668256
43216,0.13746107097811538,0.023720118277094446,0.13746107097811538
43217,0.04634378993921051,0.73313694602566,0.04634378993921051
43218,0.5725213528361418,0.17260057871623138,0.5725213528361418
43219,0.14832662657510196,0.36407193485743516,0.14832662657510196
43220,0.11010502684043622,0.08511698531416449,0.11010502684043622
43221,0.21484818245562268,0.30708726033001166,0.21484818245562268
43222,0.14591299608021222,0.9154614297104046,0.14591299608021222
43223,0.224709553639398,0.7026113992407438,0.224709553639398
43224,0.057337961523135604,0.15255321094502308,0.057337961523135604
43225,0.13099298127832287,0.22832854421633822,0.13099298127832287
43226,0.3638838557492267,0.7506824897748345,0.3638838557492267
43227,0.2799047047316866,0.19701551278323276,0.2799047047316866
43228,0.11480574832391197,0.7634590123211434,0.11480574832391197
43229,0.8361939482125186,0.3069553418787998,0.8361939482125186
43230,0.3124231819310562,0.4416691808969564,0.3124231819310562
43231,0.07141284424948588,0.15726441756950452,0.07141284424948588
43232,0.009852745315093602,0.058838000227879786,0.009852745315093602
43233,0.05869190987545986,0.04935849688126795,0.05869190987545986
43234,0.10227876481532021,0.6814698302850378,0.10227876481532021
43235,0.6108310954523934,0.8985123317167892,0.6108310954523934
43236,0.05806627043817216,0.5878611171524851,0.05806627043817216
43237,0.04477110275229185,0.1523606778462504,0.04477110275229185
43238,0.20984627147769158,0.7010704904554259,0.20984627147769158
43239,0.7058760009733415,0.8341822083561538,0.7058760009733415
43240,0.012832918463364727,0.16093104490915724,0.012832918463364727
43241,0.13139795562078266,0.10157116098664412,0.13139795562078266
43242,0.09337273315038509,0.3594016143260866,0.09337273315038509
43243,0.030033144388795646,0.559239473599617,0.030033144388795646
43244,0.10096312871114038,0.26950272418030086,0.10096312871114038
43245,0.020205397162605405,0.16935277642078597,0.020205397162605405
43246,0.037207732018652906,0.45346014081345043,0.037207732018652906
43247,0.04996976844442777,0.920027797967123,0.04996976844442777
43248,0.10256753721477298,0.5909043285985395,0.10256753721477298
43249,0.06971797846312484,0.282546078152173,0.06971797846312484
43250,0.07155124661587399,0.3961687650040166,0.07155124661587399
43251,0.34228687944679287,0.13035294473469597,0.34228687944679287
43252,0.06045189365192281,0.7761748686013265,0.06045189365192281
43253,0.155322630149552,0.49708196538459115,0.155322630149552
43254,0.05514312697159739,0.723769460383839,0.05514312697159739
43255,0.10435794952610515,0.5400207827891959,0.10435794952610515
43256,0.017624555101744377,0.05643911822325094,0.017624555101744377
43257,0.2712609619162778,0.755295645023857,0.2712609619162778
43258,0.043137086644938386,0.480305754053302,0.043137086644938386
43259,0.08665078718667177,0.2336147345275668,0.08665078718667177
43260,0.834687505023161,0.4472937390825565,0.834687505023161
43261,0.10523328804886312,0.2608016271785348,0.10523328804886312
43262,0.027519695375186986,0.4223327996787345,0.027519695375186986
43263,0.06177831250402719,0.42520749467283875,0.06177831250402719
43264,0.17166375571047637,0.4453025350985154,0.17166375571047637
43265,0.2544910761532219,0.37620833986195584,0.2544910761532219
43266,0.07871833806596716,0.2000598753892306,0.07871833806596716
43267,0.07880911146304398,0.6815522620173021,0.07880911146304398
43268,0.5660862703545444,0.3596131270571392,0.5660862703545444
43269,0.08527821961260273,0.8098917663746702,0.08527821961260273
43270,0.6228513309673787,0.485007473493664,0.6228513309673787
43271,0.3340719441412992,0.5880619674458956,0.3340719441412992
43272,0.08215321168195612,0.7514152205702874,0.08215321168195612
43273,0.2149536846285781,0.16538004344602755,0.2149536846285781
43274,0.3631131268355751,0.6586332077585806,0.3631131268355751
43275,0.0742057072332548,0.4601903317713898,0.0742057072332548
43276,0.15940832137035116,0.5207763612315996,0.15940832137035116
43277,0.04499945892066342,0.19952750582874026,0.04499945892066342
43278,0.09458158357458059,0.35231132982502084,0.09458158357458059
43279,0.08738178460775758,0.3410295470722267,0.08738178460775758
43280,0.07411118033051735,0.11884998836555875,0.07411118033051735
43281,0.23685944587472021,0.6543484108031419,0.23685944587472021
43282,0.5372996896587117,0.6322816820048168,0.5372996896587117
43283,0.02381192070114445,0.04158743661552264,0.02381192070114445
43284,0.36319214956199913,0.1820203090973713,0.36319214956199913
43285,0.04224448684174903,0.13899659108497328,0.04224448684174903
43286,0.671387189667281,0.6029843260656155,0.671387189667281
43287,0.3890851109284745,0.7659671214705718,0.3890851109284745
43288,0.07963376394689604,0.4626582715276298,0.07963376394689604
43289,0.023288272886853558,0.11708309540176629,0.023288272886853558
43290,0.11643355709054944,0.9064556076559094,0.11643355709054944
43291,0.32062219672604747,0.18482506811899804,0.32062219672604747
43292,0.4100150762190692,0.2549434128781245,0.4100150762190692
43293,0.03619117620920013,0.6039880586357202,0.03619117620920013
43294,0.03792613546884641,0.3602430054638038,0.03792613546884641
43295,0.007894974169870547,0.007879240699572703,0.007894974169870547
43296,0.02479793420116858,0.3419689981627093,0.02479793420116858
43297,0.09446040539970997,0.49035495838409016,0.09446040539970997
43298,0.18228517256800159,0.5309008752154365,0.18228517256800159
43299,0.0870919951664794,0.46976891561900574,0.0870919951664794
43300,0.2051041649095568,0.26620103897563696,0.2051041649095568
43301,0.12750463103067608,0.37228574192683167,0.12750463103067608
43302,0.10791361726686712,0.3622165420052473,0.10791361726686712
43303,0.1458979712830148,0.7069949289954391,0.1458979712830148
43304,0.029747852401255062,0.1523603096181672,0.029747852401255062
43305,0.07572613939151497,0.6808255312143298,0.07572613939151497
43306,0.02825457664211171,0.658278483531486,0.02825457664211171
43307,0.1625491231255036,0.6679843307924024,0.1625491231255036
43308,0.5653608329142994,0.7859752635230182,0.5653608329142994
43309,0.06676859098235573,0.42796093245886574,0.06676859098235573
43310,0.1331924876534508,0.17631832340132894,0.1331924876534508
43311,0.05279874403482837,0.17433269950692637,0.05279874403482837
43312,0.029284777552923018,0.1027504164764397,0.029284777552923018
43313,0.08098781783730924,0.32002871825576845,0.08098781783730924
43314,0.04044462126053313,0.15134715046826572,0.04044462126053313
43315,0.0630971989838611,0.25978798883999776,0.0630971989838611
43316,0.5159407346588133,0.9325214710348939,0.5159407346588133
43317,0.0788095603383875,0.5256997835008818,0.0788095603383875
43318,0.05369261072955351,0.19619470775251388,0.05369261072955351
43319,0.16437800301025002,0.40892655033037,0.16437800301025002
43320,0.5076745829419886,0.47153261855014833,0.5076745829419886
43321,0.051146297356342095,0.41472774930940826,0.051146297356342095
43322,0.032620438468069536,0.08500778576804258,0.032620438468069536
43323,0.14675368110600903,0.29176132782901937,0.14675368110600903
43324,0.03710199636480566,0.21026318578063183,0.03710199636480566
43325,0.025204814571874373,0.17168412901806088,0.025204814571874373
43326,0.049600168143940006,0.437466436760698,0.049600168143940006
43327,0.03586042995887509,0.2051218100248987,0.03586042995887509
43328,0.4993703182527793,0.8742230222589925,0.4993703182527793
43329,0.1723535713514415,0.5915260690409466,0.1723535713514415
43330,0.06580953582227694,0.2667990113827621,0.06580953582227694
43331,0.06020203563326848,0.39197430619438745,0.06020203563326848
43332,0.08376181389707191,0.3518333083705021,0.08376181389707191
43333,0.07685997233758422,0.36024936421872006,0.07685997233758422
43334,0.02078477908248862,0.3885991402353807,0.02078477908248862
43335,0.047871239863891815,0.311828743975049,0.047871239863891815
43336,0.10080552765520248,0.3134936875375657,0.10080552765520248
43337,0.2622835466665612,0.20026644661018686,0.2622835466665612
43338,0.0961838695080839,0.5255094919632955,0.0961838695080839
43339,0.05053052152961349,0.1642285686969057,0.05053052152961349
43340,0.11144164004033567,0.039566085232301255,0.11144164004033567
43341,0.10819612884804403,0.3582274786038804,0.10819612884804403
43342,0.12132203636914358,0.26835953154457376,0.12132203636914358
43343,0.1515903939649573,0.25338800575940806,0.1515903939649573
43344,0.3576899237133711,0.31453287530283275,0.3576899237133711
43345,0.10837890953382026,0.014308934962989555,0.10837890953382026
43346,0.03350519777753694,0.02588021083414342,0.03350519777753694
43347,0.10318118012838781,0.3791484269431193,0.10318118012838781
43348,0.2344791705660279,0.5141063159029093,0.2344791705660279
43349,0.8140893443430177,0.8781660711247172,0.8140893443430177
43350,0.924907189153024,0.664555879276768,0.924907189153024
43351,0.2970199350820942,0.17612972601863805,0.2970199350820942
43352,0.030198755175464897,0.23021195503250957,0.030198755175464897
43353,0.1862641807548932,0.5727212141127547,0.1862641807548932
43354,0.13099359008514855,0.25678557402409014,0.13099359008514855
43355,0.02164551114318655,0.2543650632535968,0.02164551114318655
43356,0.04294514258201402,0.05164870293819786,0.04294514258201402
43357,0.1117387429837116,0.22848540650517798,0.1117387429837116
43358,0.21442067941868115,0.45771150626774826,0.21442067941868115
43359,0.43654622209554717,0.16206619794992536,0.43654622209554717
43360,0.08430319899277057,0.36797092889907607,0.08430319899277057
43361,0.2915534447996394,0.5323093009351199,0.2915534447996394
43362,0.030475513803130308,0.02539468081335063,0.030475513803130308
43363,0.09226861803778764,0.16513454990904317,0.09226861803778764
43364,0.05943585308788542,0.01629025829927845,0.05943585308788542
43365,0.015946844516683722,0.6825753314178703,0.015946844516683722
43366,0.03668002345196746,0.6904381708388256,0.03668002345196746
43367,0.18727491473746244,0.6545505966850128,0.18727491473746244
43368,0.10898717279987634,0.4596671297637209,0.10898717279987634
43369,0.08904269617171214,0.259114028931944,0.08904269617171214
43370,0.7235362254867455,0.9208522259175294,0.7235362254867455
43371,0.04663189031830443,0.07677103156172435,0.04663189031830443
43372,0.25252884564934835,0.7038643019349191,0.25252884564934835
43373,0.0907717519145317,0.4398717104950798,0.0907717519145317
43374,0.12768082403058503,0.5713009505042941,0.12768082403058503
43375,0.016709159874960373,0.058868130307987196,0.016709159874960373
43376,0.07120747007303978,0.2727556321453343,0.07120747007303978
43377,0.04033290044541474,0.21179386641414327,0.04033290044541474
43378,0.051203493689238176,0.46603371093408696,0.051203493689238176
43379,0.06853204920491161,0.11013617050662919,0.06853204920491161
43380,0.005248284229989348,0.04475667840118917,0.005248284229989348
43381,0.015897906494155154,0.3589342802868338,0.015897906494155154
43382,0.042724788125640956,0.32943629590194284,0.042724788125640956
43383,0.04364466772937956,0.5229651798095122,0.04364466772937956
43384,0.10066005651538497,0.6827060985079909,0.10066005651538497
43385,0.05968181716838712,0.5724468313020077,0.05968181716838712
43386,0.10739564929319963,0.10375677071935199,0.10739564929319963
43387,0.05137806883165974,0.1644748244730766,0.05137806883165974
43388,0.8955820001324325,0.7750024551206989,0.8955820001324325
43389,0.06550799652332456,0.45834493896527395,0.06550799652332456
43390,0.2022547756121315,0.8514324158237498,0.2022547756121315
43391,0.08481743065747793,0.4365216236485068,0.08481743065747793
43392,0.040539715767392154,0.15199419035843653,0.040539715767392154
43393,0.04403224349299773,0.6991698935870924,0.04403224349299773
43394,0.055690988050949054,0.4411137097668023,0.055690988050949054
43395,0.1483148513692501,0.2729126001047918,0.1483148513692501
43396,0.20645621495024694,0.10874666331768448,0.20645621495024694
43397,0.030400472179086577,0.5115948256068689,0.030400472179086577
43398,0.061013814064231314,0.44348158861898196,0.061013814064231314
43399,0.05127745458011238,0.2458733670137662,0.05127745458011238
43400,0.03813044665897567,0.22309287571974173,0.03813044665897567
43401,0.09728897013003825,0.180727218804316,0.09728897013003825
43402,0.0024861256233840792,0.009010213634636112,0.0024861256233840792
43403,0.040688687098208644,0.16860611148300986,0.040688687098208644
43404,0.16417931939261035,0.17189360860094452,0.16417931939261035
43405,0.11242836997647108,0.43411980700986125,0.11242836997647108
43406,0.7516343346258609,0.5313306414586303,0.7516343346258609
43407,0.8875541904307378,0.9307793452452181,0.8875541904307378
43408,0.7388489418397786,0.918467648028422,0.7388489418397786
43409,0.2760362773001064,0.4385577185700836,0.2760362773001064
43410,0.10245191025049413,0.35819234129214234,0.10245191025049413
43411,0.07166961001270292,0.8030327922767481,0.07166961001270292
43412,0.07412919308749981,0.4644044087034639,0.07412919308749981
43413,0.13436762704594005,0.6789938235905947,0.13436762704594005
43414,0.040004115613378216,0.11963695590607357,0.040004115613378216
43415,0.46032371501497243,0.5306619243752349,0.46032371501497243
43416,0.2346749712095035,0.22683320412647276,0.2346749712095035
43417,0.250680724096788,0.12718893829641909,0.250680724096788
43418,0.21952503960552713,0.20787420862402461,0.21952503960552713
43419,0.2259432102113186,0.9440463071258681,0.2259432102113186
43420,0.07161197250115937,0.21689858801531217,0.07161197250115937
43421,0.1998423866347454,0.3899638906614936,0.1998423866347454
43422,0.07336203941699306,0.19782616370869335,0.07336203941699306
43423,0.08437994253683942,0.2944051380679992,0.08437994253683942
43424,0.016487845578449442,0.27745698312785405,0.016487845578449442
43425,0.02375987678239663,0.726123143490169,0.02375987678239663
43426,0.44126512377251953,0.6027941607055448,0.44126512377251953
43427,0.07915443974853383,0.7072863617894277,0.07915443974853383
43428,0.8641343386993744,0.7121166829701904,0.8641343386993744
43429,0.4569111063971934,0.32329394346593054,0.4569111063971934
43430,0.21674881618662178,0.23357286544722672,0.21674881618662178
43431,0.06429778752899995,0.11210897623250375,0.06429778752899995
43432,0.24457497342860593,0.46936619003692037,0.24457497342860593
43433,0.04418927993499036,0.13659722944861136,0.04418927993499036
43434,0.05772755746199545,0.22436618542529424,0.05772755746199545
43435,0.04707228959218287,0.20237283270226666,0.04707228959218287
43436,0.6435948396779573,0.5851867595861977,0.6435948396779573
43437,0.1231572902005877,0.7334486741027472,0.1231572902005877
43438,0.1767817398559504,0.3148230246013954,0.1767817398559504
43439,0.28374183839514827,0.263879852751261,0.28374183839514827
43440,0.1691809447310798,0.045177720089000346,0.1691809447310798
43441,0.06382549356375448,0.07629344937748364,0.06382549356375448
43442,0.1011482729333151,0.27399831917258277,0.1011482729333151
43443,0.14830115567758556,0.20752081837873387,0.14830115567758556
43444,0.03768130435246623,0.0675744207166967,0.03768130435246623
43445,0.17099854198986167,0.6852581536563946,0.17099854198986167
43446,0.042977897053584985,0.04056254464031324,0.042977897053584985
43447,0.029799000825988894,0.14888912314353112,0.029799000825988894
43448,0.035565872404327105,0.14838687549050686,0.035565872404327105
43449,0.019433418866509355,0.1652374456396076,0.019433418866509355
43450,0.0964189876632465,0.6744820042125678,0.0964189876632465
43451,0.01999128863314546,0.2580717817695231,0.01999128863314546
43452,0.06831107810747378,0.2609252958102013,0.06831107810747378
43453,0.4729570735833396,0.6139132433965551,0.4729570735833396
43454,0.03411903852801692,0.12254836998721307,0.03411903852801692
43455,0.19130335971996518,0.6976050483053001,0.19130335971996518
43456,0.3161277646217425,0.8799466745109559,0.3161277646217425
43457,0.1407211949011311,0.4229077170771804,0.1407211949011311
43458,0.7569499837794185,0.8011277546928963,0.7569499837794185
43459,0.07032184223238726,0.26425009021354967,0.07032184223238726
43460,0.46739345760753215,0.7980671585074928,0.46739345760753215
43461,0.27345162389072175,0.1931627870679193,0.27345162389072175
43462,0.027975372547489216,0.18372898844944957,0.027975372547489216
43463,0.15047075639575533,0.05609218516388671,0.15047075639575533
43464,0.052957477803343325,0.3332901632733406,0.052957477803343325
43465,0.04078928035881248,0.08334006619748523,0.04078928035881248
43466,0.1339503341289058,0.33047239846599313,0.1339503341289058
43467,0.31902022740444463,0.8136061318238801,0.31902022740444463
43468,0.05075988319404056,0.05000789651715287,0.05075988319404056
43469,0.1646865901373077,0.4335176827673023,0.1646865901373077
43470,0.12251757528327961,0.1390922855494121,0.12251757528327961
43471,0.1660197188979896,0.34109632930417605,0.1660197188979896
43472,0.0904929237531774,0.7848376248208633,0.0904929237531774
43473,0.04028975501763989,0.15730319584271538,0.04028975501763989
43474,0.00860666653783284,0.0477911297989402,0.00860666653783284
43475,0.03231682498313165,0.16827485003472795,0.03231682498313165
43476,0.02998073001003158,0.04435849794997131,0.02998073001003158
43477,0.04116676775935398,0.3851901871515514,0.04116676775935398
43478,0.25934862036724665,0.719043564611415,0.25934862036724665
43479,0.22006904580428252,0.5407936301812617,0.22006904580428252
43480,0.06038101635734806,0.22272513176393505,0.06038101635734806
43481,0.025172665365240196,0.5740456083019356,0.025172665365240196
43482,0.43324036467530874,0.2942392021810788,0.43324036467530874
43483,0.14943224135603628,0.3601055778306672,0.14943224135603628
43484,0.019681899431089677,0.6873954559720677,0.019681899431089677
43485,0.05232313846184618,0.5893193513518955,0.05232313846184618
43486,0.0688109881669975,0.0748226116756999,0.0688109881669975
43487,0.06763536419975634,0.1848599632032642,0.06763536419975634
43488,0.5062430886505184,0.6456606493495525,0.5062430886505184
43489,0.0555046542571583,0.1572139371135159,0.0555046542571583
43490,0.07040986258450226,0.08450455004608581,0.07040986258450226
43491,0.4586094678291664,0.7616276847436348,0.4586094678291664
43492,0.08217337451490071,0.3904490671312175,0.08217337451490071
43493,0.06275546601906055,0.4057610604280436,0.06275546601906055
43494,0.13343181160628334,0.11620974009289778,0.13343181160628334
43495,0.09251151756235197,0.10765038105817579,0.09251151756235197
43496,0.023160513777536633,0.3005722895450532,0.023160513777536633
43497,0.2459920129637076,0.8322194128942609,0.2459920129637076
43498,0.17062827305392672,0.5474823225707772,0.17062827305392672
43499,0.292128402016692,0.416115059209708,0.292128402016692
43500,0.06858841936482828,0.5222134929614711,0.06858841936482828
43501,0.08142561929035094,0.47872884549857736,0.08142561929035094
43502,0.1662096217480248,0.40893363801528865,0.1662096217480248
43503,0.05228834244251145,0.04659407482834286,0.05228834244251145
43504,0.0741578660355852,0.16683875700554654,0.0741578660355852
43505,0.20590742423763364,0.10775714843461597,0.20590742423763364
43506,0.19045877144372286,0.8672898950751923,0.19045877144372286
43507,0.04200431190989849,0.10128602902365069,0.04200431190989849
43508,0.03815146687090681,0.10131469410862838,0.03815146687090681
43509,0.2920405579650124,0.40921339169320475,0.2920405579650124
43510,0.6828799997453763,0.5927206608821591,0.6828799997453763
43511,0.029673370689255935,0.08586916440772234,0.029673370689255935
43512,0.5626331022958205,0.9053478900196003,0.5626331022958205
43513,0.18902961279971375,0.11959610126765997,0.18902961279971375
43514,0.10023535972779199,0.051549900970608464,0.10023535972779199
43515,0.011604638503775896,0.012370937839816205,0.011604638503775896
43516,0.7092066481468161,0.4945771473707216,0.7092066481468161
43517,0.04039838879334624,0.4177056564384614,0.04039838879334624
43518,0.010289807875935501,0.023299137934539995,0.010289807875935501
43519,0.03021626330940773,0.08229829717082254,0.03021626330940773
43520,0.07866852212486955,0.2983615638523864,0.07866852212486955
43521,0.10265249270420299,0.5838127889408772,0.10265249270420299
43522,0.039236868959328396,0.3336873731962966,0.039236868959328396
43523,0.034477027532662005,0.29004629895543027,0.034477027532662005
43524,0.2652803259140663,0.6034380782370388,0.2652803259140663
43525,0.16739422421578215,0.2066174740615281,0.16739422421578215
43526,0.036472171667262555,0.10002305396966185,0.036472171667262555
43527,0.08084988687766187,0.49651511405269555,0.08084988687766187
43528,0.03166452562605769,0.5032192087715542,0.03166452562605769
43529,0.11663504348875835,0.7660865574292547,0.11663504348875835
43530,0.26155209121349565,0.8591254102795736,0.26155209121349565
43531,0.02896731094692532,0.3661123659058682,0.02896731094692532
43532,0.05204664431418607,0.291123196732855,0.05204664431418607
43533,0.055015119365702136,0.28565454727714257,0.055015119365702136
43534,0.13522728218889823,0.19794289391719946,0.13522728218889823
43535,0.8435521766013203,0.9091871429125634,0.8435521766013203
43536,0.05636978882544711,0.06774694562998482,0.05636978882544711
43537,0.591032505146316,0.6429731782656259,0.591032505146316
43538,0.1353082918855817,0.5058360023673456,0.1353082918855817
43539,0.39474143085058283,0.42374986569402673,0.39474143085058283
43540,0.06863796683311818,0.0565734000605567,0.06863796683311818
43541,0.7462578464073572,0.723356753549634,0.7462578464073572
43542,0.10236059085448562,0.17244455772059378,0.10236059085448562
43543,0.03905676568323634,0.3271070692737532,0.03905676568323634
43544,0.3623972703353504,0.35638156498245477,0.3623972703353504
43545,0.5979758983418325,0.9487944071991536,0.5979758983418325
43546,0.053966012408593084,0.3517290100291931,0.053966012408593084
43547,0.05433076406832567,0.5945635036184586,0.05433076406832567
43548,0.06757159230990702,0.4386030455627163,0.06757159230990702
43549,0.02387046242640685,0.13478927767305304,0.02387046242640685
43550,0.08337770229667466,0.3076936301263972,0.08337770229667466
43551,0.09005992451481307,0.6884591706865931,0.09005992451481307
43552,0.6185373037766925,0.5567146889607292,0.6185373037766925
43553,0.0300561245803679,0.07673330906756883,0.0300561245803679
43554,0.15297934157982088,0.45713290592403377,0.15297934157982088
43555,0.018118389002463268,0.1440150485550812,0.018118389002463268
43556,0.26554026099350536,0.5432739473306942,0.26554026099350536
43557,0.3556466662035672,0.7947162335548078,0.3556466662035672
43558,0.023689964060959936,0.04643540440180275,0.023689964060959936
43559,0.09915777949401827,0.6340500156011414,0.09915777949401827
43560,0.10306287663183922,0.7283898160600718,0.10306287663183922
43561,0.33792345186912276,0.7386262210875103,0.33792345186912276
43562,0.06085386087840396,0.327668836373632,0.06085386087840396
43563,0.0764200978276888,0.3887756810408973,0.0764200978276888
43564,0.02532587599554616,0.2443466091334639,0.02532587599554616
43565,0.4563595623752532,0.691610932094975,0.4563595623752532
43566,0.2304159672012789,0.7473060590660032,0.2304159672012789
43567,0.08508052816179476,0.013668608057552628,0.08508052816179476
43568,0.1363983282387492,0.1393239256917554,0.1363983282387492
43569,0.5054951424233647,0.3663344819688548,0.5054951424233647
43570,0.07531718393204559,0.5852866101089588,0.07531718393204559
43571,0.030716622756898137,0.018790116231452988,0.030716622756898137
43572,0.04471577346436495,0.2813685174103286,0.04471577346436495
43573,0.08108974974226553,0.11528826987492995,0.08108974974226553
43574,0.5863585531915071,0.8680597576031948,0.5863585531915071
43575,0.04502033251776817,0.6850195167660609,0.04502033251776817
43576,0.14777681435111767,0.31917625125591076,0.14777681435111767
43577,0.052992411228026955,0.18134447199257117,0.052992411228026955
43578,0.05660479385734593,0.14487098577284402,0.05660479385734593
43579,0.038511400178001226,0.29422984937195307,0.038511400178001226
43580,0.04841748813080545,0.30575467117408395,0.04841748813080545
43581,0.45599760453726534,0.6005033331415524,0.45599760453726534
43582,0.331266484561443,0.7209112361953891,0.331266484561443
43583,0.021101459290778685,0.06935412015137242,0.021101459290778685
43584,0.11550254313409719,0.5939521045051993,0.11550254313409719
43585,0.04520125278815119,0.21402571526350225,0.04520125278815119
43586,0.09158750508776049,0.20717849662040072,0.09158750508776049
43587,0.09325544080006844,0.6653134446947403,0.09325544080006844
43588,0.7376880646290358,0.8709773358901041,0.7376880646290358
43589,0.06717889386191435,0.4111299590291969,0.06717889386191435
43590,0.14531098736953893,0.5442263648593568,0.14531098736953893
43591,0.045825884078110155,0.06901573646171345,0.045825884078110155
43592,0.04373281922753668,0.7914899595478937,0.04373281922753668
43593,0.2176493419434016,0.058444049075346304,0.2176493419434016
43594,0.010045335043522523,0.06354594501611277,0.010045335043522523
43595,0.18611326264445452,0.17024882848226494,0.18611326264445452
43596,0.028123170519258733,0.1408875289444761,0.028123170519258733
43597,0.4397898322582822,0.7821507516377041,0.4397898322582822
43598,0.4281870161334576,0.34841168747637047,0.4281870161334576
43599,0.7750196501755914,0.877410219621568,0.7750196501755914
43600,0.02237013323231399,0.02550960630083647,0.02237013323231399
43601,0.12635801390299195,0.7375791316605022,0.12635801390299195
43602,0.05961213360787087,0.30666643564891,0.05961213360787087
43603,0.053047800140105586,0.10177875344679879,0.053047800140105586
43604,0.06684284836772306,0.6029324849566149,0.06684284836772306
43605,0.020446044828515537,0.06029076774414619,0.020446044828515537
43606,0.12806459040488255,0.06703445900646453,0.12806459040488255
43607,0.0621005587977772,0.24187194267866324,0.0621005587977772
43608,0.39690638587751786,0.41649261461910625,0.39690638587751786
43609,0.3227646684359055,0.3649521118629909,0.3227646684359055
43610,0.22490044377764273,0.3315957452489786,0.22490044377764273
43611,0.6521583029415241,0.7301073414355738,0.6521583029415241
43612,0.22317016662732225,0.3711765367026093,0.22317016662732225
43613,0.19766997273351206,0.038058378819496974,0.19766997273351206
43614,0.1389916816759182,0.3173772472445753,0.1389916816759182
43615,0.0807865512711267,0.1309015858190381,0.0807865512711267
43616,0.14839342649244497,0.2674994795773571,0.14839342649244497
43617,0.18686960262513547,0.3518083975189921,0.18686960262513547
43618,0.03859843938876559,0.047141601672083366,0.03859843938876559
43619,0.5795748569768503,0.4707595603533477,0.5795748569768503
43620,0.3244120033331053,0.30136490175670827,0.3244120033331053
43621,0.020686641070958058,0.035555283135125806,0.020686641070958058
43622,0.20944120596516835,0.710449016055274,0.20944120596516835
43623,0.24124730777755415,0.6108944510779957,0.24124730777755415
43624,0.12333749477936835,0.09485283590874956,0.12333749477936835
43625,0.14055603939372757,0.3385548594929828,0.14055603939372757
43626,0.03431100109098377,0.1059460517271173,0.03431100109098377
43627,0.012252797561509165,0.025988834411003504,0.012252797561509165
43628,0.11336507731867954,0.2273014325326399,0.11336507731867954
43629,0.016612245177487356,0.08210034674846066,0.016612245177487356
43630,0.04753894626906252,0.1847114338354517,0.04753894626906252
43631,0.17852404889221507,0.29930781643272114,0.17852404889221507
43632,0.07395823155061404,0.5345847381149198,0.07395823155061404
43633,0.09452919531998302,0.2071642997211262,0.09452919531998302
43634,0.10239485342449557,0.3784971256436904,0.10239485342449557
43635,0.6992701643368261,0.8636801775000572,0.6992701643368261
43636,0.13145965392769748,0.3336572736030798,0.13145965392769748
43637,0.2531612389517333,0.14886081270464596,0.2531612389517333
43638,0.1559869362239493,0.48530942302781316,0.1559869362239493
43639,0.18686119383429825,0.09300399809989687,0.18686119383429825
43640,0.040769557740161826,0.34935619848790933,0.040769557740161826
43641,0.04673734037216869,0.6968919868323689,0.04673734037216869
43642,0.03978317605714896,0.32583241481162956,0.03978317605714896
43643,0.11304228594005246,0.6392460047370112,0.11304228594005246
43644,0.08063367228080662,0.23197708285753052,0.08063367228080662
43645,0.0471288107268675,0.6568342506850173,0.0471288107268675
43646,0.018644878983276478,0.3471846731553913,0.018644878983276478
43647,0.0427285889785847,0.23144552209409702,0.0427285889785847
43648,0.1763040918375595,0.12309207331310927,0.1763040918375595
43649,0.28938179988117646,0.23700917954179238,0.28938179988117646
43650,0.2909587318665658,0.6384124497152395,0.2909587318665658
43651,0.5011064371798307,0.7868908313730517,0.5011064371798307
43652,0.11168402450513855,0.7989816243781952,0.11168402450513855
43653,0.8071299732870802,0.7810005920915408,0.8071299732870802
43654,0.1971322192081203,0.6020447339696209,0.1971322192081203
43655,0.0670980181506213,0.4260267199813252,0.0670980181506213
43656,0.17858019942019518,0.3456495639249243,0.17858019942019518
43657,0.04097180833895052,0.057554639654843115,0.04097180833895052
43658,0.06496323226338149,0.48910646571702565,0.06496323226338149
43659,0.04612971740585864,0.7833440255593722,0.04612971740585864
43660,0.07236916526655986,0.32843762093844164,0.07236916526655986
43661,0.4664171145210217,0.7992795522763952,0.4664171145210217
43662,0.7384510987673968,0.7155493964480713,0.7384510987673968
43663,0.07079661818170872,0.7452939087497694,0.07079661818170872
43664,0.9259519048732057,0.8829634663130294,0.9259519048732057
43665,0.01702200932363235,0.11054092288151288,0.01702200932363235
43666,0.03071617954836163,0.11272145609022037,0.03071617954836163
43667,0.05728895170925951,0.39943406265012704,0.05728895170925951
43668,0.5410577728167734,0.45502759238106333,0.5410577728167734
43669,0.04903370075863211,0.052060036264723844,0.04903370075863211
43670,0.3714227331371926,0.491079879274312,0.3714227331371926
43671,0.04416901734038228,0.3849161810494635,0.04416901734038228
43672,0.13448150714418203,0.21123775399939426,0.13448150714418203
43673,0.15076102675342093,0.6307056688507398,0.15076102675342093
43674,0.011750868027575304,0.09005077474507596,0.011750868027575304
43675,0.018553886524557146,0.05391806610107398,0.018553886524557146
43676,0.12579451888547874,0.2227602627923892,0.12579451888547874
43677,0.05462341523713341,0.030661823760619485,0.05462341523713341
43678,0.017471540044705403,0.04233434522201287,0.017471540044705403
43679,0.08130366966364701,0.3584374920945839,0.08130366966364701
43680,0.17707617295803074,0.24344734862232115,0.17707617295803074
43681,0.07077775297686248,0.8097486547557144,0.07077775297686248
43682,0.1165012306030948,0.25430893769915197,0.1165012306030948
43683,0.03728282867649975,0.46885795899613475,0.03728282867649975
43684,0.6203295663812983,0.6365213515172338,0.6203295663812983
43685,0.0846695603034545,0.08522340814739557,0.0846695603034545
43686,0.2901684749639733,0.7903493096273536,0.2901684749639733
43687,0.022857621338050384,0.2559376452679649,0.022857621338050384
43688,0.25172338125242233,0.3079234134275466,0.25172338125242233
43689,0.0124301562824168,0.10516338667786614,0.0124301562824168
43690,0.06027308346721118,0.7079693990736868,0.06027308346721118
43691,0.08600822644600803,0.7354466254110743,0.08600822644600803
43692,0.04073381507654936,0.8324191753426221,0.04073381507654936
43693,0.5256847636527047,0.5535300647071069,0.5256847636527047
43694,0.049158330048501786,0.08337602403027089,0.049158330048501786
43695,0.5944351537370921,0.8795247889178358,0.5944351537370921
43696,0.10376738426379492,0.3043447732879808,0.10376738426379492
43697,0.042959271151787284,0.346821740488591,0.042959271151787284
43698,0.1248999271353213,0.09109063034669046,0.1248999271353213
43699,0.25890183116766274,0.3421955394406396,0.25890183116766274
43700,0.33787469917149665,0.7078412025734583,0.33787469917149665
43701,0.23661687074931326,0.7515182088574598,0.23661687074931326
43702,0.04819771889884192,0.10088018509204964,0.04819771889884192
43703,0.239650003531057,0.34789998495749613,0.239650003531057
43704,0.0044955236245297365,0.02117443578244793,0.0044955236245297365
43705,0.029009850570702492,0.39365621661417427,0.029009850570702492
43706,0.09357612930558493,0.19838735231425358,0.09357612930558493
43707,0.03798247380590042,0.8316451609416284,0.03798247380590042
43708,0.09431132522572748,0.4610110534034775,0.09431132522572748
43709,0.07965723840348286,0.25679377532024605,0.07965723840348286
43710,0.07641267119793813,0.8485123835048497,0.07641267119793813
43711,0.1073559071796362,0.6673429825230385,0.1073559071796362
43712,0.3737662412866819,0.472059009836658,0.3737662412866819
43713,0.12763765292219958,0.250973355108878,0.12763765292219958
43714,0.08576758817302867,0.5688774468235012,0.08576758817302867
43715,0.1190290240725462,0.8521854697928273,0.1190290240725462
43716,0.16364637473173654,0.580678559845892,0.16364637473173654
43717,0.17257554339963418,0.19232009968291253,0.17257554339963418
43718,0.023103746360938794,0.06896478773924349,0.023103746360938794
43719,0.049089234838383296,0.43616252209391915,0.049089234838383296
43720,0.2658573437618443,0.6175538441293108,0.2658573437618443
43721,0.25301400221876524,0.6220500485310562,0.25301400221876524
43722,0.05966472146486315,0.228070407612063,0.05966472146486315
43723,0.33895795274337914,0.30527188038573283,0.33895795274337914
43724,0.03199503270999074,0.3159434938032031,0.03199503270999074
43725,0.08093763503835727,0.06034223172181764,0.08093763503835727
43726,0.3470359987775678,0.5143502918386513,0.3470359987775678
43727,0.043251603509303016,0.03356477179598532,0.043251603509303016
43728,0.05307896906269053,0.3482097098822909,0.05307896906269053
43729,0.7351814866549701,0.5400760821518557,0.7351814866549701
43730,0.07204948480756442,0.5494819172789692,0.07204948480756442
43731,0.6156702935063565,0.2743178040234372,0.6156702935063565
43732,0.00969611257567522,0.0910133527628552,0.00969611257567522
43733,0.03618053748804797,0.3777912714684805,0.03618053748804797
43734,0.07593345917577461,0.29360526178011837,0.07593345917577461
43735,0.021234145598465058,0.6919745674086987,0.021234145598465058
43736,0.0700672602302209,0.40619082337967544,0.0700672602302209
43737,0.06784148598236917,0.05889191523390817,0.06784148598236917
43738,0.556795373106202,0.47995051918168474,0.556795373106202
43739,0.0892225293029256,0.322827115335962,0.0892225293029256
43740,0.13403171456698884,0.9374468085828465,0.13403171456698884
43741,0.006197362860851515,0.06879598043235627,0.006197362860851515
43742,0.09789986923742984,0.16981566531725092,0.09789986923742984
43743,0.20770024873419826,0.6413392600386304,0.20770024873419826
43744,0.0609498137030439,0.0695899385709622,0.0609498137030439
43745,0.7064923866775625,0.9086048262745872,0.7064923866775625
43746,0.10551409430575946,0.6047957967589304,0.10551409430575946
43747,0.08642509949164197,0.4923282023463077,0.08642509949164197
43748,0.1624361510618733,0.6755131019125145,0.1624361510618733
43749,0.19227148053273707,0.05710042357138635,0.19227148053273707
43750,0.18665449750488217,0.14060458583184196,0.18665449750488217
43751,0.35136450507238903,0.7676028899832384,0.35136450507238903
43752,0.11417548245523093,0.3926585690800786,0.11417548245523093
43753,0.02735384958760694,0.15165292316016754,0.02735384958760694
43754,0.43241768414527826,0.5107778836317192,0.43241768414527826
43755,0.02989796475356762,0.1995989654492971,0.02989796475356762
43756,0.10217487403645618,0.36560281382780896,0.10217487403645618
43757,0.08618572179130667,0.161017753972652,0.08618572179130667
43758,0.1465960811175405,0.569650271615721,0.1465960811175405
43759,0.06725275972196056,0.48483708526333225,0.06725275972196056
43760,0.3614804738910144,0.1477194012333452,0.3614804738910144
43761,0.5158161010420041,0.8633972790078878,0.5158161010420041
43762,0.09075264528556787,0.03751584339945414,0.09075264528556787
43763,0.7506201035559957,0.6519543197840056,0.7506201035559957
43764,0.021415961784124204,0.5600583479138826,0.021415961784124204
43765,0.09772772812949373,0.8221979052820665,0.09772772812949373
43766,0.029634770740243083,0.0479132553019906,0.029634770740243083
43767,0.11302800989532553,0.0945882398623446,0.11302800989532553
43768,0.10575761211230283,0.3921938047416141,0.10575761211230283
43769,0.03472854948213322,0.26839397201181403,0.03472854948213322
43770,0.16208529179119657,0.6258336598880132,0.16208529179119657
43771,0.2832754411655639,0.8389995110678701,0.2832754411655639
43772,0.017437840410111927,0.0749729639579685,0.017437840410111927
43773,0.033229122668029513,0.06010977454887457,0.033229122668029513
43774,0.04939709878658094,0.6495103020959773,0.04939709878658094
43775,0.20996255991688373,0.21750397457647322,0.20996255991688373
43776,0.14218830902219654,0.5103854135333321,0.14218830902219654
43777,0.04364596304617991,0.13602459839871195,0.04364596304617991
43778,0.08970397943701185,0.23503985534809171,0.08970397943701185
43779,0.4200050138403716,0.8926067707120307,0.4200050138403716
43780,0.08417945878662077,0.4277763908158426,0.08417945878662077
43781,0.03041697120167417,0.41165453939570285,0.03041697120167417
43782,0.14104330183408034,0.5976696820058762,0.14104330183408034
43783,0.1087320522334752,0.07004356453589021,0.1087320522334752
43784,0.08552497804820763,0.07096426801596135,0.08552497804820763
43785,0.2556205047491654,0.7667040418615948,0.2556205047491654
43786,0.6805127684320672,0.8579319193759355,0.6805127684320672
43787,0.8258850819951669,0.9630527127512342,0.8258850819951669
43788,0.23468745100338045,0.17790205235599849,0.23468745100338045
43789,0.11392734360035595,0.692680668151702,0.11392734360035595
43790,0.1656592933884104,0.2529232705054545,0.1656592933884104
43791,0.07398946158944991,0.16039022809688513,0.07398946158944991
43792,0.017289528867964248,0.09371657373001067,0.017289528867964248
43793,0.08673284851473148,0.04720955677500352,0.08673284851473148
43794,0.32482040479120866,0.14302541653592413,0.32482040479120866
43795,0.0701107287980677,0.27109043064303934,0.0701107287980677
43796,0.3723279658099626,0.8690408830822866,0.3723279658099626
43797,0.14704111753370186,0.45033764151480404,0.14704111753370186
43798,0.16745020955871276,0.5486275620109209,0.16745020955871276
43799,0.1907621592640121,0.12163459255823793,0.1907621592640121
43800,0.08352452138143147,0.26058036084930464,0.08352452138143147
43801,0.02144446350872405,0.44100559269911854,0.02144446350872405
43802,0.06369871748603015,0.3433396915572237,0.06369871748603015
43803,0.005185119411349601,0.022163952430601878,0.005185119411349601
43804,0.07763327892324341,0.168320157082988,0.07763327892324341
43805,0.23277078008184968,0.801649830032315,0.23277078008184968
43806,0.21847636028580733,0.3865579728229433,0.21847636028580733
43807,0.3306405335129701,0.13937386312490255,0.3306405335129701
43808,0.07648850679123545,0.018502304763910512,0.07648850679123545
43809,0.036535663966184906,0.04033676927116329,0.036535663966184906
43810,0.1613905807536604,0.30029527185539245,0.1613905807536604
43811,0.54128296383072,0.8438988304072148,0.54128296383072
43812,0.07571941593427241,0.13377129505438065,0.07571941593427241
43813,0.5735989849371785,0.7126664440181957,0.5735989849371785
43814,0.09947175775667484,0.5688091515044659,0.09947175775667484
43815,0.09507670800339643,0.683120124207971,0.09507670800339643
43816,0.18096637555614356,0.7977329837558517,0.18096637555614356
43817,0.04490361821753895,0.25570924515784876,0.04490361821753895
43818,0.029700508406516828,0.6677352639562822,0.029700508406516828
43819,0.10436888681057492,0.5816355578423312,0.10436888681057492
43820,0.07835309576157544,0.45784733312705106,0.07835309576157544
43821,0.047186914701236225,0.32567899472976114,0.047186914701236225
43822,0.09592980975007794,0.673893058450551,0.09592980975007794
43823,0.01251195119384111,0.0513049201319749,0.01251195119384111
43824,0.11512981754494696,0.11384192989455837,0.11512981754494696
43825,0.02036860934271652,0.6317383691263935,0.02036860934271652
43826,0.07156852826830197,0.3226936194006232,0.07156852826830197
43827,0.005063007751964116,0.012974081133768252,0.005063007751964116
43828,0.38217976646525725,0.2425772056068413,0.38217976646525725
43829,0.019351567306526787,0.030647224264836657,0.019351567306526787
43830,0.03574587375518938,0.06216866850740867,0.03574587375518938
43831,0.018861663424194253,0.24272857641759094,0.018861663424194253
43832,0.1961856232058151,0.8958059353991655,0.1961856232058151
43833,0.21382800045140332,0.2513441835305449,0.21382800045140332
43834,0.08216615257498996,0.19854116227690036,0.08216615257498996
43835,0.24865439273643544,0.5750631973515095,0.24865439273643544
43836,0.04534337286487848,0.2799981178559655,0.04534337286487848
43837,0.08578797102316929,0.42485062103810917,0.08578797102316929
43838,0.3598990680814224,0.5175354592119873,0.3598990680814224
43839,0.02330974982094932,0.2944784186240062,0.02330974982094932
43840,0.06041439245499209,0.12650367387051645,0.06041439245499209
43841,0.17916531151076576,0.16161251410632266,0.17916531151076576
43842,0.024735967815021236,0.06938591200199383,0.024735967815021236
43843,0.17244404712897948,0.06775478516983297,0.17244404712897948
43844,0.24106634080918515,0.33992253664814365,0.24106634080918515
43845,0.01964401582159341,0.4931764419936493,0.01964401582159341
43846,0.24654324602412608,0.6246729778459793,0.24654324602412608
43847,0.08976219030440954,0.8666657458813694,0.08976219030440954
43848,0.22979044696939688,0.4586818827943333,0.22979044696939688
43849,0.07798331951681596,0.1266353932564555,0.07798331951681596
43850,0.2187973874344827,0.4778392262547919,0.2187973874344827
43851,0.023316936643213198,0.1753863613290959,0.023316936643213198
43852,0.10650042191910085,0.3223278560318014,0.10650042191910085
43853,0.043902858196881354,0.7370260239383551,0.043902858196881354
43854,0.06782842092621608,0.6809938525421034,0.06782842092621608
43855,0.602802475451712,0.6027762193424664,0.602802475451712
43856,0.13200244517412454,0.5805786954765111,0.13200244517412454
43857,0.05707189702528108,0.7675253340414532,0.05707189702528108
43858,0.3306930411035433,0.8564603863036266,0.3306930411035433
43859,0.04571446382283382,0.19160194043674258,0.04571446382283382
43860,0.1613119550812685,0.5704864845209865,0.1613119550812685
43861,0.7779474949949949,0.2469746519956714,0.7779474949949949
43862,0.6861176172834615,0.22934233420744185,0.6861176172834615
43863,0.029280702559476315,0.07874879630018723,0.029280702559476315
43864,0.0621521220691309,0.36857044300254144,0.0621521220691309
43865,0.47385277705469325,0.13993879688991936,0.47385277705469325
43866,0.08006966237164306,0.2904729507367019,0.08006966237164306
43867,0.007877013856771538,0.09090168175948578,0.007877013856771538
43868,0.1129957608447545,0.24173753405665627,0.1129957608447545
43869,0.4367974757472866,0.7174491782264428,0.4367974757472866
43870,0.28877434057202095,0.09502298724901338,0.28877434057202095
43871,0.03856909615503284,0.06598922493313891,0.03856909615503284
43872,0.12343327508565274,0.5695483671828591,0.12343327508565274
43873,0.053096695053132616,0.07741228552537469,0.053096695053132616
43874,0.09079245996671287,0.723652503935605,0.09079245996671287
43875,0.1206077274724124,0.8054345192947334,0.1206077274724124
43876,0.12613189049311377,0.29836405076564504,0.12613189049311377
43877,0.060864899698534695,0.733995504533363,0.060864899698534695
43878,0.044062092862599225,0.37936443715254187,0.044062092862599225
43879,0.1058882834484645,0.33619592664933384,0.1058882834484645
43880,0.055140619374034465,0.5189609913370561,0.055140619374034465
43881,0.17927581322178787,0.7022850307887426,0.17927581322178787
43882,0.2468470021324741,0.34748325533496127,0.2468470021324741
43883,0.038718462646706225,0.06717247435863784,0.038718462646706225
43884,0.5316306081695649,0.5700196439916992,0.5316306081695649
43885,0.08584288723860262,0.1867146292628971,0.08584288723860262
43886,0.10950665085868062,0.07356443837407306,0.10950665085868062
43887,0.050704688104909426,0.38952733756992125,0.050704688104909426
43888,0.04240934385665722,0.049296092371014344,0.04240934385665722
43889,0.3719870217485147,0.883388246958287,0.3719870217485147
43890,0.4268069114201139,0.9089715273739544,0.4268069114201139
43891,0.41218284397267996,0.03950793213579475,0.41218284397267996
43892,0.1177369861522933,0.4963016520526971,0.1177369861522933
43893,0.889557008349524,0.5671601524627304,0.889557008349524
43894,0.026749261566863948,0.2519899180489179,0.026749261566863948
43895,0.6282396630371789,0.510097126539382,0.6282396630371789
43896,0.402685115771185,0.7863806180979628,0.402685115771185
43897,0.11705878623954508,0.4047770444253869,0.11705878623954508
43898,0.08018150995562069,0.17255831228084784,0.08018150995562069
43899,0.05944813500222335,0.09695435445039419,0.05944813500222335
43900,0.11931804732715103,0.28081260262617824,0.11931804732715103
43901,0.011517990769476155,0.015098805181536295,0.011517990769476155
43902,0.03280025405687597,0.1949379507027028,0.03280025405687597
43903,0.15044686010500313,0.7761157705932692,0.15044686010500313
43904,0.08059302588881254,0.4246384211719454,0.08059302588881254
43905,0.12331461857431812,0.48902438604255066,0.12331461857431812
43906,0.05153497078400682,0.606350342365756,0.05153497078400682
43907,0.023452355197927908,0.0847517011568254,0.023452355197927908
43908,0.07809892312820821,0.06335294061333029,0.07809892312820821
43909,0.1291807346862485,0.05013456375554894,0.1291807346862485
43910,0.16848036685374326,0.2359588840282821,0.16848036685374326
43911,0.04498871640201508,0.20536519050646135,0.04498871640201508
43912,0.11970145518391473,0.22289549884487492,0.11970145518391473
43913,0.11123194497366119,0.2241338432271316,0.11123194497366119
43914,0.07340718308153019,0.2663606892817354,0.07340718308153019
43915,0.45597144113096294,0.7529050757353124,0.45597144113096294
43916,0.0074886955407723645,0.04069894525878239,0.0074886955407723645
43917,0.3206837291334802,0.5713392471838692,0.3206837291334802
43918,0.1622766950195092,0.14006029519163052,0.1622766950195092
43919,0.13379812723661338,0.43024245621173424,0.13379812723661338
43920,0.01925005912406621,0.20188396676288,0.01925005912406621
43921,0.04432753214169374,0.2121470464114556,0.04432753214169374
43922,0.07883924195370033,0.4654818702915689,0.07883924195370033
43923,0.21637091255102817,0.11112227271100727,0.21637091255102817
43924,0.14744748656930168,0.7951151459476228,0.14744748656930168
43925,0.2632967407137663,0.17215021711704703,0.2632967407137663
43926,0.04787913798829997,0.23670948231223288,0.04787913798829997
43927,0.1077096186929435,0.21793676147714136,0.1077096186929435
43928,0.29865693262770704,0.4442968672954665,0.29865693262770704
43929,0.08687105263795684,0.5740805908113051,0.08687105263795684
43930,0.08268163021707373,0.14154513281492517,0.08268163021707373
43931,0.049598853792661816,0.17210956743254008,0.049598853792661816
43932,0.22210103522214703,0.5500388517812262,0.22210103522214703
43933,0.04328306956837959,0.6865652482685662,0.04328306956837959
43934,0.07985457062717399,0.2746281618162678,0.07985457062717399
43935,0.17536235203215797,0.1511583934138307,0.17536235203215797
43936,0.15691051346230658,0.6247479470684035,0.15691051346230658
43937,0.04695282985089388,0.49517762572345586,0.04695282985089388
43938,0.13128270606595546,0.3377205333568891,0.13128270606595546
43939,0.15393142765513879,0.5728803465624585,0.15393142765513879
43940,0.4487415779173061,0.4874581973955908,0.4487415779173061
43941,0.09966570160847804,0.5093269912741634,0.09966570160847804
43942,0.01939405660617774,0.18421835380333462,0.01939405660617774
43943,0.09585178975273483,0.5193090932374271,0.09585178975273483
43944,0.09373738838536769,0.08748264275047164,0.09373738838536769
43945,0.1400537059716506,0.46769037378015654,0.1400537059716506
43946,0.019942170401017065,0.2927048697955822,0.019942170401017065
43947,0.3371027239516356,0.707458942336108,0.3371027239516356
43948,0.020719844462472332,0.35884881467500035,0.020719844462472332
43949,0.08847985879372829,0.22706298319251603,0.08847985879372829
43950,0.13561270583307636,0.2950209993431744,0.13561270583307636
43951,0.08264027193177724,0.17128638764627396,0.08264027193177724
43952,0.5783615088636643,0.9186735174244638,0.5783615088636643
43953,0.38292418641259535,0.6855138222140157,0.38292418641259535
43954,0.06268641187569272,0.25240994260021893,0.06268641187569272
43955,0.05943208013843887,0.41242514942315267,0.05943208013843887
43956,0.10442191371815386,0.12945591695854447,0.10442191371815386
43957,0.14090554094165944,0.3591205497337703,0.14090554094165944
43958,0.03807016476172561,0.37979070735688814,0.03807016476172561
43959,0.5557959345059353,0.4417529673068151,0.5557959345059353
43960,0.11969579300888489,0.10303408925091787,0.11969579300888489
43961,0.7153059284329161,0.16587746595553013,0.7153059284329161
43962,0.07834856359303671,0.7911724461968759,0.07834856359303671
43963,0.15805088918948249,0.09211241708081948,0.15805088918948249
43964,0.0852429248776661,0.14867685226451732,0.0852429248776661
43965,0.02628264933230783,0.025668683536112187,0.02628264933230783
43966,0.24841735496622336,0.6925737064539527,0.24841735496622336
43967,0.031631038446371496,0.21257555185102045,0.031631038446371496
43968,0.07026035103626546,0.4211135035932526,0.07026035103626546
43969,0.02695269966391801,0.17703145581856813,0.02695269966391801
43970,0.04358714278438412,0.10365892389341555,0.04358714278438412
43971,0.07050675195202342,0.06325410708274706,0.07050675195202342
43972,0.02061507721564099,0.012949449167413331,0.02061507721564099
43973,0.07017929438171748,0.2885662840443813,0.07017929438171748
43974,0.129241057565073,0.7430686848405571,0.129241057565073
43975,0.07431379634970828,0.2976867276241321,0.07431379634970828
43976,0.02413830636308323,0.9294094854785739,0.02413830636308323
43977,0.01660774250694655,0.614203119637489,0.01660774250694655
43978,0.06620556374636884,0.1000976856555286,0.06620556374636884
43979,0.056513984239089626,0.1403989335671792,0.056513984239089626
43980,0.028696773995611432,0.15950709717743392,0.028696773995611432
43981,0.12462805961831859,0.5957169841179247,0.12462805961831859
43982,0.07966259208647088,0.5890735174601923,0.07966259208647088
43983,0.11788264004316033,0.08831410598470048,0.11788264004316033
43984,0.10495936492737487,0.21602819890552857,0.10495936492737487
43985,0.09665531271336163,0.24632100739331006,0.09665531271336163
43986,0.21312709960387363,0.6365829581594639,0.21312709960387363
43987,0.14525684317052973,0.2920329742094959,0.14525684317052973
43988,0.12738741610909163,0.8271234251511067,0.12738741610909163
43989,0.05625193597347894,0.6554909007492492,0.05625193597347894
43990,0.04535521630620204,0.23641223182315382,0.04535521630620204
43991,0.11027931853041374,0.20220661803894663,0.11027931853041374
43992,0.02250040539272028,0.11079832104581842,0.02250040539272028
43993,0.6582007208185843,0.5166601103950146,0.6582007208185843
43994,0.02748919876700952,0.4074005462999183,0.02748919876700952
43995,0.03499534688444858,0.15837664914188326,0.03499534688444858
43996,0.0282241482751199,0.695623652502516,0.0282241482751199
43997,0.22389774241514857,0.5268068290806082,0.22389774241514857
43998,0.9192157129873899,0.9656117123084899,0.9192157129873899
43999,0.06580675289574213,0.6787963809998251,0.06580675289574213
44000,0.2994612292895779,0.6728670617027815,0.2994612292895779
44001,0.851139088054098,0.9439623847344375,0.851139088054098
44002,0.0416620520829579,0.2606208439632905,0.0416620520829579
44003,0.04482451722781714,0.5991410509181887,0.04482451722781714
44004,0.007478680667626463,0.006484816291087726,0.007478680667626463
44005,0.00839711025740285,0.1396537022999426,0.00839711025740285
44006,0.008962617377656223,0.5238478624371485,0.008962617377656223
44007,0.02550061882951238,0.6569514445991202,0.02550061882951238
44008,0.07940452229223087,0.21969377830910028,0.07940452229223087
44009,0.006641225744123511,0.19374717098836147,0.006641225744123511
44010,0.0815677340793014,0.9067783649093623,0.0815677340793014
44011,0.0941208885276892,0.031112594614359248,0.0941208885276892
44012,0.07854329941234867,0.2453212744674369,0.07854329941234867
44013,0.4006855623973071,0.7461837986644908,0.4006855623973071
44014,0.08491765324666105,0.6430568064647451,0.08491765324666105
44015,0.07756972974645038,0.3448855265246744,0.07756972974645038
44016,0.09544640253744015,0.15990739280544797,0.09544640253744015
44017,0.0456205633382485,0.3734384922537809,0.0456205633382485
44018,0.06445374877309015,0.029607766785751544,0.06445374877309015
44019,0.9194261959438352,0.8729744831631034,0.9194261959438352
44020,0.08029725423593198,0.14162130921398544,0.08029725423593198
44021,0.267881466921081,0.3997075020799581,0.267881466921081
44022,0.024565846540922708,0.04503692227496701,0.024565846540922708
44023,0.028042442469341778,0.06994487974827181,0.028042442469341778
44024,0.06225818676283551,0.2591336088368294,0.06225818676283551
44025,0.06046618262285443,0.08469098435845798,0.06046618262285443
44026,0.1248729821581815,0.7931724633715305,0.1248729821581815
44027,0.3209867750570672,0.8251419547115537,0.3209867750570672
44028,0.19381692987560073,0.5428214941821952,0.19381692987560073
44029,0.01398123031285763,0.6830117308398015,0.01398123031285763
44030,0.09061528437193012,0.15249196178863003,0.09061528437193012
44031,0.14350312998653342,0.603815011192916,0.14350312998653342
44032,0.12289737723617056,0.24424588255145657,0.12289737723617056
44033,0.03617245133732922,0.14052784443628383,0.03617245133732922
44034,0.06582319076473957,0.4430805338954375,0.06582319076473957
44035,0.10209535553492037,0.43837920431929156,0.10209535553492037
44036,0.049053154439185384,0.351658590938348,0.049053154439185384
44037,0.08493112816213172,0.3762724304390861,0.08493112816213172
44038,0.026802134893053223,0.08835407275751045,0.026802134893053223
44039,0.03899859199923755,0.07958903556513731,0.03899859199923755
44040,0.8980709157337778,0.7074041531586054,0.8980709157337778
44041,0.052495444625044595,0.30594352352156196,0.052495444625044595
44042,0.26327895095285503,0.39373719442492866,0.26327895095285503
44043,0.058083465373059376,0.6801974814443158,0.058083465373059376
44044,0.023111192313656395,0.15867334429698973,0.023111192313656395
44045,0.5454563626049626,0.12815512304881344,0.5454563626049626
44046,0.3135931974019786,0.5708677917156222,0.3135931974019786
44047,0.4763711179834194,0.6533589345840536,0.4763711179834194
44048,0.705123302844658,0.8185580695926745,0.705123302844658
44049,0.20138943074748844,0.5194974555868304,0.20138943074748844
44050,0.1292363899684943,0.8987897313959805,0.1292363899684943
44051,0.6030874930640544,0.5687908513861473,0.6030874930640544
44052,0.18163956387198535,0.7226791059342632,0.18163956387198535
44053,0.046807797724937684,0.02408755761274052,0.046807797724937684
44054,0.04513047558345155,0.21366358740489916,0.04513047558345155
44055,0.43856827119142916,0.6299533515580069,0.43856827119142916
44056,0.03894303821651833,0.7581293573685554,0.03894303821651833
44057,0.33370186693061976,0.710982040376339,0.33370186693061976
44058,0.03365700087351149,0.041537843950127294,0.03365700087351149
44059,0.09196443464294987,0.2404051366007925,0.09196443464294987
44060,0.38248390038749874,0.6263878388207579,0.38248390038749874
44061,0.0675606659177952,0.06742218263263608,0.0675606659177952
44062,0.07571392256205263,0.45811602856191536,0.07571392256205263
44063,0.17634090892430943,0.4635107573847898,0.17634090892430943
44064,0.1269300422886099,0.18509893955072212,0.1269300422886099
44065,0.04459051549253098,0.16990824498828652,0.04459051549253098
44066,0.014790956470421477,0.18533355321867845,0.014790956470421477
44067,0.08106352788414879,0.09278990024074626,0.08106352788414879
44068,0.18602526011360043,0.36706262353165103,0.18602526011360043
44069,0.0289355909674316,0.05417699268942441,0.0289355909674316
44070,0.7376066334882856,0.8561820146673681,0.7376066334882856
44071,0.026435914897439967,0.11678216294850027,0.026435914897439967
44072,0.45780915897544516,0.34890629920267763,0.45780915897544516
44073,0.01951131303965778,0.04701580142066899,0.01951131303965778
44074,0.5892616992694396,0.5960343444742185,0.5892616992694396
44075,0.07654951670876299,0.577660573455405,0.07654951670876299
44076,0.2907159502939405,0.08388090646983438,0.2907159502939405
44077,0.04522332470883872,0.0805146842236579,0.04522332470883872
44078,0.06087450560108234,0.12178717114510217,0.06087450560108234
44079,0.5594803784085455,0.5348315074847915,0.5594803784085455
44080,0.4819116037685541,0.9123091253453312,0.4819116037685541
44081,0.8705426311670768,0.6850351706305691,0.8705426311670768
44082,0.047215261663648145,0.39189790586663187,0.047215261663648145
44083,0.6548725232073237,0.8232720604728947,0.6548725232073237
44084,0.16172835786408749,0.27515833553951885,0.16172835786408749
44085,0.09372763339543981,0.11726606034273016,0.09372763339543981
44086,0.07806131617625695,0.14006784291024965,0.07806131617625695
44087,0.02860769780894929,0.19221878464755862,0.02860769780894929
44088,0.15183389357227495,0.21115388294812215,0.15183389357227495
44089,0.14070664938024316,0.28223282747404044,0.14070664938024316
44090,0.044940185573196595,0.24076147684670687,0.044940185573196595
44091,0.022386439098505035,0.058501228315362606,0.022386439098505035
44092,0.03473662451832002,0.5099958127561007,0.03473662451832002
44093,0.2664563896908741,0.7141309035540583,0.2664563896908741
44094,0.1363507092730413,0.37323131705530294,0.1363507092730413
44095,0.1554391735806945,0.7733738087101609,0.1554391735806945
44096,0.010565485495935856,0.049146785744187786,0.010565485495935856
44097,0.5603329874054281,0.7229253353182055,0.5603329874054281
44098,0.2519324324733587,0.526096503505258,0.2519324324733587
44099,0.5689775428438238,0.8580841211906556,0.5689775428438238
44100,0.14538104461229145,0.6587620193686474,0.14538104461229145
44101,0.032125943818934515,0.42280045071905825,0.032125943818934515
44102,0.058014399100563135,0.376735045236376,0.058014399100563135
44103,0.16439519109787162,0.3506126933264227,0.16439519109787162
44104,0.0451189549127214,0.12333233334671517,0.0451189549127214
44105,0.03019663468732197,0.06183417803854403,0.03019663468732197
44106,0.033786673956570284,0.21799337788231016,0.033786673956570284
44107,0.3143239557335681,0.2795082011362132,0.3143239557335681
44108,0.05499942858765688,0.09487971220763333,0.05499942858765688
44109,0.05077448540477848,0.08580395903081034,0.05077448540477848
44110,0.012973222174205302,0.09256444217982975,0.012973222174205302
44111,0.0045016431227621855,0.07520163060082782,0.0045016431227621855
44112,0.09559290380380864,0.0653652878683462,0.09559290380380864
44113,0.11439163478075472,0.8485591548972895,0.11439163478075472
44114,0.5404113177779343,0.6781852181876484,0.5404113177779343
44115,0.04676962410944654,0.21914231201925297,0.04676962410944654
44116,0.058500926482533494,0.21518254161963118,0.058500926482533494
44117,0.10645970089415162,0.2230524590032435,0.10645970089415162
44118,0.08828106244621642,0.2835447965663525,0.08828106244621642
44119,0.038220424448551955,0.19905808974734912,0.038220424448551955
44120,0.3011632221510779,0.1557843181866951,0.3011632221510779
44121,0.06411253243513633,0.4406639206904407,0.06411253243513633
44122,0.13632955699044777,0.5400849347247978,0.13632955699044777
44123,0.6508632048319956,0.8473317047066142,0.6508632048319956
44124,0.10559158622019066,0.14413687392281596,0.10559158622019066
44125,0.0419667945174194,0.11779045802534384,0.0419667945174194
44126,0.24501262324842374,0.2539340064500486,0.24501262324842374
44127,0.06367953864459208,0.3972634282988863,0.06367953864459208
44128,0.08777126747065064,0.8353746096808367,0.08777126747065064
44129,0.0661485106260607,0.2647056804966538,0.0661485106260607
44130,0.05719333459714935,0.12633330078652477,0.05719333459714935
44131,0.1237980433915797,0.23818839840412914,0.1237980433915797
44132,0.1107031999029309,0.3215023443490531,0.1107031999029309
44133,0.032868696821938874,0.30678968415378877,0.032868696821938874
44134,0.03549476752584096,0.09563915161988495,0.03549476752584096
44135,0.04370502246940043,0.17869325488069443,0.04370502246940043
44136,0.5668669328791596,0.18562840478817907,0.5668669328791596
44137,0.07473155086200739,0.5863561469242851,0.07473155086200739
44138,0.07380003449280664,0.6247989233664784,0.07380003449280664
44139,0.14658841167313966,0.028534869877717337,0.14658841167313966
44140,0.08024870583261502,0.405406308083068,0.08024870583261502
44141,0.06244762117964563,0.37479907083394615,0.06244762117964563
44142,0.050279351374464654,0.4399488467621003,0.050279351374464654
44143,0.06027211368219909,0.3319726571101477,0.06027211368219909
44144,0.10113140230960081,0.5361122635414464,0.10113140230960081
44145,0.6718879696082186,0.7983174933457313,0.6718879696082186
44146,0.30371484610729477,0.2737101274308811,0.30371484610729477
44147,0.10086442204778576,0.10280284772886296,0.10086442204778576
44148,0.04253611381930145,0.45089780565534526,0.04253611381930145
44149,0.040719073914156044,0.16366253349772564,0.040719073914156044
44150,0.10735913411216697,0.7792315753728382,0.10735913411216697
44151,0.0552861076456525,0.21148726762958217,0.0552861076456525
44152,0.07123767602842312,0.40724249528041934,0.07123767602842312
44153,0.07567843895764953,0.26322006962470756,0.07567843895764953
44154,0.027263668046104802,0.18005587847157647,0.027263668046104802
44155,0.1782754234598511,0.16275238353421123,0.1782754234598511
44156,0.0602834670993967,0.10046917512165165,0.0602834670993967
44157,0.01688760258136897,0.04079857479002708,0.01688760258136897
44158,0.14914750940972574,0.07769515868889972,0.14914750940972574
44159,0.01766754988046874,0.04560891807181861,0.01766754988046874
44160,0.04922673103144673,0.2819286538344355,0.04922673103144673
44161,0.021134810180591726,0.5088971536601727,0.021134810180591726
44162,0.5669838401162522,0.21456067154428862,0.5669838401162522
44163,0.03415906331104975,0.04041306255075211,0.03415906331104975
44164,0.7293229296617079,0.7987495180032836,0.7293229296617079
44165,0.07446569422640902,0.30428996213141934,0.07446569422640902
44166,0.07230366762032868,0.0677826070068776,0.07230366762032868
44167,0.1279232854445896,0.4293850581275796,0.1279232854445896
44168,0.44060424632477124,0.5759689670882132,0.44060424632477124
44169,0.03701253456100908,0.11013164590991427,0.03701253456100908
44170,0.10654667824458065,0.5674017556758503,0.10654667824458065
44171,0.4339158253564258,0.7389803674337697,0.4339158253564258
44172,0.03601654331692487,0.27312118067658026,0.03601654331692487
44173,0.04928055242914538,0.19967452232258298,0.04928055242914538
44174,0.3441091221519148,0.43146485465202356,0.3441091221519148
44175,0.02668955419296182,0.0551272462966959,0.02668955419296182
44176,0.061821745176337116,0.6230256061552129,0.061821745176337116
44177,0.08345529583252895,0.7767613042226239,0.08345529583252895
44178,0.027608203498316202,0.022354470395025024,0.027608203498316202
44179,0.41117528935512504,0.32541128698689803,0.41117528935512504
44180,0.2219223777012747,0.3495822353005385,0.2219223777012747
44181,0.15791878406984827,0.5659981540607838,0.15791878406984827
44182,0.3424425949353697,0.6976699014386303,0.3424425949353697
44183,0.6634201013312241,0.8745128923568644,0.6634201013312241
44184,0.09386966219316686,0.15210278654167803,0.09386966219316686
44185,0.7280732535874503,0.39488128818687346,0.7280732535874503
44186,0.1906807558344899,0.1149114896695694,0.1906807558344899
44187,0.1473456821311488,0.5310838634242356,0.1473456821311488
44188,0.02449360671026302,0.016401433369204,0.02449360671026302
44189,0.0394424676108347,0.1757892534921327,0.0394424676108347
44190,0.01620951089160265,0.20067713086413466,0.01620951089160265
44191,0.03667047122461314,0.16730145228001508,0.03667047122461314
44192,0.040711459188681146,0.1204247354336998,0.040711459188681146
44193,0.05754385040453856,0.06487903968675626,0.05754385040453856
44194,0.04501294784067364,0.2004242923786057,0.04501294784067364
44195,0.1140994264369497,0.45126055186989383,0.1140994264369497
44196,0.0748373156121476,0.3639135632230366,0.0748373156121476
44197,0.03351493477226982,0.09126524983223853,0.03351493477226982
44198,0.03636472517549722,0.7153599130910414,0.03636472517549722
44199,0.23152782588469925,0.5847529610751848,0.23152782588469925
44200,0.07455045106104917,0.1724118854129026,0.07455045106104917
44201,0.022757795041235318,0.502057579301549,0.022757795041235318
44202,0.047566114225384606,0.4099526462129151,0.047566114225384606
44203,0.06732477151906616,0.06217229914947749,0.06732477151906616
44204,0.045230142787499025,0.0923693523740724,0.045230142787499025
44205,0.20239570115690866,0.3917341664926395,0.20239570115690866
44206,0.19802558973434306,0.7801368279887064,0.19802558973434306
44207,0.022744101229984635,0.26489393032484926,0.022744101229984635
44208,0.1153094157826279,0.22649497055529946,0.1153094157826279
44209,0.04602324347384964,0.2475698547447194,0.04602324347384964
44210,0.13460333206658842,0.6132327716078849,0.13460333206658842
44211,0.17392695470190397,0.6512418941964875,0.17392695470190397
44212,0.33883003427082337,0.7627164675304429,0.33883003427082337
44213,0.08679919726222014,0.22451707537113577,0.08679919726222014
44214,0.07831601835240795,0.4953433919442627,0.07831601835240795
44215,0.2190282003441897,0.4520421272723609,0.2190282003441897
44216,0.03929824513449062,0.1956856164822925,0.03929824513449062
44217,0.0967461957574112,0.554942496806831,0.0967461957574112
44218,0.05425594621512561,0.2935982083639829,0.05425594621512561
44219,0.04622642429506591,0.09504066857244901,0.04622642429506591
44220,0.2851369489419947,0.9315290003643523,0.2851369489419947
44221,0.06506745150619617,0.8523282598988345,0.06506745150619617
44222,0.06532329469163506,0.3100549004263663,0.06532329469163506
44223,0.048917520896815204,0.03696705802340006,0.048917520896815204
44224,0.05499629689173727,0.1742879528168662,0.05499629689173727
44225,0.09050106510905143,0.2995578095256328,0.09050106510905143
44226,0.3538971557763157,0.2826610309708216,0.3538971557763157
44227,0.10180021983488761,0.051488390670547717,0.10180021983488761
44228,0.08015305577195765,0.5709609848229481,0.08015305577195765
44229,0.0519150756929577,0.24593013365897193,0.0519150756929577
44230,0.1906733210308769,0.7735462810448381,0.1906733210308769
44231,0.028182761341788938,0.12082022801765152,0.028182761341788938
44232,0.1282043257805159,0.2760400468523442,0.1282043257805159
44233,0.24186547552934462,0.45646392660873625,0.24186547552934462
44234,0.0975391032900656,0.49059068990096794,0.0975391032900656
44235,0.020264715003029888,0.4380000992523404,0.020264715003029888
44236,0.12893524326683856,0.47967163503033816,0.12893524326683856
44237,0.17190784703496842,0.18705324157969103,0.17190784703496842
44238,0.042402810140193266,0.5581590032706734,0.042402810140193266
44239,0.28548010465144497,0.38048622489252953,0.28548010465144497
44240,0.03885368028308999,0.2673368806570821,0.03885368028308999
44241,0.5386214127762855,0.9293159193634682,0.5386214127762855
44242,0.48838315270836874,0.4185700538761807,0.48838315270836874
44243,0.04438452184867418,0.1255204157370885,0.04438452184867418
44244,0.04068075831477684,0.06621012346212016,0.04068075831477684
44245,0.03984552061586054,0.12578819106460784,0.03984552061586054
44246,0.5500562180508209,0.9381823184920541,0.5500562180508209
44247,0.028849156991117005,0.00888728170853163,0.028849156991117005
44248,0.1112416379558617,0.852976809641957,0.1112416379558617
44249,0.7203010759172122,0.7582590441921806,0.7203010759172122
44250,0.20369257142185382,0.5761953166510305,0.20369257142185382
44251,0.13437732992137172,0.04643729911145649,0.13437732992137172
44252,0.18688773808740933,0.36096443926057215,0.18688773808740933
44253,0.08814636613420454,0.8914316454115723,0.08814636613420454
44254,0.09884139328288465,0.14896948547223424,0.09884139328288465
44255,0.05641614861711994,0.026332364494393065,0.05641614861711994
44256,0.4608857802167157,0.5192809974433354,0.4608857802167157
44257,0.27241537041040004,0.4331449675511039,0.27241537041040004
44258,0.42194467112004147,0.5991516473059657,0.42194467112004147
44259,0.11114725761363753,0.8991356391453428,0.11114725761363753
44260,0.21268028239045975,0.3808913535034551,0.21268028239045975
44261,0.022591928643021925,0.11465020153577245,0.022591928643021925
44262,0.04778985153290815,0.22065080078734434,0.04778985153290815
44263,0.15744262948152454,0.47052065428272993,0.15744262948152454
44264,0.5577601028495821,0.6639157068748379,0.5577601028495821
44265,0.04953864233565237,0.30944383426775424,0.04953864233565237
44266,0.45932307660011873,0.7770929158323894,0.45932307660011873
44267,0.06098067946878735,0.1089482016570445,0.06098067946878735
44268,0.25401076294676206,0.2080829935774398,0.25401076294676206
44269,0.05274888667072326,0.0648754534974007,0.05274888667072326
44270,0.2523148678166538,0.19162586584021576,0.2523148678166538
44271,0.43910893415827074,0.5702034775058827,0.43910893415827074
44272,0.1619988402048797,0.42113222106555015,0.1619988402048797
44273,0.09379820543070365,0.2136843424995261,0.09379820543070365
44274,0.04956475010339504,0.3277370014404167,0.04956475010339504
44275,0.05152371714417651,0.043518426825475395,0.05152371714417651
44276,0.5148775115914573,0.7258310318182257,0.5148775115914573
44277,0.09750650813389837,0.6461505746376272,0.09750650813389837
44278,0.10829225045185087,0.26309458373996186,0.10829225045185087
44279,0.07381303649008888,0.3330078887797198,0.07381303649008888
44280,0.019419900913200654,0.08331816548770726,0.019419900913200654
44281,0.194364526067521,0.46828337867605097,0.194364526067521
44282,0.032684594887236074,0.043020800335939476,0.032684594887236074
44283,0.02357615271438295,0.1045170965468385,0.02357615271438295
44284,0.04531131552702933,0.16341116849320889,0.04531131552702933
44285,0.02718753788751317,0.23737719151237838,0.02718753788751317
44286,0.15870895717446473,0.4033778553048901,0.15870895717446473
44287,0.11912592667087343,0.12791783230541776,0.11912592667087343
44288,0.2536008964346651,0.10100935073893762,0.2536008964346651
44289,0.43348657161836457,0.3248633108794394,0.43348657161836457
44290,0.22242159035614598,0.4466085289172304,0.22242159035614598
44291,0.04474394256438085,0.2909203284445807,0.04474394256438085
44292,0.045040808296647805,0.5784702856460754,0.045040808296647805
44293,0.07032762724791568,0.2982221459391788,0.07032762724791568
44294,0.24207852015627393,0.6057992242899096,0.24207852015627393
44295,0.035947717653035935,0.22181377226669494,0.035947717653035935
44296,0.04197719246378028,0.43746609426469324,0.04197719246378028
44297,0.18110022093684577,0.3859127418381621,0.18110022093684577
44298,0.02267537990838679,0.48253042333675755,0.02267537990838679
44299,0.25520088939996366,0.302081729802425,0.25520088939996366
44300,0.08186975928508074,0.1619579281683559,0.08186975928508074
44301,0.19128818717736046,0.26269984775867866,0.19128818717736046
44302,0.4965073355277898,0.35433815406832364,0.4965073355277898
44303,0.44397165313951636,0.6728923341467997,0.44397165313951636
44304,0.10442814608164883,0.3534349928490033,0.10442814608164883
44305,0.04524314787735801,0.08944353892416633,0.04524314787735801
44306,0.6464771423661643,0.7421536193671433,0.6464771423661643
44307,0.07733838122082627,0.37969787515955306,0.07733838122082627
44308,0.09201516672576857,0.04745724433727531,0.09201516672576857
44309,0.10700384114484911,0.17785586569138748,0.10700384114484911
44310,0.040641670739501284,0.4818218705775457,0.040641670739501284
44311,0.14316352619955425,0.43092741173747845,0.14316352619955425
44312,0.2830564927763181,0.44498095053407993,0.2830564927763181
44313,0.030994139576134092,0.027483512887815423,0.030994139576134092
44314,0.08148183233712696,0.7229583636439197,0.08148183233712696
44315,0.09070646277814601,0.5649620234152063,0.09070646277814601
44316,0.4634612415457551,0.4701870406049457,0.4634612415457551
44317,0.047124137794324235,0.3524705734072998,0.047124137794324235
44318,0.045769930893403685,0.34116089098923663,0.045769930893403685
44319,0.09427567127573298,0.6430294081355002,0.09427567127573298
44320,0.03185321086004012,0.4884581404649949,0.03185321086004012
44321,0.5463871981324129,0.4671535262540573,0.5463871981324129
44322,0.22497028977677008,0.7509845544093385,0.22497028977677008
44323,0.04992285851885121,0.11106940842467303,0.04992285851885121
44324,0.02448838868905493,0.01884053328153402,0.02448838868905493
44325,0.030737451912234537,0.6795531078569481,0.030737451912234537
44326,0.4696361971715585,0.6598544579458063,0.4696361971715585
44327,0.030222520546797776,0.3159753588132455,0.030222520546797776
44328,0.07858788908194171,0.14509574606744768,0.07858788908194171
44329,0.05481001966754525,0.08598690354009669,0.05481001966754525
44330,0.06812146364331197,0.7870411506749105,0.06812146364331197
44331,0.06475468467150172,0.8003667542977047,0.06475468467150172
44332,0.07693328190478563,0.17479398533577153,0.07693328190478563
44333,0.07412636363589964,0.3783014357609795,0.07412636363589964
44334,0.5105652104569747,0.5960862178334491,0.5105652104569747
44335,0.15653033194082447,0.5815048599173399,0.15653033194082447
44336,0.1788849341562181,0.40793330596921806,0.1788849341562181
44337,0.194556381448439,0.9337164748609367,0.194556381448439
44338,0.018479776755420174,0.10490177444579624,0.018479776755420174
44339,0.031959204932952595,0.1879732094674234,0.031959204932952595
44340,0.027584838719660627,0.13127402694073298,0.027584838719660627
44341,0.3773045974694887,0.8657295016739164,0.3773045974694887
44342,0.05703951114253151,0.34663489550289645,0.05703951114253151
44343,0.2667899400935393,0.28281842222782433,0.2667899400935393
44344,0.10148738378396675,0.8153432294820943,0.10148738378396675
44345,0.058113640941654096,0.6118733483525604,0.058113640941654096
44346,0.4335349682450064,0.06721565239500317,0.4335349682450064
44347,0.518994814091357,0.462076520454205,0.518994814091357
44348,0.21044109546840792,0.647904251983474,0.21044109546840792
44349,0.40932474280612624,0.34414809392117246,0.40932474280612624
44350,0.16417892287542957,0.7139532419645546,0.16417892287542957
44351,0.16578151130094915,0.6464110603670534,0.16578151130094915
44352,0.3814805726427669,0.6272771341172596,0.3814805726427669
44353,0.26367553391932563,0.19085466794426637,0.26367553391932563
44354,0.544089617901391,0.7500221158945858,0.544089617901391
44355,0.06827416789873451,0.14881774131600872,0.06827416789873451
44356,0.29200841536234995,0.07747316597756564,0.29200841536234995
44357,0.04564205311929242,0.10536197283842189,0.04564205311929242
44358,0.1554869732364543,0.6933075113314835,0.1554869732364543
44359,0.05511268557625867,0.2591054691133143,0.05511268557625867
44360,0.11495514104592792,0.5236734334608237,0.11495514104592792
44361,0.11334881928270903,0.32541737191664344,0.11334881928270903
44362,0.11496352218467283,0.19831969524377197,0.11496352218467283
44363,0.025557411604027785,0.6857088220223719,0.025557411604027785
44364,0.3131953008761885,0.2507309900973693,0.3131953008761885
44365,0.03489548330760069,0.09347645881426414,0.03489548330760069
44366,0.49798048839796016,0.6683915905707026,0.49798048839796016
44367,0.056723031544695456,0.13885000503445405,0.056723031544695456
44368,0.23120129604186568,0.11759756701655427,0.23120129604186568
44369,0.0715702415721326,0.06309712162484894,0.0715702415721326
44370,0.04210023344402095,0.09845329404818082,0.04210023344402095
44371,0.30191010821439057,0.2439148770864675,0.30191010821439057
44372,0.6492652776452723,0.6321290399700012,0.6492652776452723
44373,0.15121978086365473,0.03125374772741454,0.15121978086365473
44374,0.31386231309823176,0.1992413204508655,0.31386231309823176
44375,0.17321905928836942,0.28812238531463524,0.17321905928836942
44376,0.0406125464479127,0.4826540997147707,0.0406125464479127
44377,0.007300936855678311,0.03663725527633163,0.007300936855678311
44378,0.8180345092858834,0.8361596625710392,0.8180345092858834
44379,0.056310265700309385,0.13105257331602735,0.056310265700309385
44380,0.32895408701516765,0.37145747310771227,0.32895408701516765
44381,0.8356477013865726,0.7318237440886655,0.8356477013865726
44382,0.060803928257796534,0.24052583043976908,0.060803928257796534
44383,0.8616751175246852,0.8438119963694435,0.8616751175246852
44384,0.08109306038039826,0.11353101896911615,0.08109306038039826
44385,0.02156401767474992,0.027533269592924927,0.02156401767474992
44386,0.4918970304530058,0.2744942030118739,0.4918970304530058
44387,0.5067286526354458,0.46401879057508966,0.5067286526354458
44388,0.017248533898733643,0.21313293354074578,0.017248533898733643
44389,0.1638713176612459,0.2095886257454945,0.1638713176612459
44390,0.11465431711048665,0.2048216691036447,0.11465431711048665
44391,0.2180876248268457,0.2678777353779421,0.2180876248268457
44392,0.11222578474753696,0.2445729244260577,0.11222578474753696
44393,0.04476678119199289,0.04173944835884194,0.04476678119199289
44394,0.19941544754406804,0.3647763360003608,0.19941544754406804
44395,0.03576433645493816,0.0489560917712369,0.03576433645493816
44396,0.03526781735979587,0.04453334099806079,0.03526781735979587
44397,0.053758534674738644,0.668981224203877,0.053758534674738644
44398,0.5676626868108318,0.4701455885718863,0.5676626868108318
44399,0.1139596894581954,0.41840318303927587,0.1139596894581954
44400,0.10772210411557709,0.31403589019620964,0.10772210411557709
44401,0.2043152907498817,0.4977061607211904,0.2043152907498817
44402,0.09279304251553339,0.647164174964381,0.09279304251553339
44403,0.03169740218669541,0.102568091100157,0.03169740218669541
44404,0.49977729397332754,0.6184507024321756,0.49977729397332754
44405,0.09181722933073208,0.3096209183146031,0.09181722933073208
44406,0.04302470671004968,0.0601866440834682,0.04302470671004968
44407,0.08076466015646146,0.24675153919863582,0.08076466015646146
44408,0.10580322224308059,0.4595438008924861,0.10580322224308059
44409,0.1554034500025426,0.11682669684519341,0.1554034500025426
44410,0.08422335892020154,0.7404273679830635,0.08422335892020154
44411,0.11553811865440863,0.2687640395729936,0.11553811865440863
44412,0.06321526422147375,0.3956206388336892,0.06321526422147375
44413,0.5746965456300969,0.6626588413967799,0.5746965456300969
44414,0.2060082549552534,0.3453753083169612,0.2060082549552534
44415,0.09999381905366403,0.3422946879030233,0.09999381905366403
44416,0.3304039665028372,0.4149670348827314,0.3304039665028372
44417,0.141674669154847,0.5458217446398342,0.141674669154847
44418,0.12596764625350784,0.42995664541487194,0.12596764625350784
44419,0.5291555447363477,0.8722237150836809,0.5291555447363477
44420,0.013416339580787282,0.3111610098138577,0.013416339580787282
44421,0.16728207309232268,0.039374580102020926,0.16728207309232268
44422,0.11832433320313164,0.5171740399021602,0.11832433320313164
44423,0.27961318989152506,0.6990987716678668,0.27961318989152506
44424,0.3268880757926983,0.8032113273181453,0.3268880757926983
44425,0.03696144942207144,0.24104324737207658,0.03696144942207144
44426,0.20669354094963438,0.2909294594182051,0.20669354094963438
44427,0.07533624756797891,0.549463928217769,0.07533624756797891
44428,0.11280799992014279,0.714960557997714,0.11280799992014279
44429,0.3595112184645173,0.7088170018876541,0.3595112184645173
44430,0.1088582573783939,0.5150480221264369,0.1088582573783939
44431,0.41388435625612535,0.3228074498367205,0.41388435625612535
44432,0.2718308890381975,0.3638718191496119,0.2718308890381975
44433,0.09364760158813872,0.7305453575835996,0.09364760158813872
44434,0.1846005954403741,0.4264479598129929,0.1846005954403741
44435,0.10267334768604208,0.353342669717643,0.10267334768604208
44436,0.1268037458040135,0.6244286284309771,0.1268037458040135
44437,0.10436401577783963,0.24624507604470705,0.10436401577783963
44438,0.023635997511072815,0.09772717006491717,0.023635997511072815
44439,0.07308225971030141,0.09929935868541104,0.07308225971030141
44440,0.05006463313587188,0.21810649667172344,0.05006463313587188
44441,0.02899411079446993,0.17873860808878664,0.02899411079446993
44442,0.1854918273913421,0.11376463122956955,0.1854918273913421
44443,0.16363078204308223,0.3719314992559806,0.16363078204308223
44444,0.20486779488957613,0.5667812747783397,0.20486779488957613
44445,0.12017737275786006,0.4384138173668156,0.12017737275786006
44446,0.08783933137101332,0.059580966012675644,0.08783933137101332
44447,0.02721083533384659,0.38195254511105214,0.02721083533384659
44448,0.25424271500510315,0.7564894312197054,0.25424271500510315
44449,0.034766420427275464,0.2790000549506652,0.034766420427275464
44450,0.09157237134344995,0.7858785374604206,0.09157237134344995
44451,0.14013099240250043,0.346986823267863,0.14013099240250043
44452,0.08408012717974157,0.21945301954685675,0.08408012717974157
44453,0.03459927327441611,0.06241094878024065,0.03459927327441611
44454,0.35444069702253483,0.6667352767560168,0.35444069702253483
44455,0.08122283821230286,0.23582706225700473,0.08122283821230286
44456,0.017710306151654972,0.09786712810838984,0.017710306151654972
44457,0.060521723799316605,0.2012616328873887,0.060521723799316605
44458,0.16284914643877457,0.36315169700069316,0.16284914643877457
44459,0.07173057707435179,0.3677340157667762,0.07173057707435179
44460,0.043549931944214644,0.26143349110620945,0.043549931944214644
44461,0.01008588389015997,0.26344591075065227,0.01008588389015997
44462,0.023925340187343574,0.15101568171765506,0.023925340187343574
44463,0.12290695539927951,0.6971810682772192,0.12290695539927951
44464,0.9016625018131369,0.8041400487759297,0.9016625018131369
44465,0.13144171914464478,0.22925674458457365,0.13144171914464478
44466,0.10486583295669936,0.8022590044801704,0.10486583295669936
44467,0.31809349048048974,0.37393897282547883,0.31809349048048974
44468,0.06432775978802924,0.06397276167728032,0.06432775978802924
44469,0.01964810623677979,0.13291131797736047,0.01964810623677979
44470,0.14000287576556003,0.7209755499750673,0.14000287576556003
44471,0.7605380147489124,0.7491492653106419,0.7605380147489124
44472,0.07189073246623391,0.7690419753471103,0.07189073246623391
44473,0.32709907495032225,0.8769843551432425,0.32709907495032225
44474,0.0431742757003867,0.10846464177462205,0.0431742757003867
44475,0.11517989646980799,0.28617232647250096,0.11517989646980799
44476,0.04233464913716092,0.06865617894965759,0.04233464913716092
44477,0.6884641192045569,0.7889032969873117,0.6884641192045569
44478,0.05904912969152951,0.6015047868828334,0.05904912969152951
44479,0.07199957245810507,0.6853206896429538,0.07199957245810507
44480,0.03417742248500845,0.1946329261150507,0.03417742248500845
44481,0.7066621526967986,0.5925340374296171,0.7066621526967986
44482,0.6443623446388886,0.2072065044563877,0.6443623446388886
44483,0.4015236354808777,0.7377250391969304,0.4015236354808777
44484,0.05336961206196595,0.15947247591583194,0.05336961206196595
44485,0.11193784355569635,0.829895715795646,0.11193784355569635
44486,0.07923062107308208,0.6431488774527092,0.07923062107308208
44487,0.13038539707073177,0.25916253531237793,0.13038539707073177
44488,0.22321551615068833,0.47008969219334573,0.22321551615068833
44489,0.03670614401665607,0.24651368354731262,0.03670614401665607
44490,0.05836453895208404,0.4955645258529049,0.05836453895208404
44491,0.5868659025988324,0.6828210650678337,0.5868659025988324
44492,0.06000348665018757,0.3420672936328597,0.06000348665018757
44493,0.1510282417543832,0.14219412982922436,0.1510282417543832
44494,0.5340808309814528,0.9299532960959295,0.5340808309814528
44495,0.8935808182831926,0.9221966377232894,0.8935808182831926
44496,0.14113270519509757,0.16587729609383725,0.14113270519509757
44497,0.18161427168722274,0.3642329073921799,0.18161427168722274
44498,0.6998814682710095,0.8377024209975863,0.6998814682710095
44499,0.20241234099780453,0.4885285819363669,0.20241234099780453
44500,0.03895573553562075,0.10698897784167084,0.03895573553562075
44501,0.09874539332266125,0.5990318471480217,0.09874539332266125
44502,0.6860362587085445,0.7733285046367746,0.6860362587085445
44503,0.03827084955498494,0.1853014937331223,0.03827084955498494
44504,0.4658481194329978,0.7137238522735323,0.4658481194329978
44505,0.041164630127899865,0.41181916149782155,0.041164630127899865
44506,0.0921798552797884,0.5022491194742611,0.0921798552797884
44507,0.030019865814165877,0.12142472797922198,0.030019865814165877
44508,0.11242317983220472,0.3017666499307001,0.11242317983220472
44509,0.2686253530287796,0.7937680688631916,0.2686253530287796
44510,0.03761131765548889,0.65190178553746,0.03761131765548889
44511,0.05097025602163905,0.5683636492376074,0.05097025602163905
44512,0.08635689701550184,0.7103744537813712,0.08635689701550184
44513,0.1473414357868624,0.35932096459261226,0.1473414357868624
44514,0.023560574106140254,0.21799921093865327,0.023560574106140254
44515,0.0246272761060917,0.051447076880989005,0.0246272761060917
44516,0.049535205198390456,0.0618500089665093,0.049535205198390456
44517,0.23971732890854958,0.5716356387013617,0.23971732890854958
44518,0.8499010993733452,0.8895913805812861,0.8499010993733452
44519,0.2553664438636102,0.8069346514762993,0.2553664438636102
44520,0.30499964111270556,0.20588101650433316,0.30499964111270556
44521,0.060563763828694515,0.1627741822429731,0.060563763828694515
44522,0.5361234612754994,0.6893024820523259,0.5361234612754994
44523,0.03145961695158473,0.11740329796891318,0.03145961695158473
44524,0.12592954870483006,0.6980448835160138,0.12592954870483006
44525,0.043643168618732006,0.131634960802468,0.043643168618732006
44526,0.1548270915251078,0.45259318511557595,0.1548270915251078
44527,0.03561089245785336,0.6040880776870419,0.03561089245785336
44528,0.04827385090192079,0.2086633200040342,0.04827385090192079
44529,0.2850995874633291,0.7185494387733302,0.2850995874633291
44530,0.20577726331697913,0.8490748315611498,0.20577726331697913
44531,0.14110466114224035,0.7607727263938724,0.14110466114224035
44532,0.09495440862199175,0.8114828534248587,0.09495440862199175
44533,0.029741179525808802,0.012376085105681093,0.029741179525808802
44534,0.07344930384170681,0.7617225416172778,0.07344930384170681
44535,0.04632059609537991,0.5336425203991172,0.04632059609537991
44536,0.09995215445603267,0.4749489512573806,0.09995215445603267
44537,0.07621017793749998,0.27055297130913936,0.07621017793749998
44538,0.20196870690340904,0.5208729726245481,0.20196870690340904
44539,0.10462321569805057,0.6909212600752531,0.10462321569805057
44540,0.08743865076071979,0.4531671872337131,0.08743865076071979
44541,0.030743176022195628,0.05035987852994045,0.030743176022195628
44542,0.35158975883874355,0.1684471873805397,0.35158975883874355
44543,0.05407246507673507,0.032347157070901175,0.05407246507673507
44544,0.28691089871330294,0.32436295698520995,0.28691089871330294
44545,0.14296327987178398,0.2724190174063573,0.14296327987178398
44546,0.08051744758142035,0.6680599708122795,0.08051744758142035
44547,0.2564056977408356,0.1951105803752774,0.2564056977408356
44548,0.08188284949127501,0.12133506796368441,0.08188284949127501
44549,0.011037208471828189,0.3659809330980546,0.011037208471828189
44550,0.19737976982470226,0.25590158528436935,0.19737976982470226
44551,0.2907517260567448,0.5768917205670334,0.2907517260567448
44552,0.31509783793171997,0.7413345515739371,0.31509783793171997
44553,0.017662534387654666,0.0524201116226074,0.017662534387654666
44554,0.19694230791286638,0.1714948807908287,0.19694230791286638
44555,0.592723797188517,0.6394396018168857,0.592723797188517
44556,0.10466440813610475,0.10627289722671387,0.10466440813610475
44557,0.05823857366533882,0.06849400185508549,0.05823857366533882
44558,0.016004522378646063,0.10753305456177532,0.016004522378646063
44559,0.04638185790495094,0.136786804516387,0.04638185790495094
44560,0.004491331155020181,0.01614486974961558,0.004491331155020181
44561,0.02874686501194376,0.25485288720477023,0.02874686501194376
44562,0.05536881828726831,0.16440674789757817,0.05536881828726831
44563,0.07316898122448573,0.3230123013255906,0.07316898122448573
44564,0.1326377980688855,0.05998804383526013,0.1326377980688855
44565,0.10737181054145183,0.13383134689295814,0.10737181054145183
44566,0.08330268804068944,0.372722333230397,0.08330268804068944
44567,0.4058558440988365,0.3694297533267084,0.4058558440988365
44568,0.11792574952735925,0.22903693033181732,0.11792574952735925
44569,0.07043545595688344,0.06894850318281635,0.07043545595688344
44570,0.09833651582779182,0.20981362687357036,0.09833651582779182
44571,0.11595010571148007,0.3175947867074321,0.11595010571148007
44572,0.05808173360702057,0.06422026032726205,0.05808173360702057
44573,0.2347084894245259,0.17543738158513814,0.2347084894245259
44574,0.05422263518479998,0.18531127282636864,0.05422263518479998
44575,0.0866210748294064,0.7823694950091264,0.0866210748294064
44576,0.009431631696171588,0.028838233235993178,0.009431631696171588
44577,0.09683368726629789,0.2141925741793978,0.09683368726629789
44578,0.8897933872871452,0.9394416160474856,0.8897933872871452
44579,0.027696848344434827,0.11726188720056925,0.027696848344434827
44580,0.07302008277349971,0.6360470013163131,0.07302008277349971
44581,0.02881704030838788,0.565273465521296,0.02881704030838788
44582,0.4364404200990705,0.6469572448606395,0.4364404200990705
44583,0.09868492969180645,0.24579125551035322,0.09868492969180645
44584,0.13881275280503408,0.4088705581494468,0.13881275280503408
44585,0.10835773566220572,0.46868332920285294,0.10835773566220572
44586,0.4504734297342,0.3703283413038478,0.4504734297342
44587,0.1317698295964383,0.8360715852520685,0.1317698295964383
44588,0.10742421799977736,0.16242004111198252,0.10742421799977736
44589,0.07456634893820616,0.37142863523624337,0.07456634893820616
44590,0.10379067255495515,0.2522218681853824,0.10379067255495515
44591,0.06341473851954377,0.30411771574748686,0.06341473851954377
44592,0.05078022116663817,0.16937862414414764,0.05078022116663817
44593,0.06790775038452565,0.04084868541517389,0.06790775038452565
44594,0.04949662561742855,0.6171508617300695,0.04949662561742855
44595,0.18009705080936095,0.8093963384110752,0.18009705080936095
44596,0.1514799691873551,0.3473112676551173,0.1514799691873551
44597,0.12283951938060243,0.17888035000646796,0.12283951938060243
44598,0.5781643485458677,0.3743700607770068,0.5781643485458677
44599,0.1529912586465402,0.34146031956240813,0.1529912586465402
44600,0.12260186489121502,0.456416898512331,0.12260186489121502
44601,0.019611705077953828,0.09079217929248566,0.019611705077953828
44602,0.038756963216843236,0.7802396103169047,0.038756963216843236
44603,0.10923526199996551,0.12356078063052695,0.10923526199996551
44604,0.06638536059501807,0.3458124738217732,0.06638536059501807
44605,0.4917332851766181,0.8136552241719172,0.4917332851766181
44606,0.028131579638565597,0.13064018994699877,0.028131579638565597
44607,0.15229633533509968,0.5267234491262263,0.15229633533509968
44608,0.12342133542020338,0.17614617094470184,0.12342133542020338
44609,0.09896567334057901,0.44522184162278294,0.09896567334057901
44610,0.029429942946476193,0.08088980675892823,0.029429942946476193
44611,0.005762699651468692,0.003233479940682716,0.005762699651468692
44612,0.044696657534174934,0.08318658571319834,0.044696657534174934
44613,0.1211217713154931,0.2264580272571539,0.1211217713154931
44614,0.0755278619095711,0.39720404135811116,0.0755278619095711
44615,0.06874538913844615,0.05965901222409675,0.06874538913844615
44616,0.05823187566669068,0.7767494402529869,0.05823187566669068
44617,0.02474455286862705,0.24503864770646894,0.02474455286862705
44618,0.383725240924568,0.44934647473803535,0.383725240924568
44619,0.07529496392817954,0.6308742421289316,0.07529496392817954
44620,0.026913875667030764,0.060870500283948026,0.026913875667030764
44621,0.1567981851781207,0.3560520577414245,0.1567981851781207
44622,0.12476274049380899,0.6090413812726885,0.12476274049380899
44623,0.19538813934288257,0.7749211507324673,0.19538813934288257
44624,0.5385360841538981,0.4452414296251578,0.5385360841538981
44625,0.06129328924792221,0.2563796870652261,0.06129328924792221
44626,0.33131144185381634,0.8616049034346072,0.33131144185381634
44627,0.18537223252646462,0.43830991007787085,0.18537223252646462
44628,0.19932673072170312,0.177963819997367,0.19932673072170312
44629,0.01801357903989289,0.07763796583233915,0.01801357903989289
44630,0.012013842151835943,0.2153074532722094,0.012013842151835943
44631,0.1953711526897007,0.7932132985949181,0.1953711526897007
44632,0.6196385753677299,0.5313715572750404,0.6196385753677299
44633,0.6783334109955327,0.9447308701515913,0.6783334109955327
44634,0.024569124074556456,0.17557083965451734,0.024569124074556456
44635,0.8202303377811816,0.8459152240973966,0.8202303377811816
44636,0.31850877496932245,0.5679039576658439,0.31850877496932245
44637,0.5480716939198688,0.7157608340821181,0.5480716939198688
44638,0.030441555269545173,0.3000501383680391,0.030441555269545173
44639,0.7179418786299944,0.5844046224879006,0.7179418786299944
44640,0.04775725369022372,0.09985625385516785,0.04775725369022372
44641,0.6615054938371809,0.4329423803151722,0.6615054938371809
44642,0.03266964515284238,0.07678519508661884,0.03266964515284238
44643,0.01972973519361408,0.036871390686509235,0.01972973519361408
44644,0.07248145660954555,0.35865140283028135,0.07248145660954555
44645,0.14960516973352245,0.6795006390121657,0.14960516973352245
44646,0.028991699372260097,0.16196109350328752,0.028991699372260097
44647,0.10661465488802423,0.38565411206636924,0.10661465488802423
44648,0.012868109529503813,0.14897499649790164,0.012868109529503813
44649,0.01673075203322451,0.11425768993849973,0.01673075203322451
44650,0.13038457470861062,0.889395657487123,0.13038457470861062
44651,0.18700904725819195,0.7427822752277821,0.18700904725819195
44652,0.6022295834265643,0.8750869477083073,0.6022295834265643
44653,0.19434827101577004,0.6825609195555105,0.19434827101577004
44654,0.0684177787241991,0.752184919795654,0.0684177787241991
44655,0.4924786490143074,0.3331188927237683,0.4924786490143074
44656,0.186846962877424,0.7956299869766184,0.186846962877424
44657,0.1992973825916769,0.51684813359148,0.1992973825916769
44658,0.015029595631671997,0.1623684589926996,0.015029595631671997
44659,0.2697737483212857,0.196351184820548,0.2697737483212857
44660,0.04082177897181046,0.25051967648776996,0.04082177897181046
44661,0.07760318103998402,0.3726161767566456,0.07760318103998402
44662,0.02430353249700681,0.21792656567369498,0.02430353249700681
44663,0.032840952177513684,0.12039407616405912,0.032840952177513684
44664,0.16350673867047005,0.5185672913302984,0.16350673867047005
44665,0.06151464451354614,0.11582682455085706,0.06151464451354614
44666,0.04233926942512963,0.2988049131970772,0.04233926942512963
44667,0.02909076944461702,0.5501472830839107,0.02909076944461702
44668,0.06976720992268622,0.0874576272538641,0.06976720992268622
44669,0.02478051873665364,0.07929824525919994,0.02478051873665364
44670,0.31776543489518827,0.4158676451909518,0.31776543489518827
44671,0.26429835836646143,0.6780226851780262,0.26429835836646143
44672,0.19464619489089968,0.6563944322692474,0.19464619489089968
44673,0.19986797509433157,0.8613905201551595,0.19986797509433157
44674,0.034842401677504485,0.530303810364767,0.034842401677504485
44675,0.04575311022589171,0.2868760806112698,0.04575311022589171
44676,0.13008173401522083,0.30310486034292594,0.13008173401522083
44677,0.4847455555126076,0.593542174796453,0.4847455555126076
44678,0.05355101992220623,0.23259022346613306,0.05355101992220623
44679,0.051111644578543156,0.6684492458159342,0.051111644578543156
44680,0.725794431620105,0.8600615552321814,0.725794431620105
44681,0.0993617932882766,0.3755173143641508,0.0993617932882766
44682,0.2009465213806253,0.07738338801280777,0.2009465213806253
44683,0.08369216493289088,0.19321572813332982,0.08369216493289088
44684,0.9068261488304309,0.9128685141435047,0.9068261488304309
44685,0.3687592964611415,0.366320437648064,0.3687592964611415
44686,0.18592590974462148,0.7570908377480869,0.18592590974462148
44687,0.1365127005853471,0.0327192694008728,0.1365127005853471
44688,0.0716759633950534,0.14363031045707983,0.0716759633950534
44689,0.04732892432488042,0.04789622795041543,0.04732892432488042
44690,0.17933265847347488,0.4584416992026504,0.17933265847347488
44691,0.19325070268724906,0.4204617110600867,0.19325070268724906
44692,0.043981296770436266,0.4585367455977577,0.043981296770436266
44693,0.6065194126939593,0.8598697796758704,0.6065194126939593
44694,0.1916851189499941,0.8376432970005189,0.1916851189499941
44695,0.13012067568420868,0.25119605763496694,0.13012067568420868
44696,0.15972440651885877,0.5300369254700994,0.15972440651885877
44697,0.039468813557622356,0.05872857439934872,0.039468813557622356
44698,0.13851619972784926,0.8687727639755505,0.13851619972784926
44699,0.8757898216106036,0.7267426036982211,0.8757898216106036
44700,0.057187426947587265,0.16935533533794123,0.057187426947587265
44701,0.08822088781422054,0.39132443575062825,0.08822088781422054
44702,0.06860011596202689,0.2968169760995699,0.06860011596202689
44703,0.04470252182225288,0.43398336547562316,0.04470252182225288
44704,0.09619714007626651,0.28822559902611966,0.09619714007626651
44705,0.8465114523465979,0.9039089524909888,0.8465114523465979
44706,0.03566562120985999,0.13134138769758305,0.03566562120985999
44707,0.4003015071036825,0.44993111274240094,0.4003015071036825
44708,0.055720730157621697,0.29029671904544546,0.055720730157621697
44709,0.052266023380224076,0.19242678295786284,0.052266023380224076
44710,0.0310961087267312,0.18580640684230693,0.0310961087267312
44711,0.07992882031365017,0.08170049335403944,0.07992882031365017
44712,0.34404278767730995,0.8117110065815296,0.34404278767730995
44713,0.10629627980181774,0.8212652429220353,0.10629627980181774
44714,0.02559949850134921,0.23411358149173006,0.02559949850134921
44715,0.14691299974080857,0.2305187541598667,0.14691299974080857
44716,0.03300747715983905,0.8183625359160926,0.03300747715983905
44717,0.03189138404579442,0.4827623726228505,0.03189138404579442
44718,0.09036562426514334,0.10103747531712236,0.09036562426514334
44719,0.07580056057656887,0.13042173325021988,0.07580056057656887
44720,0.5250603643207854,0.498790261691059,0.5250603643207854
44721,0.026764084596823785,0.30680997653719677,0.026764084596823785
44722,0.1263194236588182,0.8664852131917021,0.1263194236588182
44723,0.05358833986913213,0.1876895421326824,0.05358833986913213
44724,0.5686188111405295,0.5151311460382885,0.5686188111405295
44725,0.27310601681140406,0.4855314369272858,0.27310601681140406
44726,0.2823769640658875,0.8009974002398332,0.2823769640658875
44727,0.11300247755010218,0.3850281726637791,0.11300247755010218
44728,0.07768852159303302,0.8750624272058725,0.07768852159303302
44729,0.22647267396993587,0.9012949918437794,0.22647267396993587
44730,0.058415118761362364,0.04462261885955627,0.058415118761362364
44731,0.1078065339885258,0.2700946179490625,0.1078065339885258
44732,0.035742903949043274,0.3093169801168336,0.035742903949043274
44733,0.13557696982061063,0.18234836888431882,0.13557696982061063
44734,0.04458667739544421,0.31202034389575223,0.04458667739544421
44735,0.7919919407953661,0.6878339923021071,0.7919919407953661
44736,0.028647542617412418,0.40001526982779667,0.028647542617412418
44737,0.2702038646879987,0.924152814460304,0.2702038646879987
44738,0.02293853649085022,0.018970360680952116,0.02293853649085022
44739,0.12842784073566124,0.6842454098540811,0.12842784073566124
44740,0.13375603437412764,0.8175392647489175,0.13375603437412764
44741,0.06109971291985426,0.4462446852926926,0.06109971291985426
44742,0.14797737731896293,0.8722007753786104,0.14797737731896293
44743,0.09253008717622865,0.4393308895120448,0.09253008717622865
44744,0.11548122697259589,0.08492801752008995,0.11548122697259589
44745,0.4132845890362266,0.8512015972551475,0.4132845890362266
44746,0.018545224273999822,0.36499746782573983,0.018545224273999822
44747,0.7974388958744112,0.6696089533809663,0.7974388958744112
44748,0.0765313380386876,0.3304015629423031,0.0765313380386876
44749,0.01722462477604793,0.2804619633159504,0.01722462477604793
44750,0.07788988988841067,0.029286120445045433,0.07788988988841067
44751,0.11441241030311265,0.8262752884754604,0.11441241030311265
44752,0.2517665229799759,0.9321182347023638,0.2517665229799759
44753,0.02317890480871939,0.0304045330643926,0.02317890480871939
44754,0.7238521182923295,0.1422227782108422,0.7238521182923295
44755,0.07850985269358784,0.18129344842605558,0.07850985269358784
44756,0.23055551538843508,0.4375298151658263,0.23055551538843508
44757,0.09247328646608462,0.06539328747125497,0.09247328646608462
44758,0.17619134458321478,0.11755349946717764,0.17619134458321478
44759,0.829335111407162,0.8771530987612676,0.829335111407162
44760,0.025450080441002828,0.371742166636362,0.025450080441002828
44761,0.05671384251539426,0.5842026991383615,0.05671384251539426
44762,0.07945927948422911,0.6714397852969076,0.07945927948422911
44763,0.11618506459438571,0.39391187572832204,0.11618506459438571
44764,0.014133858910379285,0.10079396394979453,0.014133858910379285
44765,0.10808759058872734,0.3978618145664522,0.10808759058872734
44766,0.41199503691327055,0.6419210531368023,0.41199503691327055
44767,0.273964350559102,0.351802829973232,0.273964350559102
44768,0.1610923945799516,0.47374492342887026,0.1610923945799516
44769,0.5184492004664137,0.7171063821573999,0.5184492004664137
44770,0.035621868669131716,0.29936346262585,0.035621868669131716
44771,0.05390940643376998,0.1869667719821848,0.05390940643376998
44772,0.13143159871060434,0.2909499225028728,0.13143159871060434
44773,0.45957502898738556,0.28006447575632915,0.45957502898738556
44774,0.13383776287643703,0.7706114866341375,0.13383776287643703
44775,0.6223633140119664,0.5223566090511234,0.6223633140119664
44776,0.21034325590646807,0.5222929152284145,0.21034325590646807
44777,0.22539836082217268,0.5750045402627857,0.22539836082217268
44778,0.059880423240940235,0.5396450166126633,0.059880423240940235
44779,0.050911874770746865,0.14468273989451147,0.050911874770746865
44780,0.19718683969974984,0.33538177345640624,0.19718683969974984
44781,0.5845615114847895,0.6149159706379542,0.5845615114847895
44782,0.05417405079719079,0.06162634130282159,0.05417405079719079
44783,0.05583778698797873,0.30134485580662473,0.05583778698797873
44784,0.016607005843648392,0.046210147103647764,0.016607005843648392
44785,0.2560398615126599,0.07261928389260813,0.2560398615126599
44786,0.44375648230606657,0.3067930291532065,0.44375648230606657
44787,0.07958586123605796,0.4171604844646044,0.07958586123605796
44788,0.07402394558217258,0.2058174464540524,0.07402394558217258
44789,0.3711531298686858,0.6255966545395878,0.3711531298686858
44790,0.06964691228195737,0.833992466631749,0.06964691228195737
44791,0.5356734307784686,0.42889336951137264,0.5356734307784686
44792,0.0388949573883235,0.130414578491846,0.0388949573883235
44793,0.06294087939202613,0.4340747423426086,0.06294087939202613
44794,0.14051661011712757,0.21819491026229695,0.14051661011712757
44795,0.0822009495038875,0.19161346596736079,0.0822009495038875
44796,0.306732885014251,0.8003684896129436,0.306732885014251
44797,0.20928128123463116,0.5493454312008046,0.20928128123463116
44798,0.22615216299629604,0.6315105937688497,0.22615216299629604
44799,0.5965789320469541,0.6042780912989854,0.5965789320469541
44800,0.1108419980425371,0.9569787265633897,0.1108419980425371
44801,0.017874565326791495,0.17018787106983058,0.017874565326791495
44802,0.2945964154237076,0.47999932639059606,0.2945964154237076
44803,0.06800573671106858,0.5482844222696246,0.06800573671106858
44804,0.08599755777092877,0.3309243426919448,0.08599755777092877
44805,0.07754375602846444,0.14297912925625936,0.07754375602846444
44806,0.07061985130347823,0.8668526353980561,0.07061985130347823
44807,0.058172711666482045,0.830370071902544,0.058172711666482045
44808,0.1694992302885838,0.051449878074072586,0.1694992302885838
44809,0.05526202297973611,0.1740793893167857,0.05526202297973611
44810,0.08008749967300377,0.4916450252228538,0.08008749967300377
44811,0.20704980327661784,0.47179988615260027,0.20704980327661784
44812,0.3107194823609011,0.13096134851902716,0.3107194823609011
44813,0.7332245991296574,0.9023721079965592,0.7332245991296574
44814,0.04381941205598814,0.5771010935913066,0.04381941205598814
44815,0.04305674672382929,0.1477094726078052,0.04305674672382929
44816,0.3010659134818887,0.8311138016624678,0.3010659134818887
44817,0.5707996052923174,0.6807964127155393,0.5707996052923174
44818,0.5941424918858959,0.7936123648725563,0.5941424918858959
44819,0.04058603135871181,0.6011073513591881,0.04058603135871181
44820,0.40536131966250843,0.2962006070510655,0.40536131966250843
44821,0.2919274785581484,0.4671975790786969,0.2919274785581484
44822,0.05803915699712374,0.4753743431195269,0.05803915699712374
44823,0.049209515056030925,0.3898210555105371,0.049209515056030925
44824,0.057826265840274185,0.8290117840313642,0.057826265840274185
44825,0.5128613683509887,0.7204434228542407,0.5128613683509887
44826,0.26845696637797234,0.5969674470258449,0.26845696637797234
44827,0.04876793970065934,0.14156169811857275,0.04876793970065934
44828,0.1054230270433678,0.8395595425617581,0.1054230270433678
44829,0.016139628815553912,0.03481740743331557,0.016139628815553912
44830,0.11897976997164546,0.8275729443914467,0.11897976997164546
44831,0.03441087980625583,0.08216563002510235,0.03441087980625583
44832,0.2054664315560455,0.3191711872865311,0.2054664315560455
44833,0.4214330552059761,0.2961257183283789,0.4214330552059761
44834,0.06964671212795945,0.3887249100248045,0.06964671212795945
44835,0.048880688304027246,0.17639730830473427,0.048880688304027246
44836,0.047364459216663705,0.8046266694575269,0.047364459216663705
44837,0.025903420238418788,0.8220755765665124,0.025903420238418788
44838,0.03800931574281503,0.14395185932943463,0.03800931574281503
44839,0.12577586846707328,0.18082870105788432,0.12577586846707328
44840,0.07589190771416283,0.36640505757440045,0.07589190771416283
44841,0.1437132040815163,0.4825602699161515,0.1437132040815163
44842,0.1634930869665399,0.24468980594441458,0.1634930869665399
44843,0.0925172213578908,0.24793841194693614,0.0925172213578908
44844,0.051325653104867905,0.36899886090763234,0.051325653104867905
44845,0.7580848403172983,0.9495569518314411,0.7580848403172983
44846,0.033382300312814715,0.29348508891806563,0.033382300312814715
44847,0.11831355566445119,0.11723400693407413,0.11831355566445119
44848,0.2827049853962333,0.2460443306830445,0.2827049853962333
44849,0.07543203371348753,0.45286465620290167,0.07543203371348753
44850,0.055706593523776333,0.03173912478637906,0.055706593523776333
44851,0.009263903643129507,0.5980521252877502,0.009263903643129507
44852,0.09887846256854459,0.3615240980076936,0.09887846256854459
44853,0.12743787308784021,0.2768455352784689,0.12743787308784021
44854,0.07988929154424183,0.13913803018916845,0.07988929154424183
44855,0.03896643857578942,0.0807602694603234,0.03896643857578942
44856,0.11917504349966473,0.2168844058571419,0.11917504349966473
44857,0.22117248148383883,0.6987338000997342,0.22117248148383883
44858,0.03253310766583415,0.06936510255761331,0.03253310766583415
44859,0.19509171877240533,0.29934594699338773,0.19509171877240533
44860,0.016199221490690332,0.5140220406064401,0.016199221490690332
44861,0.08310928731299799,0.06198408642378064,0.08310928731299799
44862,0.04214356686001488,0.027982389385222337,0.04214356686001488
44863,0.39178399881032344,0.6776365721323256,0.39178399881032344
44864,0.0775489569937486,0.09444236343999736,0.0775489569937486
44865,0.048477654355920635,0.12432363883920326,0.048477654355920635
44866,0.025935069049032422,0.1111694902767617,0.025935069049032422
44867,0.4026677901407268,0.4125294500383153,0.4026677901407268
44868,0.1279594054287216,0.02074384626786552,0.1279594054287216
44869,0.20153257032058486,0.3256704967978613,0.20153257032058486
44870,0.0976383545100719,0.45329447218791136,0.0976383545100719
44871,0.21746665265034398,0.2656284396753123,0.21746665265034398
44872,0.030877759695990548,0.12693203367079808,0.030877759695990548
44873,0.1288560396449184,0.27379091218269863,0.1288560396449184
44874,0.0778026038390555,0.3396364199277828,0.0778026038390555
44875,0.039019486806162344,0.4022884818207463,0.039019486806162344
44876,0.006031334073996651,0.032557205391112565,0.006031334073996651
44877,0.09250842298766716,0.6568676823734355,0.09250842298766716
44878,0.4782120397681749,0.8150339038237648,0.4782120397681749
44879,0.17220418995968026,0.7653590720732927,0.17220418995968026
44880,0.014785267662186845,0.07788423303102189,0.014785267662186845
44881,0.10992440629824345,0.08467531125875757,0.10992440629824345
44882,0.15213656246338603,0.455604136359228,0.15213656246338603
44883,0.49798011297455097,0.4794464276571945,0.49798011297455097
44884,0.18112296920734883,0.6531413456611974,0.18112296920734883
44885,0.01803182588158781,0.1834376818370987,0.01803182588158781
44886,0.07517523990174156,0.3607008609922205,0.07517523990174156
44887,0.08403678987975921,0.4723006390085684,0.08403678987975921
44888,0.21027000601984353,0.015069426002961487,0.21027000601984353
44889,0.092296031131669,0.23904797848610115,0.092296031131669
44890,0.2677178195022019,0.45552133433316944,0.2677178195022019
44891,0.09588950313722944,0.29081359149618147,0.09588950313722944
44892,0.7212260260829134,0.8732968516963774,0.7212260260829134
44893,0.11371646128965181,0.5163871728837554,0.11371646128965181
44894,0.05211066833047185,0.13923123230387743,0.05211066833047185
44895,0.3797513918282717,0.35219871298946814,0.3797513918282717
44896,0.1695056188587443,0.6459164842685309,0.1695056188587443
44897,0.046042155320515664,0.22436608754958343,0.046042155320515664
44898,0.05577491539590853,0.28713412065540467,0.05577491539590853
44899,0.24412280655321722,0.8049978282627407,0.24412280655321722
44900,0.28688347558111077,0.6228676741855961,0.28688347558111077
44901,0.04512211709998003,0.017298528737963406,0.04512211709998003
44902,0.15457445844052076,0.4560499956454425,0.15457445844052076
44903,0.1370719473626687,0.10549924158714764,0.1370719473626687
44904,0.14233187891804927,0.34031495335479395,0.14233187891804927
44905,0.16353565854161248,0.43318463270308744,0.16353565854161248
44906,0.033531353093968215,0.10464831183784261,0.033531353093968215
44907,0.907371560076664,0.9513638645455478,0.907371560076664
44908,0.04299258146637373,0.3875776978673113,0.04299258146637373
44909,0.04505217935673978,0.08233335660493223,0.04505217935673978
44910,0.05426744085744528,0.2660477764225191,0.05426744085744528
44911,0.2141197413394275,0.35405257625292536,0.2141197413394275
44912,0.4252987617700343,0.8067470353763182,0.4252987617700343
44913,0.03615709160120256,0.15712602047756796,0.03615709160120256
44914,0.09566582919143798,0.9229604311405412,0.09566582919143798
44915,0.18571867151725144,0.771138550103741,0.18571867151725144
44916,0.10038842014653297,0.32529386026195317,0.10038842014653297
44917,0.028619390465565542,0.042738143664039004,0.028619390465565542
44918,0.026199764667337273,0.13751528072064725,0.026199764667337273
44919,0.04081788849040748,0.4555683481573824,0.04081788849040748
44920,0.5105501400111304,0.5136518423190536,0.5105501400111304
44921,0.0436811210862044,0.6819242072895977,0.0436811210862044
44922,0.09888735876657816,0.42512828627753646,0.09888735876657816
44923,0.06589507991445498,0.3991493223567549,0.06589507991445498
44924,0.03072039527355592,0.18078530800478237,0.03072039527355592
44925,0.06460405177279203,0.8303098801037267,0.06460405177279203
44926,0.16046458310009143,0.7106149788184648,0.16046458310009143
44927,0.5693303893206236,0.7231508215498088,0.5693303893206236
44928,0.05466325933977752,0.18218575272735826,0.05466325933977752
44929,0.05164653148322092,0.05946500639949616,0.05164653148322092
44930,0.08544762968565886,0.5508158048966709,0.08544762968565886
44931,0.7378692591421148,0.7944999797487025,0.7378692591421148
44932,0.14961008910867069,0.425579762648635,0.14961008910867069
44933,0.06097182146010676,0.7533069186092622,0.06097182146010676
44934,0.118523540557739,0.8907281451565947,0.118523540557739
44935,0.5267685768288833,0.425361360063126,0.5267685768288833
44936,0.6438140351236524,0.805089223148297,0.6438140351236524
44937,0.055434505384448864,0.10874963960475034,0.055434505384448864
44938,0.024445159129263126,0.29871308702273797,0.024445159129263126
44939,0.3943446008869013,0.21280034252100571,0.3943446008869013
44940,0.11958210791160312,0.5185232744965504,0.11958210791160312
44941,0.09675297091132289,0.3206401221138135,0.09675297091132289
44942,0.15595673369039345,0.22106141734438628,0.15595673369039345
44943,0.5996606563156001,0.6764542035536459,0.5996606563156001
44944,0.04703198504869777,0.459143323899707,0.04703198504869777
44945,0.040355496753043216,0.40391541736015973,0.040355496753043216
44946,0.4077019317640492,0.8616992358913463,0.4077019317640492
44947,0.0296212188843532,0.20066936323117057,0.0296212188843532
44948,0.10264396278855761,0.48961431134448674,0.10264396278855761
44949,0.021259710730199936,0.1346770765894532,0.021259710730199936
44950,0.04394217321202735,0.12919452341837215,0.04394217321202735
44951,0.5144239321639944,0.7707600395304256,0.5144239321639944
44952,0.0944163126243083,0.20868671050117535,0.0944163126243083
44953,0.19555958645176344,0.4961124156423818,0.19555958645176344
44954,0.5373945742274555,0.6929561755922669,0.5373945742274555
44955,0.22238580754279563,0.21167844713435943,0.22238580754279563
44956,0.5152981981139666,0.9047744275514142,0.5152981981139666
44957,0.1534349253846392,0.8442309514193899,0.1534349253846392
44958,0.18271928944289212,0.5639676875938111,0.18271928944289212
44959,0.14066004540262295,0.24409714413140887,0.14066004540262295
44960,0.1388528371546144,0.4485607798910396,0.1388528371546144
44961,0.2551594617780086,0.1608122843183143,0.2551594617780086
44962,0.4831613875550219,0.719732306500213,0.4831613875550219
44963,0.2253390290706501,0.651280600622668,0.2253390290706501
44964,0.05257035661576702,0.09416313364553777,0.05257035661576702
44965,0.03602747287892154,0.25813464491036686,0.03602747287892154
44966,0.5300956483571133,0.06316199311665752,0.5300956483571133
44967,0.05564612330525509,0.23032622734510774,0.05564612330525509
44968,0.18646889233126887,0.6979429398724858,0.18646889233126887
44969,0.02949701983900756,0.09780069258865645,0.02949701983900756
44970,0.08784616060726332,0.11999194188021882,0.08784616060726332
44971,0.06602355827497472,0.07886882822883358,0.06602355827497472
44972,0.08458408521662969,0.2981372522847743,0.08458408521662969
44973,0.6259103646602799,0.7209618142601196,0.6259103646602799
44974,0.03229311851280961,0.18956914029701705,0.03229311851280961
44975,0.1369427750813722,0.388214598744046,0.1369427750813722
44976,0.12085050604609777,0.20550839519677866,0.12085050604609777
44977,0.09890135806640361,0.20191499677759683,0.09890135806640361
44978,0.027891565834892267,0.16048857610995565,0.027891565834892267
44979,0.2981778426900255,0.08917170468127544,0.2981778426900255
44980,0.11084434313541239,0.13623106470569338,0.11084434313541239
44981,0.8199704344274625,0.759496769275511,0.8199704344274625
44982,0.3500359867318358,0.29099375589349175,0.3500359867318358
44983,0.5909324928790571,0.6084961806882381,0.5909324928790571
44984,0.1425983958359152,0.6692842228505533,0.1425983958359152
44985,0.3788410632206498,0.2075485649343387,0.3788410632206498
44986,0.06513807566175508,0.552332374563526,0.06513807566175508
44987,0.07161426810018927,0.34601235564658667,0.07161426810018927
44988,0.4720223420904478,0.8155544257079073,0.4720223420904478
44989,0.08189724706597167,0.2828151824245296,0.08189724706597167
44990,0.027777209487219297,0.16001803935569045,0.027777209487219297
44991,0.8292700236361895,0.8514877888353672,0.8292700236361895
44992,0.49889826436280504,0.6433844182777432,0.49889826436280504
44993,0.04137920023762384,0.6920763696768107,0.04137920023762384
44994,0.11974755579395817,0.3196016267203521,0.11974755579395817
44995,0.12796349682046176,0.23279531177836452,0.12796349682046176
44996,0.5151751930077038,0.8665820655590392,0.5151751930077038
44997,0.07269263748367587,0.06966473160611311,0.07269263748367587
44998,0.21710367605269262,0.881567078867207,0.21710367605269262
44999,0.15518681581377758,0.14925245464640932,0.15518681581377758
45000,0.12434709474334288,0.8363218894293204,0.12434709474334288
45001,0.05349726318176136,0.21758262913958598,0.05349726318176136
45002,0.03841321759868229,0.8570407928268783,0.03841321759868229
45003,0.03807738270977166,0.36780258023618106,0.03807738270977166
45004,0.1435824434920541,0.28958698155167983,0.1435824434920541
45005,0.013067306926189346,0.09101119840291345,0.013067306926189346
45006,0.02123993264148929,0.04947654453756122,0.02123993264148929
45007,0.05472284368608656,0.39810595891563755,0.05472284368608656
45008,0.6902444714965988,0.643850135602021,0.6902444714965988
45009,0.053426504184976444,0.1188799692415583,0.053426504184976444
45010,0.33947541221842514,0.9550876343043496,0.33947541221842514
45011,0.22759155817405016,0.4962750592148733,0.22759155817405016
45012,0.08227869617864782,0.23462308392803466,0.08227869617864782
45013,0.7212279528339611,0.8284292671156284,0.7212279528339611
45014,0.8733605543742121,0.9182472312727981,0.8733605543742121
45015,0.046731296719020966,0.2815535867695965,0.046731296719020966
45016,0.29165599467442116,0.4215169202738252,0.29165599467442116
45017,0.7604991358835848,0.4060145745553493,0.7604991358835848
45018,0.09888732566440094,0.15798961449864504,0.09888732566440094
45019,0.05111064049107107,0.3168155162786321,0.05111064049107107
45020,0.6747468353471374,0.7905207649307662,0.6747468353471374
45021,0.058517626493189,0.2172676707325969,0.058517626493189
45022,0.07859424650982415,0.38234933030174434,0.07859424650982415
45023,0.10506088447802638,0.4534100120010233,0.10506088447802638
45024,0.23925954453871778,0.7290540412567265,0.23925954453871778
45025,0.069969838203392,0.08172852044565616,0.069969838203392
45026,0.08388414792686096,0.7323084803646003,0.08388414792686096
45027,0.6328333847305289,0.47110277109018683,0.6328333847305289
45028,0.05532251073919049,0.0750956134649345,0.05532251073919049
45029,0.11773121224570332,0.7668890201787097,0.11773121224570332
45030,0.031093477678117334,0.025327234771066638,0.031093477678117334
45031,0.5898429972259776,0.7094984323579587,0.5898429972259776
45032,0.21191635096290157,0.22382962715208965,0.21191635096290157
45033,0.03626549006500475,0.02995675133371684,0.03626549006500475
45034,0.16791794226579776,0.6913078613159732,0.16791794226579776
45035,0.11648055964499086,0.201036537561799,0.11648055964499086
45036,0.05195642793091673,0.3981221903790973,0.05195642793091673
45037,0.21001723455043783,0.1030201876664756,0.21001723455043783
45038,0.032367043540105646,0.49672767179020194,0.032367043540105646
45039,0.05964589683276254,0.22276579533822102,0.05964589683276254
45040,0.12743831959174687,0.5165810909674922,0.12743831959174687
45041,0.08717043465876281,0.8770795698772494,0.08717043465876281
45042,0.08196468221437811,0.5986580421306111,0.08196468221437811
45043,0.2941780484894881,0.6422410524031922,0.2941780484894881
45044,0.07935307922912666,0.30286773296074343,0.07935307922912666
45045,0.027701628923674046,0.2880202468345852,0.027701628923674046
45046,0.19548698103685097,0.6256239160515628,0.19548698103685097
45047,0.3396930843267703,0.4482643686122836,0.3396930843267703
45048,0.18908092607742125,0.2726174105244219,0.18908092607742125
45049,0.22618176076233742,0.36211437018129816,0.22618176076233742
45050,0.0377232296172783,0.2233179648907635,0.0377232296172783
45051,0.19922298915109393,0.18991904300784676,0.19922298915109393
45052,0.2650956261652134,0.5503495345536255,0.2650956261652134
45053,0.3642012589558031,0.4767439568660965,0.3642012589558031
45054,0.07534549619857345,0.6923304794504689,0.07534549619857345
45055,0.06994251853203372,0.22635719943934493,0.06994251853203372
45056,0.4129155599130241,0.6500555875211158,0.4129155599130241
45057,0.5360416436819434,0.4465124240286461,0.5360416436819434
45058,0.6296908367978196,0.6403098907516268,0.6296908367978196
45059,0.06993055234736015,0.1365300987542835,0.06993055234736015
45060,0.46156798666070037,0.8764565059783728,0.46156798666070037
45061,0.4017107728831285,0.6699480069382023,0.4017107728831285
45062,0.2162506629682196,0.5049478458024923,0.2162506629682196
45063,0.26732038495026805,0.554726813297858,0.26732038495026805
45064,0.02670786636066681,0.05998230266415751,0.02670786636066681
45065,0.06778909362383322,0.06962660822102527,0.06778909362383322
45066,0.029952203649180123,0.2740775468490214,0.029952203649180123
45067,0.18208869355663956,0.08431212959938078,0.18208869355663956
45068,0.042521400040337026,0.4096373533256623,0.042521400040337026
45069,0.10709711848828314,0.22470166634110555,0.10709711848828314
45070,0.3799071505640458,0.20004090356504636,0.3799071505640458
45071,0.5693955774981773,0.7485598721349923,0.5693955774981773
45072,0.45883647705239483,0.8011361959328566,0.45883647705239483
45073,0.020521089406230646,0.49870611647500546,0.020521089406230646
45074,0.009544354918010624,0.23157823861942725,0.009544354918010624
45075,0.03055800623762514,0.14788212562156977,0.03055800623762514
45076,0.8790009689395549,0.9490844043157495,0.8790009689395549
45077,0.09645644658859924,0.281785524516144,0.09645644658859924
45078,0.04765192660332596,0.007872825548139313,0.04765192660332596
45079,0.06573558855709798,0.17025802957678746,0.06573558855709798
45080,0.059628510779581825,0.04024687111295763,0.059628510779581825
45081,0.10751965132409792,0.40687031028403564,0.10751965132409792
45082,0.11523168533036973,0.758952626688466,0.11523168533036973
45083,0.28603312671782677,0.3117052940653397,0.28603312671782677
45084,0.049394843751414216,0.7839332244450414,0.049394843751414216
45085,0.3427389672731162,0.07853229915985749,0.3427389672731162
45086,0.06268436261311039,0.22276318508445037,0.06268436261311039
45087,0.010990383732494134,0.03278359364737711,0.010990383732494134
45088,0.3362725697158612,0.5423620744874845,0.3362725697158612
45089,0.05198909448324212,0.19246483175773615,0.05198909448324212
45090,0.01691222382227879,0.07701388036217555,0.01691222382227879
45091,0.8139616881971848,0.9116042143435638,0.8139616881971848
45092,0.40986504356105347,0.816460898733592,0.40986504356105347
45093,0.3040113066166042,0.4989022763934914,0.3040113066166042
45094,0.08557358258580672,0.2692015553337813,0.08557358258580672
45095,0.01465550372387338,0.1130439397823888,0.01465550372387338
45096,0.011702288048712057,0.04245120583877993,0.011702288048712057
45097,0.07890435457349104,0.8051525544541062,0.07890435457349104
45098,0.2188819288687396,0.30361507290418355,0.2188819288687396
45099,0.07519849832513131,0.5611119964007805,0.07519849832513131
45100,0.026455431577189843,0.8190583274355786,0.026455431577189843
45101,0.1536576979946219,0.13102451648416566,0.1536576979946219
45102,0.23381682547537627,0.457168429428334,0.23381682547537627
45103,0.048876939663266984,0.1357480895356885,0.048876939663266984
45104,0.13262110385029233,0.2957964000956898,0.13262110385029233
45105,0.42866418765134356,0.13499608922869732,0.42866418765134356
45106,0.1606795226364849,0.2859689035997345,0.1606795226364849
45107,0.0972682131398732,0.3077310567335789,0.0972682131398732
45108,0.12718801311862699,0.5284307038247525,0.12718801311862699
45109,0.5887134616082508,0.7547795940165954,0.5887134616082508
45110,0.48552817184133246,0.7971279902157185,0.48552817184133246
45111,0.09016132358764382,0.5285419154653628,0.09016132358764382
45112,0.19320877511600218,0.9314081335372272,0.19320877511600218
45113,0.032640011160533916,0.21361789101182055,0.032640011160533916
45114,0.33239868429112024,0.8791503522802977,0.33239868429112024
45115,0.04343031005133653,0.052639514766660025,0.04343031005133653
45116,0.10625542834821036,0.10869803612374951,0.10625542834821036
45117,0.060511791733163935,0.07616627718368629,0.060511791733163935
45118,0.08489707085288037,0.39094486488858277,0.08489707085288037
45119,0.09589454835519277,0.8748006978866636,0.09589454835519277
45120,0.2367866451347384,0.4722399015801607,0.2367866451347384
45121,0.3435430614155618,0.23384300474107936,0.3435430614155618
45122,0.05926949289575083,0.24699532411630054,0.05926949289575083
45123,0.08464285016215295,0.6487499262527764,0.08464285016215295
45124,0.12750896535576728,0.043905505207263974,0.12750896535576728
45125,0.26318351833907827,0.15747551863437076,0.26318351833907827
45126,0.031238839967286693,0.03882364325583472,0.031238839967286693
45127,0.07093989646390057,0.1246156850372808,0.07093989646390057
45128,0.05687555569249521,0.6384472776731844,0.05687555569249521
45129,0.02956203984819462,0.06594627402222869,0.02956203984819462
45130,0.06878129811458703,0.7802066590990346,0.06878129811458703
45131,0.0716823456186171,0.22167580624563896,0.0716823456186171
45132,0.24029926839032228,0.4860828009466378,0.24029926839032228
45133,0.026032926761786302,0.15233955471610486,0.026032926761786302
45134,0.02201584928518414,0.017384693229867323,0.02201584928518414
45135,0.025878339284552434,0.47587765297856693,0.025878339284552434
45136,0.17695267596537972,0.8760906956634434,0.17695267596537972
45137,0.055116041616956046,0.16811780793937003,0.055116041616956046
45138,0.01032141361841536,0.07434641071146256,0.01032141361841536
45139,0.0851711217073138,0.31752479409254725,0.0851711217073138
45140,0.019301746146663523,0.7799688433885098,0.019301746146663523
45141,0.13130226207430779,0.21224984784359402,0.13130226207430779
45142,0.7939840431506874,0.6883516689065661,0.7939840431506874
45143,0.08394737020486033,0.4784204533411621,0.08394737020486033
45144,0.09176189743436551,0.36761050981032695,0.09176189743436551
45145,0.007551845409663391,0.005559521840749369,0.007551845409663391
45146,0.10620487909327507,0.3262478864255033,0.10620487909327507
45147,0.028779901297471877,0.16029030008521455,0.028779901297471877
45148,0.45598743967653665,0.6782350182348196,0.45598743967653665
45149,0.38945752834552155,0.8550489178982824,0.38945752834552155
45150,0.09541824393492648,0.8198095368321756,0.09541824393492648
45151,0.7650768362909219,0.598726086706887,0.7650768362909219
45152,0.10369012035676207,0.5309698416675389,0.10369012035676207
45153,0.3227589882168251,0.3094961369705758,0.3227589882168251
45154,0.02408828408087176,0.02773427533834968,0.02408828408087176
45155,0.030721242198952222,0.09969294434937577,0.030721242198952222
45156,0.8853344471391487,0.7253358371952133,0.8853344471391487
45157,0.7188592893383903,0.5870182264541308,0.7188592893383903
45158,0.25451363688373646,0.6504907295956187,0.25451363688373646
45159,0.012368883153176257,0.033122658579049606,0.012368883153176257
45160,0.07528509022407348,0.04579019320721984,0.07528509022407348
45161,0.31717563914562963,0.22716547911986984,0.31717563914562963
45162,0.23334816449435805,0.19580154877812703,0.23334816449435805
45163,0.4847719225039875,0.31669289936339967,0.4847719225039875
45164,0.5755005980158799,0.8211586358558921,0.5755005980158799
45165,0.07200067442831884,0.27585225250543327,0.07200067442831884
45166,0.17119238487447597,0.07765471353398525,0.17119238487447597
45167,0.08131949489602555,0.29832412300685857,0.08131949489602555
45168,0.10969748197004546,0.6712140190741942,0.10969748197004546
45169,0.07270854578930681,0.6806387843516015,0.07270854578930681
45170,0.08109951142699331,0.07451331464898421,0.08109951142699331
45171,0.09798996287519737,0.3575056169905122,0.09798996287519737
45172,0.016790586127905974,0.027312453410829957,0.016790586127905974
45173,0.1536861215198963,0.7081566494663121,0.1536861215198963
45174,0.044664698643918865,0.47878988553606605,0.044664698643918865
45175,0.6879841951856723,0.2927066930014206,0.6879841951856723
45176,0.384834612542228,0.6517614420218522,0.384834612542228
45177,0.021968899953757202,0.14156357174066525,0.021968899953757202
45178,0.2683940465584936,0.2341432517547351,0.2683940465584936
45179,0.14750653634528768,0.1408506551649601,0.14750653634528768
45180,0.1877663873844962,0.4480613932217193,0.1877663873844962
45181,0.01831310560309726,0.22637657736215439,0.01831310560309726
45182,0.10847399837744323,0.3869395323417359,0.10847399837744323
45183,0.06377752434322699,0.12819131685943413,0.06377752434322699
45184,0.10896431203288041,0.23535764101682244,0.10896431203288041
45185,0.14712274742846762,0.15086011123175574,0.14712274742846762
45186,0.08062285693190534,0.6924777211927804,0.08062285693190534
45187,0.006510671777437265,0.7081624201621043,0.006510671777437265
45188,0.10439741119553478,0.5886197330903029,0.10439741119553478
45189,0.09638488959293898,0.46226581825904567,0.09638488959293898
45190,0.09025760675042695,0.25094972174637453,0.09025760675042695
45191,0.05072645313158532,0.8365965554862157,0.05072645313158532
45192,0.03609725305978791,0.08335016749107847,0.03609725305978791
45193,0.09561359949565824,0.3004981611999075,0.09561359949565824
45194,0.09522580831717765,0.046270692625838446,0.09522580831717765
45195,0.850079728894887,0.9008211187080322,0.850079728894887
45196,0.5952464258705654,0.6474813972387512,0.5952464258705654
45197,0.4241827035576151,0.8992840929859015,0.4241827035576151
45198,0.1002252585080191,0.4247901474379852,0.1002252585080191
45199,0.089064208710308,0.11047490073633752,0.089064208710308
45200,0.10721709333004718,0.4955793711134115,0.10721709333004718
45201,0.05171813852749325,0.2977683424910542,0.05171813852749325
45202,0.032417244105067834,0.29585026431597755,0.032417244105067834
45203,0.09382276816432729,0.14773539009016093,0.09382276816432729
45204,0.24110943309039426,0.48612392784563824,0.24110943309039426
45205,0.042142379821258964,0.4664422254974435,0.042142379821258964
45206,0.03176185359180429,0.09866294440367884,0.03176185359180429
45207,0.03694734071462997,0.010406589430927447,0.03694734071462997
45208,0.2222616739675331,0.24620016494095576,0.2222616739675331
45209,0.5727679591717382,0.36499012558360405,0.5727679591717382
45210,0.09307122958436526,0.8110470073114187,0.09307122958436526
45211,0.033533973011739264,0.04176216991888064,0.033533973011739264
45212,0.5446766750932978,0.6742759578331189,0.5446766750932978
45213,0.3065649871175558,0.24887750827588292,0.3065649871175558
45214,0.049623487056888856,0.3167462758600516,0.049623487056888856
45215,0.18629445141449927,0.6486514046725446,0.18629445141449927
45216,0.24304070442024192,0.8210927606941041,0.24304070442024192
45217,0.2518257072982468,0.43235296280661245,0.2518257072982468
45218,0.07277590649111271,0.6613041777465664,0.07277590649111271
45219,0.08730556386252385,0.6286747372025541,0.08730556386252385
45220,0.4788073248186097,0.8306031902562905,0.4788073248186097
45221,0.07804490013321513,0.463785045704702,0.07804490013321513
45222,0.04956980691556728,0.8820067306006928,0.04956980691556728
45223,0.3248227692795733,0.03645027723469138,0.3248227692795733
45224,0.0162156954256558,0.1754385032240804,0.0162156954256558
45225,0.037514766191373186,0.08385998326015186,0.037514766191373186
45226,0.07005533824912781,0.09122854052838975,0.07005533824912781
45227,0.08650150654941238,0.27300763301871916,0.08650150654941238
45228,0.010462449308668423,0.08747774242191994,0.010462449308668423
45229,0.20633359461166675,0.4716520829980086,0.20633359461166675
45230,0.24035444135620215,0.5274598650814714,0.24035444135620215
45231,0.07367776720706931,0.666650131735773,0.07367776720706931
45232,0.0802522653159004,0.4233686499936214,0.0802522653159004
45233,0.2570329806932942,0.7867289514244817,0.2570329806932942
45234,0.12442365319241971,0.537857358444259,0.12442365319241971
45235,0.035035985673700684,0.05438243962542568,0.035035985673700684
45236,0.6729297128691077,0.8760712739587089,0.6729297128691077
45237,0.020965079531035772,0.07561573474276237,0.020965079531035772
45238,0.231938441274042,0.18304502024332808,0.231938441274042
45239,0.04208528489690463,0.05726562423464933,0.04208528489690463
45240,0.006168518588494181,0.043768873481044586,0.006168518588494181
45241,0.9208629083146745,0.9267967678992417,0.9208629083146745
45242,0.035479824318851376,0.33886520777364704,0.035479824318851376
45243,0.029538865432508006,0.5788273497121391,0.029538865432508006
45244,0.03827737107410412,0.07560681321848735,0.03827737107410412
45245,0.05331285099275133,0.36198758387744256,0.05331285099275133
45246,0.06875857407605858,0.29079347560488633,0.06875857407605858
45247,0.30480887687180286,0.2189826509575744,0.30480887687180286
45248,0.017894050526887872,0.6680223142233797,0.017894050526887872
45249,0.0619945864047958,0.3447093078352675,0.0619945864047958
45250,0.032595865278808346,0.1702311105733774,0.032595865278808346
45251,0.038650012998626776,0.3453789616429049,0.038650012998626776
45252,0.6302825965549699,0.8237312025635422,0.6302825965549699
45253,0.49947571885826847,0.3090750841952096,0.49947571885826847
45254,0.26050179721773364,0.36965774717395494,0.26050179721773364
45255,0.04447077494799606,0.3008241251544881,0.04447077494799606
45256,0.03948344994833136,0.4711080895631746,0.03948344994833136
45257,0.06881392402671004,0.23940287414234965,0.06881392402671004
45258,0.6331792796458603,0.5228679364973406,0.6331792796458603
45259,0.04846261629228973,0.7791479378615955,0.04846261629228973
45260,0.12295228386358424,0.3922782748624198,0.12295228386358424
45261,0.04524692858337608,0.3717886987643143,0.04524692858337608
45262,0.6209823912208713,0.7605100561230183,0.6209823912208713
45263,0.11203380510824597,0.417449783981636,0.11203380510824597
45264,0.04629583722507904,0.4601624424353872,0.04629583722507904
45265,0.4300504568393364,0.30948719241813416,0.4300504568393364
45266,0.46239746978393986,0.6527973182223533,0.46239746978393986
45267,0.07973747941397284,0.6514034482741503,0.07973747941397284
45268,0.2187793368294399,0.12604401022130018,0.2187793368294399
45269,0.04451154485807575,0.32015255428790357,0.04451154485807575
45270,0.11103171268144586,0.29188069725683463,0.11103171268144586
45271,0.03359304235906776,0.44660906397900024,0.03359304235906776
45272,0.008745070846522183,0.20559816329156616,0.008745070846522183
45273,0.3029134452511095,0.2501260317512528,0.3029134452511095
45274,0.07643476300529284,0.17540201341102102,0.07643476300529284
45275,0.25546739790396894,0.8472075319180862,0.25546739790396894
45276,0.055819108183461884,0.07387970703953203,0.055819108183461884
45277,0.10507149086350871,0.3848339788096023,0.10507149086350871
45278,0.07336991859137988,0.1511911286428542,0.07336991859137988
45279,0.21880777689524827,0.762019656766285,0.21880777689524827
45280,0.08483712346073807,0.5060167209237707,0.08483712346073807
45281,0.08813133170833568,0.8439537263709355,0.08813133170833568
45282,0.08995668909268714,0.48286387731595726,0.08995668909268714
45283,0.03844294685745593,0.05279540778666963,0.03844294685745593
45284,0.31320538759248506,0.2617556273677197,0.31320538759248506
45285,0.11403222286465088,0.3619591976713952,0.11403222286465088
45286,0.08078083358175346,0.5167908614152777,0.08078083358175346
45287,0.06461254227919844,0.1669848752703229,0.06461254227919844
45288,0.19646599703690484,0.5995826842194536,0.19646599703690484
45289,0.4084728415192653,0.2119943920903042,0.4084728415192653
45290,0.12606729018885657,0.8850533745143709,0.12606729018885657
45291,0.1478066861506144,0.8441813068553189,0.1478066861506144
45292,0.052653416233004714,0.2188089514830018,0.052653416233004714
45293,0.07855891620903005,0.8161506765570684,0.07855891620903005
45294,0.0585730791686411,0.13505688272861976,0.0585730791686411
45295,0.06681478121605466,0.09463919576299165,0.06681478121605466
45296,0.17195307074290866,0.9578137600929442,0.17195307074290866
45297,0.05026575660796364,0.192627932769606,0.05026575660796364
45298,0.3729662076240855,0.2003200689093157,0.3729662076240855
45299,0.012273231601485749,0.022748028783483393,0.012273231601485749
45300,0.0698276025845332,0.2966102487884378,0.0698276025845332
45301,0.013347416929140531,0.2596719782450181,0.013347416929140531
45302,0.19443875292064636,0.5404921599296062,0.19443875292064636
45303,0.06883023399345733,0.42135710292216855,0.06883023399345733
45304,0.057166617632135985,0.338881754126602,0.057166617632135985
45305,0.05257205095084952,0.07153683456819994,0.05257205095084952
45306,0.24829329143120282,0.5237748411562334,0.24829329143120282
45307,0.5531744558744084,0.7808377023578481,0.5531744558744084
45308,0.2980638627264699,0.767996405452177,0.2980638627264699
45309,0.019972329209277953,0.07607378046415654,0.019972329209277953
45310,0.02407747458980526,0.23747281080212843,0.02407747458980526
45311,0.4709064280380618,0.7856942789603609,0.4709064280380618
45312,0.1872722302420172,0.3314260433896395,0.1872722302420172
45313,0.09235726571766467,0.612383586808849,0.09235726571766467
45314,0.08806696950773901,0.12485625637946776,0.08806696950773901
45315,0.1612470739224755,0.856756929132025,0.1612470739224755
45316,0.35353490696129236,0.6889825863949183,0.35353490696129236
45317,0.24450305488306295,0.372128671203099,0.24450305488306295
45318,0.035778968389724476,0.08127758043978804,0.035778968389724476
45319,0.11329806824904791,0.5884310390877454,0.11329806824904791
45320,0.3295270185250731,0.38564893756933577,0.3295270185250731
45321,0.5215466201678514,0.2687535225708555,0.5215466201678514
45322,0.16323019882543283,0.6403612421776623,0.16323019882543283
45323,0.608458189709863,0.37200075677258376,0.608458189709863
45324,0.028996590156700038,0.28417746161004476,0.028996590156700038
45325,0.04804512438608783,0.3177908693410757,0.04804512438608783
45326,0.44836979646454356,0.6240539022015215,0.44836979646454356
45327,0.04387535940969731,0.11521676628816306,0.04387535940969731
45328,0.4455681953098167,0.4062961033587085,0.4455681953098167
45329,0.8136156540743898,0.921098340759256,0.8136156540743898
45330,0.08441506427550267,0.15456537031392587,0.08441506427550267
45331,0.1773891743204327,0.12727431819253043,0.1773891743204327
45332,0.384065172031918,0.7132199090275813,0.384065172031918
45333,0.08601459891758079,0.30619372155551516,0.08601459891758079
45334,0.08846187172523445,0.4332115407668658,0.08846187172523445
45335,0.04742621514819044,0.10108422009039995,0.04742621514819044
45336,0.3121028338216043,0.7070298555081757,0.3121028338216043
45337,0.10633080893863679,0.07680100744146479,0.10633080893863679
45338,0.2223456959033075,0.6358011776277674,0.2223456959033075
45339,0.08940786563931866,0.06977011535255317,0.08940786563931866
45340,0.06941244151117335,0.19263296862627255,0.06941244151117335
45341,0.05982780435939248,0.650203309131328,0.05982780435939248
45342,0.05514086147557625,0.6151372559998413,0.05514086147557625
45343,0.5279196596867233,0.5542630766317029,0.5279196596867233
45344,0.5633490462775047,0.8113175136235824,0.5633490462775047
45345,0.08735694222451036,0.24108929412819313,0.08735694222451036
45346,0.04871024659572732,0.1339322560359228,0.04871024659572732
45347,0.20748308696249004,0.5300046018398288,0.20748308696249004
45348,0.10824003503636703,0.27415394027758455,0.10824003503636703
45349,0.060833022989882544,0.3936682978663898,0.060833022989882544
45350,0.12630932445194298,0.1438574174587438,0.12630932445194298
45351,0.28844109419934943,0.9037092748545411,0.28844109419934943
45352,0.052377561825956535,0.30822295996543947,0.052377561825956535
45353,0.16057115256204552,0.877457086397983,0.16057115256204552
45354,0.11517356797104207,0.018840810950166636,0.11517356797104207
45355,0.03502876676975684,0.03672729647256674,0.03502876676975684
45356,0.6083736182540074,0.9469440966037642,0.6083736182540074
45357,0.5213977061553786,0.549601025758493,0.5213977061553786
45358,0.0464845235697622,0.3222358534226635,0.0464845235697622
45359,0.08305302368655948,0.3499890901253681,0.08305302368655948
45360,0.0583932751468311,0.37935872228575074,0.0583932751468311
45361,0.08234826681297136,0.5207681417935687,0.08234826681297136
45362,0.06733005503570501,0.04651538299792996,0.06733005503570501
45363,0.015591504303840409,0.6249339951757931,0.015591504303840409
45364,0.01769874536376112,0.04214980835499287,0.01769874536376112
45365,0.8044062151342586,0.8256853685240121,0.8044062151342586
45366,0.29021530095309483,0.8083055912059578,0.29021530095309483
45367,0.05476596442096215,0.09650924553915358,0.05476596442096215
45368,0.11460977390885964,0.11890729949764367,0.11460977390885964
45369,0.13848195408667952,0.10195406951724861,0.13848195408667952
45370,0.014781129435961512,0.1804110162509999,0.014781129435961512
45371,0.07871153572004708,0.33118201313863005,0.07871153572004708
45372,0.346932469373782,0.6324277089268452,0.346932469373782
45373,0.08319126160499182,0.4652474912036712,0.08319126160499182
45374,0.05385201832374667,0.052952237925061436,0.05385201832374667
45375,0.33796950437885487,0.8890125211294564,0.33796950437885487
45376,0.08055385166762973,0.23969990267910074,0.08055385166762973
45377,0.04485888031114532,0.7631113427815388,0.04485888031114532
45378,0.07340096592735687,0.1530292330693166,0.07340096592735687
45379,0.12416026112580014,0.4359047348673037,0.12416026112580014
45380,0.8256448650148065,0.8358577882753847,0.8256448650148065
45381,0.13147764212445462,0.4705603804639537,0.13147764212445462
45382,0.08037635481950998,0.5303669467388101,0.08037635481950998
45383,0.10920482516896107,0.253895150213708,0.10920482516896107
45384,0.07997774437822334,0.5396144442639641,0.07997774437822334
45385,0.5056861761554144,0.28405276160810217,0.5056861761554144
45386,0.6695392150216588,0.7194451563901382,0.6695392150216588
45387,0.0853373720278298,0.026831199950222828,0.0853373720278298
45388,0.19102913640513464,0.8058406661929601,0.19102913640513464
45389,0.02506188684339324,0.21889866095290683,0.02506188684339324
45390,0.0694218243578931,0.47816484717308017,0.0694218243578931
45391,0.134200892890448,0.8491941487947187,0.134200892890448
45392,0.1563516010014249,0.09945073007484419,0.1563516010014249
45393,0.21507411844663135,0.55773365643041,0.21507411844663135
45394,0.0718119797444169,0.5646523859674419,0.0718119797444169
45395,0.1928461185885286,0.17360472498295226,0.1928461185885286
45396,0.2256727761522891,0.7586668020337648,0.2256727761522891
45397,0.1366261529610265,0.28628153459536243,0.1366261529610265
45398,0.14838242938422577,0.5073225722748608,0.14838242938422577
45399,0.019532447220207576,0.1275492965347423,0.019532447220207576
45400,0.12023917216095506,0.3788844079288316,0.12023917216095506
45401,0.07061058353985879,0.5629130167725158,0.07061058353985879
45402,0.05660755203158412,0.6189149458238115,0.05660755203158412
45403,0.5645616247125347,0.4825519630715516,0.5645616247125347
45404,0.13464803670954248,0.37718233952907143,0.13464803670954248
45405,0.12229678737565719,0.7877632284418304,0.12229678737565719
45406,0.019528945999017232,0.2914370015972329,0.019528945999017232
45407,0.3303499366168121,0.8476816793289133,0.3303499366168121
45408,0.18918576991498617,0.17924453564099274,0.18918576991498617
45409,0.6603647435897089,0.2116832706221342,0.6603647435897089
45410,0.016221875008601113,0.6419601460784858,0.016221875008601113
45411,0.13999318986368597,0.7970425904127251,0.13999318986368597
45412,0.039518840069318724,0.3937703124224062,0.039518840069318724
45413,0.07679495456418237,0.3541664557230463,0.07679495456418237
45414,0.055351860738835176,0.7995955930514808,0.055351860738835176
45415,0.10835143782449892,0.20640270407659964,0.10835143782449892
45416,0.5336586017624699,0.6347682076971959,0.5336586017624699
45417,0.0683867057645317,0.2415708767467912,0.0683867057645317
45418,0.02113067192813996,0.08025150673554717,0.02113067192813996
45419,0.1176448660186602,0.21689316811783643,0.1176448660186602
45420,0.05136779856980211,0.1423316195891213,0.05136779856980211
45421,0.4622043089333303,0.08556419743754222,0.4622043089333303
45422,0.09225757595553752,0.5931924210269458,0.09225757595553752
45423,0.05582898318842762,0.019275222812438347,0.05582898318842762
45424,0.14201046712259735,0.47437323720407193,0.14201046712259735
45425,0.16524296619692191,0.14972581802359372,0.16524296619692191
45426,0.11426847536040466,0.5514031240563009,0.11426847536040466
45427,0.09661320771009503,0.711452342672042,0.09661320771009503
45428,0.1138916768967256,0.40399055066341877,0.1138916768967256
45429,0.05812997687267373,0.14160280269636874,0.05812997687267373
45430,0.010059707910989795,0.02668841792879058,0.010059707910989795
45431,0.09692860080194764,0.0051977109028560975,0.09692860080194764
45432,0.025868763280681273,0.0730566856329183,0.025868763280681273
45433,0.015431959175112975,0.05760308981057794,0.015431959175112975
45434,0.33547015028389904,0.25633751142312733,0.33547015028389904
45435,0.7918140488775488,0.7717374580860926,0.7918140488775488
45436,0.02298692427030519,0.11993379056960768,0.02298692427030519
45437,0.02497382455550829,0.0321309030139405,0.02497382455550829
45438,0.13694267742165056,0.2873092777083222,0.13694267742165056
45439,0.229818434746757,0.04616413708938207,0.229818434746757
45440,0.08266859499411885,0.5755013980782084,0.08266859499411885
45441,0.16634491219673136,0.4382932703570518,0.16634491219673136
45442,0.14346828347007304,0.18374330660377675,0.14346828347007304
45443,0.09026084063379608,0.226298676543369,0.09026084063379608
45444,0.030058013486595425,0.8109449556641887,0.030058013486595425
45445,0.06561442883998968,0.757339477942484,0.06561442883998968
45446,0.6349522729100708,0.3673419257612409,0.6349522729100708
45447,0.02229727991090935,0.8345008082043335,0.02229727991090935
45448,0.21912098134691055,0.37627332201275226,0.21912098134691055
45449,0.09334070823856273,0.7447074846489906,0.09334070823856273
45450,0.030697197798924367,0.12246417276737367,0.030697197798924367
45451,0.019051687543666998,0.6183274495348114,0.019051687543666998
45452,0.07324815523412648,0.1668052313771842,0.07324815523412648
45453,0.06581593814017196,0.05476502262864637,0.06581593814017196
45454,0.6207977208144295,0.8083244173884944,0.6207977208144295
45455,0.08576641530700638,0.6212586296493242,0.08576641530700638
45456,0.03438677439953753,0.29790669790146357,0.03438677439953753
45457,0.35562303657041733,0.6823168030176662,0.35562303657041733
45458,0.021761955564365568,0.3119815151806443,0.021761955564365568
45459,0.3651776279388174,0.7761913724006106,0.3651776279388174
45460,0.09323983782458709,0.050453222567186956,0.09323983782458709
45461,0.12695993647450615,0.5549784951921117,0.12695993647450615
45462,0.3500258992417727,0.33206377372554363,0.3500258992417727
45463,0.2065225876847817,0.3539751203713782,0.2065225876847817
45464,0.0950541134983566,0.7677519565939517,0.0950541134983566
45465,0.32591225425985665,0.1906914615738597,0.32591225425985665
45466,0.5126772893671478,0.5208813938229045,0.5126772893671478
45467,0.016384657763632363,0.1759347181372011,0.016384657763632363
45468,0.1522285738814119,0.8209962093752654,0.1522285738814119
45469,0.056696020217443105,0.10008200234900452,0.056696020217443105
45470,0.05903550369884612,0.1498595870248979,0.05903550369884612
45471,0.07664777239880066,0.34326060798100355,0.07664777239880066
45472,0.07060193805334096,0.3193917272137826,0.07060193805334096
45473,0.06140846298828876,0.0670323136315706,0.06140846298828876
45474,0.07607694004596739,0.813533740381833,0.07607694004596739
45475,0.12970577285440435,0.2495328131022544,0.12970577285440435
45476,0.11514300329459462,0.040130745323341814,0.11514300329459462
45477,0.07390934421577404,0.3653850130763073,0.07390934421577404
45478,0.35375634220785657,0.3461093493459034,0.35375634220785657
45479,0.10602680108316803,0.20035852930778483,0.10602680108316803
45480,0.0640662712705888,0.7485351240144679,0.0640662712705888
45481,0.13695983001832976,0.2698781503067615,0.13695983001832976
45482,0.027744093300981612,0.041553798602455796,0.027744093300981612
45483,0.04680571128176264,0.628686213136643,0.04680571128176264
45484,0.05137829646131365,0.20726194539949408,0.05137829646131365
45485,0.5728301789471688,0.44780003989819966,0.5728301789471688
45486,0.03363161760791215,0.15485818146635333,0.03363161760791215
45487,0.09077822528260023,0.5795847810712802,0.09077822528260023
45488,0.03575680152942358,0.08519839252485836,0.03575680152942358
45489,0.022294371926100915,0.17290903611343522,0.022294371926100915
45490,0.12135710319696659,0.8224564721582541,0.12135710319696659
45491,0.046259134573845756,0.07185798189031688,0.046259134573845756
45492,0.03265120496372099,0.13799238353609214,0.03265120496372099
45493,0.0803294631063993,0.6976215177109539,0.0803294631063993
45494,0.06992181458315985,0.7482975177242331,0.06992181458315985
45495,0.03820403748971995,0.5340471909751331,0.03820403748971995
45496,0.09365816946811534,0.5967483180552074,0.09365816946811534
45497,0.06278623761689715,0.06365278974663194,0.06278623761689715
45498,0.13064065275892195,0.17712015595089636,0.13064065275892195
45499,0.0549499185830478,0.3150057224285454,0.0549499185830478
45500,0.3991996635916653,0.7424673122587144,0.3991996635916653
45501,0.6163881369266137,0.666138168079199,0.6163881369266137
45502,0.2217119322469916,0.21645483104039856,0.2217119322469916
45503,0.3668805850123736,0.6645727720704926,0.3668805850123736
45504,0.4848615746661903,0.8532041684383003,0.4848615746661903
45505,0.36986639170994157,0.771421775105908,0.36986639170994157
45506,0.00842798929631082,0.24051363460153008,0.00842798929631082
45507,0.02004002943729393,0.4395849953293947,0.02004002943729393
45508,0.07047771691401333,0.19743510893663307,0.07047771691401333
45509,0.15177293707516604,0.4702170008279742,0.15177293707516604
45510,0.018812317354738314,0.39428643292998583,0.018812317354738314
45511,0.05237922826272613,0.036735112702768954,0.05237922826272613
45512,0.09480536263916972,0.32606653415380543,0.09480536263916972
45513,0.6901798373520552,0.5527071176280522,0.6901798373520552
45514,0.11781501343282053,0.13042947687014925,0.11781501343282053
45515,0.019756113884222885,0.44519036336223977,0.019756113884222885
45516,0.06370874350290323,0.1387530073661449,0.06370874350290323
45517,0.9143196725509357,0.9025255120202367,0.9143196725509357
45518,0.12842657639285143,0.49419427355255574,0.12842657639285143
45519,0.032839694419397304,0.5007822884912155,0.032839694419397304
45520,0.11291466854590666,0.19440407925797384,0.11291466854590666
45521,0.1643296795254095,0.1037536066923309,0.1643296795254095
45522,0.07863602360973368,0.3158171002449273,0.07863602360973368
45523,0.1284803712477205,0.39508745634748593,0.1284803712477205
45524,0.7917084579831744,0.28328963937754986,0.7917084579831744
45525,0.01141133128081857,0.043314963608648845,0.01141133128081857
45526,0.05543216750826358,0.20517293244677676,0.05543216750826358
45527,0.6588194533987386,0.9189743398361421,0.6588194533987386
45528,0.03973713954004893,0.2463702108723362,0.03973713954004893
45529,0.0976578679480494,0.1227836496448322,0.0976578679480494
45530,0.41565577599399145,0.6723730948893047,0.41565577599399145
45531,0.03447256726583196,0.03328882221083575,0.03447256726583196
45532,0.8401648407348272,0.9305071987073156,0.8401648407348272
45533,0.03277635930275161,0.033851315514253806,0.03277635930275161
45534,0.8153440575324006,0.8736825368418922,0.8153440575324006
45535,0.042476885089355376,0.19591478012070443,0.042476885089355376
45536,0.009674763286657529,0.07966115973680686,0.009674763286657529
45537,0.21295020796252595,0.7149660164557263,0.21295020796252595
45538,0.548028115199997,0.4562401578826495,0.548028115199997
45539,0.09362285494190499,0.2076699224994183,0.09362285494190499
45540,0.020948894281551823,0.09246531162329576,0.020948894281551823
45541,0.039416906157871544,0.2159594187167306,0.039416906157871544
45542,0.05767263687738831,0.3536181304067463,0.05767263687738831
45543,0.2531448016702198,0.6033868859198933,0.2531448016702198
45544,0.017460925331944415,0.33184101611029687,0.017460925331944415
45545,0.15922201687133772,0.6554855178192593,0.15922201687133772
45546,0.3817143036076963,0.4227079314846407,0.3817143036076963
45547,0.504315551096044,0.923684786527259,0.504315551096044
45548,0.10139702733223918,0.6852315229731083,0.10139702733223918
45549,0.019618737155322686,0.13809184982142095,0.019618737155322686
45550,0.03376945545215518,0.02585111722718813,0.03376945545215518
45551,0.18848073420600223,0.24949161573730758,0.18848073420600223
45552,0.030516831454357,0.09654423818571801,0.030516831454357
45553,0.1007156228767917,0.3209014679701051,0.1007156228767917
45554,0.06359339468626546,0.3422023120045304,0.06359339468626546
45555,0.026240511005306163,0.21642651513859254,0.026240511005306163
45556,0.15232310062536256,0.8608698741617149,0.15232310062536256
45557,0.1551637736012035,0.4221306706019911,0.1551637736012035
45558,0.1801463073493277,0.7751654709870776,0.1801463073493277
45559,0.06325008084814307,0.03855050133483797,0.06325008084814307
45560,0.05879295648256806,0.28079769925198306,0.05879295648256806
45561,0.09142577779608035,0.8774515745658372,0.09142577779608035
45562,0.20265044871479512,0.6182802261484613,0.20265044871479512
45563,0.3737022951221908,0.5839731093676737,0.3737022951221908
45564,0.5828681601186629,0.6362812046141206,0.5828681601186629
45565,0.05236752605686471,0.4397759214265106,0.05236752605686471
45566,0.03411293091144512,0.11744294217059953,0.03411293091144512
45567,0.08471505221769136,0.7870565068883854,0.08471505221769136
45568,0.16993030483819807,0.32964549794816594,0.16993030483819807
45569,0.1870638625618446,0.18743572102712364,0.1870638625618446
45570,0.029324213484651685,0.35855644733223996,0.029324213484651685
45571,0.6637344067164325,0.8188233533334572,0.6637344067164325
45572,0.0425621395554068,0.284938458782218,0.0425621395554068
45573,0.10975994415136171,0.34773822813341926,0.10975994415136171
45574,0.10391591469269879,0.3379897554234278,0.10391591469269879
45575,0.5131040611576448,0.6582040915100263,0.5131040611576448
45576,0.15965773007688155,0.7168751748015069,0.15965773007688155
45577,0.06076815779476201,0.31680761241795663,0.06076815779476201
45578,0.18363747623538676,0.3221659700791313,0.18363747623538676
45579,0.011084808429320766,0.044975250955158676,0.011084808429320766
45580,0.37329774194462223,0.31822210874685214,0.37329774194462223
45581,0.19332301987516623,0.8570019097710323,0.19332301987516623
45582,0.17167207316772715,0.2836398185405235,0.17167207316772715
45583,0.043132069941819735,0.436382534001385,0.043132069941819735
45584,0.2776715482172396,0.7034310912528663,0.2776715482172396
45585,0.29415116392503865,0.7566716517469158,0.29415116392503865
45586,0.11869743068005681,0.665504181823368,0.11869743068005681
45587,0.13248277197598318,0.3161324668041518,0.13248277197598318
45588,0.01286953220539888,0.04634606371425762,0.01286953220539888
45589,0.19684323674844756,0.2817730482926339,0.19684323674844756
45590,0.039796865973041405,0.060403314387445166,0.039796865973041405
45591,0.05237652115549351,0.1668419321354207,0.05237652115549351
45592,0.03726498935130994,0.8906210214646064,0.03726498935130994
45593,0.03508382142454352,0.15505692437491594,0.03508382142454352
45594,0.2220729508922783,0.547360263773173,0.2220729508922783
45595,0.06788404076692456,0.14034340484423163,0.06788404076692456
45596,0.018680383737934913,0.10769884818962921,0.018680383737934913
45597,0.7811082469623076,0.4615355490122404,0.7811082469623076
45598,0.0716236451422556,0.3561418586818116,0.0716236451422556
45599,0.23617294705972106,0.4007921369357958,0.23617294705972106
45600,0.07034497380387555,0.16812594476694084,0.07034497380387555
45601,0.4994479209573226,0.5563138335576013,0.4994479209573226
45602,0.06898607530993911,0.1332001992662117,0.06898607530993911
45603,0.11193216501931937,0.2391118416226823,0.11193216501931937
45604,0.10062013877554213,0.6411626215132662,0.10062013877554213
45605,0.015915424297085434,0.09943857696904787,0.015915424297085434
45606,0.0384006848303845,0.09582489035137326,0.0384006848303845
45607,0.004971591492901561,0.08993944283988306,0.004971591492901561
45608,0.5304417069807917,0.9186434852394741,0.5304417069807917
45609,0.13358003988507547,0.7077868204560657,0.13358003988507547
45610,0.20187894887316166,0.6859567573694055,0.20187894887316166
45611,0.03626065500944541,0.1491540336640103,0.03626065500944541
45612,0.04189974225692894,0.11523381270421894,0.04189974225692894
45613,0.41736084159175374,0.7250157694694445,0.41736084159175374
45614,0.3222278791035465,0.36107734803707225,0.3222278791035465
45615,0.8013154204240873,0.9221774999259754,0.8013154204240873
45616,0.14698988797521412,0.3772941253105671,0.14698988797521412
45617,0.290164862391394,0.8309216010885366,0.290164862391394
45618,0.13272067148254071,0.7984755146194338,0.13272067148254071
45619,0.06296154821964013,0.45559294906538417,0.06296154821964013
45620,0.16080633047182566,0.02283660456377921,0.16080633047182566
45621,0.054374382287911846,0.19636712521530117,0.054374382287911846
45622,0.17320714209083993,0.40711091304100316,0.17320714209083993
45623,0.10440846679349662,0.6744802642987334,0.10440846679349662
45624,0.08686745855766637,0.6566559625000493,0.08686745855766637
45625,0.029369823705844463,0.0532978541396365,0.029369823705844463
45626,0.11733836725898433,0.2736225760672824,0.11733836725898433
45627,0.08111529439817294,0.1585079402850294,0.08111529439817294
45628,0.034157393574115166,0.054102009761339144,0.034157393574115166
45629,0.5885247180580417,0.32031011764798917,0.5885247180580417
45630,0.2398711788406176,0.269430242221919,0.2398711788406176
45631,0.02630760802586023,0.14337609774132212,0.02630760802586023
45632,0.1584968491599638,0.6133695093933935,0.1584968491599638
45633,0.22918754001225428,0.3800311569666304,0.22918754001225428
45634,0.20758085419274463,0.42188219706177627,0.20758085419274463
45635,0.07218133349050332,0.05304073797901922,0.07218133349050332
45636,0.12233750920239425,0.16741491557058596,0.12233750920239425
45637,0.6162693455989745,0.6454379576767584,0.6162693455989745
45638,0.09885618796681227,0.48566588332588945,0.09885618796681227
45639,0.1093854907082733,0.0180294051676355,0.1093854907082733
45640,0.1386348349052634,0.588183366838546,0.1386348349052634
45641,0.07462097740562014,0.09783664093891635,0.07462097740562014
45642,0.06172092600799417,0.06451087593255149,0.06172092600799417
45643,0.214355086734123,0.3750913477299107,0.214355086734123
45644,0.3723807939224486,0.8189342658974864,0.3723807939224486
45645,0.11583360829067481,0.2604209390746544,0.11583360829067481
45646,0.04480279448550092,0.2533643618507822,0.04480279448550092
45647,0.8533055830553975,0.6021361502657956,0.8533055830553975
45648,0.028106744004036757,0.195733751081931,0.028106744004036757
45649,0.051649087896834596,0.023255043661489175,0.051649087896834596
45650,0.1379067449472759,0.6711199755116606,0.1379067449472759
45651,0.3080978028699165,0.6496240878623133,0.3080978028699165
45652,0.026690930446717564,0.01913847173406589,0.026690930446717564
45653,0.4474759415473688,0.36420155421368905,0.4474759415473688
45654,0.189065377832387,0.5347300110631134,0.189065377832387
45655,0.7114604020676946,0.8992093607789114,0.7114604020676946
45656,0.0064454767704337735,0.013568585353284384,0.0064454767704337735
45657,0.23602884657232903,0.6642219658179753,0.23602884657232903
45658,0.05453655832070274,0.25741445005639246,0.05453655832070274
45659,0.10835764074504653,0.07516693197485336,0.10835764074504653
45660,0.19021682390449302,0.19043170386540625,0.19021682390449302
45661,0.06621217756187232,0.21394220987371337,0.06621217756187232
45662,0.0677184980296067,0.1426426419855252,0.0677184980296067
45663,0.08409369180757036,0.11362778824310416,0.08409369180757036
45664,0.21780280625624757,0.16909902036898977,0.21780280625624757
45665,0.04852546913662154,0.07880007574870318,0.04852546913662154
45666,0.0978383360136308,0.4426260521845198,0.0978383360136308
45667,0.219085830737246,0.40444386059258614,0.219085830737246
45668,0.12500104897367192,0.06293578726324951,0.12500104897367192
45669,0.6691942251834734,0.6473985957154569,0.6691942251834734
45670,0.06413829677661381,0.304173264685198,0.06413829677661381
45671,0.028670062932719887,0.16510382214495184,0.028670062932719887
45672,0.04079816850291014,0.47338912571169145,0.04079816850291014
45673,0.05572719908718196,0.8252488615565952,0.05572719908718196
45674,0.17502719120234447,0.24021517913209303,0.17502719120234447
45675,0.010917133705178274,0.7890197081632558,0.010917133705178274
45676,0.18522015978827241,0.836159093865872,0.18522015978827241
45677,0.02130246583907482,0.051529571526278524,0.02130246583907482
45678,0.04127280458592942,0.05971827369963677,0.04127280458592942
45679,0.12401240414004554,0.42714941391463007,0.12401240414004554
45680,0.08435355227791692,0.3517896318813995,0.08435355227791692
45681,0.07548758670395966,0.5929647886283007,0.07548758670395966
45682,0.08623354729656979,0.3360578100312914,0.08623354729656979
45683,0.27207407746241696,0.39336742628381455,0.27207407746241696
45684,0.09538158955627145,0.2791246513580074,0.09538158955627145
45685,0.18405182817028182,0.4541986769038177,0.18405182817028182
45686,0.09970153654842624,0.7353613793700541,0.09970153654842624
45687,0.00849159809510282,0.6753809814198362,0.00849159809510282
45688,0.7533554637588691,0.796848026219513,0.7533554637588691
45689,0.06101663854256282,0.15489794942756158,0.06101663854256282
45690,0.17740477075538233,0.35977381668857783,0.17740477075538233
45691,0.47807520131037146,0.8163538077048095,0.47807520131037146
45692,0.03305838532319212,0.12452421661056734,0.03305838532319212
45693,0.04713176689586877,0.23197763142167785,0.04713176689586877
45694,0.13310264963113405,0.20381504078153992,0.13310264963113405
45695,0.07988853993541851,0.16954269946029532,0.07988853993541851
45696,0.8175621103893892,0.5770722363103327,0.8175621103893892
45697,0.1536225154141673,0.576817707277805,0.1536225154141673
45698,0.04675939139362808,0.5030213363236296,0.04675939139362808
45699,0.057496442244655166,0.45712745957121365,0.057496442244655166
45700,0.14457233110511292,0.45841398563655905,0.14457233110511292
45701,0.2889189367380507,0.350782153354291,0.2889189367380507
45702,0.5608210185363859,0.09731814216994703,0.5608210185363859
45703,0.7133046062320472,0.4165165272453884,0.7133046062320472
45704,0.19545035733764643,0.8916947922465722,0.19545035733764643
45705,0.013141191351862175,0.03962328946837381,0.013141191351862175
45706,0.039830051090042735,0.10045042595604335,0.039830051090042735
45707,0.17805296050683456,0.21616014289420454,0.17805296050683456
45708,0.034282443634662894,0.4705829266926794,0.034282443634662894
45709,0.14925509161811001,0.1385766243157081,0.14925509161811001
45710,0.05689795745213857,0.343423957158368,0.05689795745213857
45711,0.017965073402949828,0.10181448563170495,0.017965073402949828
45712,0.6414157984811308,0.4572473094957637,0.6414157984811308
45713,0.05593134281413316,0.2621129626074982,0.05593134281413316
45714,0.22589576222190197,0.27891011720683506,0.22589576222190197
45715,0.04543428122985895,0.0943271384527666,0.04543428122985895
45716,0.06492396092704282,0.2995061691011087,0.06492396092704282
45717,0.05883989900086162,0.03873047908136227,0.05883989900086162
45718,0.012017079117709766,0.10437523656268059,0.012017079117709766
45719,0.07999040785243691,0.3877072611251338,0.07999040785243691
45720,0.015614377660750906,0.10688439324191241,0.015614377660750906
45721,0.10604951851411593,0.5410363627727288,0.10604951851411593
45722,0.7265064137447061,0.5681353846879027,0.7265064137447061
45723,0.09701143279551576,0.5573733640420206,0.09701143279551576
45724,0.07703115446836387,0.5932238682509573,0.07703115446836387
45725,0.33791245094752764,0.2858543768112683,0.33791245094752764
45726,0.459435425925636,0.6564949928867515,0.459435425925636
45727,0.25578244929687677,0.6780079451713571,0.25578244929687677
45728,0.13905877249604162,0.556962171660724,0.13905877249604162
45729,0.09831227929263903,0.15444041771987985,0.09831227929263903
45730,0.137322718672218,0.4749534613697274,0.137322718672218
45731,0.062282777662323194,0.37233453082251367,0.062282777662323194
45732,0.07831058851020478,0.3532578094559528,0.07831058851020478
45733,0.021182474912751287,0.1289495807073882,0.021182474912751287
45734,0.06063544882710755,0.04647357658122981,0.06063544882710755
45735,0.07412618732060847,0.16284649196351667,0.07412618732060847
45736,0.13756351429574484,0.8532537956187716,0.13756351429574484
45737,0.10730942113424073,0.4224155108068196,0.10730942113424073
45738,0.050520129464103294,0.19741121665458658,0.050520129464103294
45739,0.24411796566885685,0.4129947019197596,0.24411796566885685
45740,0.15457850797802633,0.48681045706273895,0.15457850797802633
45741,0.16194131757690136,0.4081408649599041,0.16194131757690136
45742,0.07417761411678578,0.26213629993125437,0.07417761411678578
45743,0.11972977592179548,0.3830057906712506,0.11972977592179548
45744,0.21354757937831972,0.2683070149677385,0.21354757937831972
45745,0.13663650379303396,0.4904442602380831,0.13663650379303396
45746,0.18548686818922883,0.8140858354933563,0.18548686818922883
45747,0.11524087089979955,0.7480150058881806,0.11524087089979955
45748,0.017650879071529114,0.05686977173082091,0.017650879071529114
45749,0.12397157814926059,0.05357369547489523,0.12397157814926059
45750,0.5143658688237914,0.7767867782709651,0.5143658688237914
45751,0.2084175510568649,0.22082984859403518,0.2084175510568649
45752,0.11573681447348715,0.7170503991074154,0.11573681447348715
45753,0.05773386608838274,0.29673520059345965,0.05773386608838274
45754,0.09020399968504564,0.35779907730032323,0.09020399968504564
45755,0.05740208647288318,0.16471295892375368,0.05740208647288318
45756,0.21217031398099984,0.16862022313436115,0.21217031398099984
45757,0.5294382852152056,0.8884327636402403,0.5294382852152056
45758,0.6956591218764752,0.6129931049248397,0.6956591218764752
45759,0.24957050702560027,0.4751781262366725,0.24957050702560027
45760,0.07753276951805474,0.2610318166998057,0.07753276951805474
45761,0.8425402420620467,0.798495437212715,0.8425402420620467
45762,0.2393038814129812,0.6889470949418428,0.2393038814129812
45763,0.23384080714069938,0.7146077812522686,0.23384080714069938
45764,0.13657024249054123,0.8327085050241737,0.13657024249054123
45765,0.14767173287009405,0.2640008989369019,0.14767173287009405
45766,0.19735438463917146,0.4715040310006352,0.19735438463917146
45767,0.8358496946430771,0.5579743485509616,0.8358496946430771
45768,0.01935701869337175,0.40829656469919273,0.01935701869337175
45769,0.14052530981257622,0.4966173233167661,0.14052530981257622
45770,0.8686381711125426,0.7574938612176,0.8686381711125426
45771,0.023863828300930666,0.03415778318129536,0.023863828300930666
45772,0.5294808809306313,0.9390896532044446,0.5294808809306313
45773,0.038234628727961996,0.10205739284189058,0.038234628727961996
45774,0.13705441757482903,0.6492085463379124,0.13705441757482903
45775,0.2766621360915571,0.6359797916560999,0.2766621360915571
45776,0.3467910020386937,0.2622864577346004,0.3467910020386937
45777,0.07636229029372124,0.31974917813933096,0.07636229029372124
45778,0.04324551784679198,0.2185722896628856,0.04324551784679198
45779,0.055493561780899335,0.39566917814415975,0.055493561780899335
45780,0.0664066956230777,0.6186368490261289,0.0664066956230777
45781,0.0569628522104689,0.09954715660106632,0.0569628522104689
45782,0.04130232672704527,0.5718235311605203,0.04130232672704527
45783,0.010693516396516459,0.0888014591146126,0.010693516396516459
45784,0.04947094827909168,0.24407887367813635,0.04947094827909168
45785,0.10367249942893411,0.4782559301953416,0.10367249942893411
45786,0.14988757161446783,0.786064743897296,0.14988757161446783
45787,0.08062406752693797,0.5644414618307103,0.08062406752693797
45788,0.6068833729300774,0.35204650714889263,0.6068833729300774
45789,0.037713748694158576,0.4065954489303223,0.037713748694158576
45790,0.04538758556397744,0.05566119725746703,0.04538758556397744
45791,0.04141983024931123,0.21439203905407053,0.04141983024931123
45792,0.009527025412064766,0.05432189449016881,0.009527025412064766
45793,0.07663501359499121,0.2832583907722429,0.07663501359499121
45794,0.5746737870524641,0.9177029635403633,0.5746737870524641
45795,0.05481852218201109,0.33608341532200836,0.05481852218201109
45796,0.0592131279744213,0.14393143640504186,0.0592131279744213
45797,0.08723694815163031,0.16725302311871118,0.08723694815163031
45798,0.7708536038123439,0.9534168806266143,0.7708536038123439
45799,0.2802276643098282,0.1605222177170709,0.2802276643098282
45800,0.0198066595365306,0.03944306472001096,0.0198066595365306
45801,0.3612905176274148,0.5653273855097273,0.3612905176274148
45802,0.7408017254114269,0.6055520646032797,0.7408017254114269
45803,0.02339018528402017,0.061252888723452206,0.02339018528402017
45804,0.06779357540339094,0.39696865528394604,0.06779357540339094
45805,0.1966082841464969,0.19899087420594974,0.1966082841464969
45806,0.3490184419799199,0.5599978017355705,0.3490184419799199
45807,0.09928232052235665,0.5334659036243716,0.09928232052235665
45808,0.050288501539464577,0.1459468320399131,0.050288501539464577
45809,0.06713309407767899,0.3899057157214228,0.06713309407767899
45810,0.12705918863995178,0.6519849484907798,0.12705918863995178
45811,0.10773807875919057,0.2326041362655914,0.10773807875919057
45812,0.16758827993639808,0.11646506887201442,0.16758827993639808
45813,0.08723384477718224,0.14191146085564307,0.08723384477718224
45814,0.7618732221645624,0.5952077702356193,0.7618732221645624
45815,0.10562471866041093,0.27961409821958316,0.10562471866041093
45816,0.8003546596933914,0.8194294451315055,0.8003546596933914
45817,0.15135944317999508,0.29980476634688685,0.15135944317999508
45818,0.458830662210517,0.20619812738465226,0.458830662210517
45819,0.12814522984630028,0.6372317451330478,0.12814522984630028
45820,0.1641386546845723,0.6801663454562201,0.1641386546845723
45821,0.14680458735806692,0.6954665436287246,0.14680458735806692
45822,0.08977250004891472,0.6992410578586438,0.08977250004891472
45823,0.029068715193259823,0.6627341664469585,0.029068715193259823
45824,0.05410346980055003,0.20290121481374906,0.05410346980055003
45825,0.13469123614767653,0.36127738710380963,0.13469123614767653
45826,0.09313401050046716,0.01889475689751622,0.09313401050046716
45827,0.052369859703767695,0.13587942000087025,0.052369859703767695
45828,0.12205900593410919,0.1329033985810441,0.12205900593410919
45829,0.08215102782471835,0.06237730478380749,0.08215102782471835
45830,0.11884541999162088,0.797990669224197,0.11884541999162088
45831,0.15402836132413197,0.29189997694281994,0.15402836132413197
45832,0.22919732785858646,0.0778072174214616,0.22919732785858646
45833,0.04193563884817662,0.32601521968773367,0.04193563884817662
45834,0.509447978695636,0.5011705344000124,0.509447978695636
45835,0.07179075115189143,0.16684851794305552,0.07179075115189143
45836,0.6678551114601532,0.8845387303711064,0.6678551114601532
45837,0.0758591745144109,0.6514924061669399,0.0758591745144109
45838,0.06923657673296671,0.4247153751610813,0.06923657673296671
45839,0.08901688711559014,0.3692745982414381,0.08901688711559014
45840,0.05872191527894751,0.1240569220200947,0.05872191527894751
45841,0.0505004620835944,0.07686496630303491,0.0505004620835944
45842,0.02374585947284936,0.12174009129688682,0.02374585947284936
45843,0.06326340327442148,0.3971454100177089,0.06326340327442148
45844,0.08870720989171242,0.3031052745598332,0.08870720989171242
45845,0.31154085304261986,0.7696485967074416,0.31154085304261986
45846,0.38075861375751696,0.6083508840697349,0.38075861375751696
45847,0.039576913117677005,0.5419286203025163,0.039576913117677005
45848,0.1718812274779141,0.06695861914433943,0.1718812274779141
45849,0.5522818673460682,0.5447173238680137,0.5522818673460682
45850,0.10447595143495877,0.09889256687236157,0.10447595143495877
45851,0.32109963623579485,0.1698612962717796,0.32109963623579485
45852,0.19547646479563768,0.8123175116107775,0.19547646479563768
45853,0.08472890744874347,0.18853863058735185,0.08472890744874347
45854,0.299892825140693,0.7264924747543707,0.299892825140693
45855,0.04011617199801939,0.3311925548797102,0.04011617199801939
45856,0.05092733518591561,0.3566781538965227,0.05092733518591561
45857,0.02218841651327524,0.09664272838100467,0.02218841651327524
45858,0.8419864486792573,0.5088803631922316,0.8419864486792573
45859,0.09886141937885333,0.15601970913643257,0.09886141937885333
45860,0.2741153606215299,0.39420316299404834,0.2741153606215299
45861,0.5067995792191888,0.6049342909404969,0.5067995792191888
45862,0.4659369525894688,0.8873834420165055,0.4659369525894688
45863,0.026990422790443114,0.21309410099536566,0.026990422790443114
45864,0.04916650825776044,0.30277535938175554,0.04916650825776044
45865,0.38518095806800295,0.8647130984393409,0.38518095806800295
45866,0.18972266868992982,0.30194905087964086,0.18972266868992982
45867,0.021456268474346604,0.032110836865115254,0.021456268474346604
45868,0.0489404656636329,0.3603381075560964,0.0489404656636329
45869,0.08310192439239229,0.22654730591972919,0.08310192439239229
45870,0.030046182152102165,0.18561194442184087,0.030046182152102165
45871,0.08054967812369421,0.672741949857278,0.08054967812369421
45872,0.5738580898859547,0.6340820485387922,0.5738580898859547
45873,0.08328973242346362,0.22849456127219717,0.08328973242346362
45874,0.137943151318635,0.3160342781576566,0.137943151318635
45875,0.020773189860211462,0.021366556085039994,0.020773189860211462
45876,0.5798699268201456,0.7810203349205761,0.5798699268201456
45877,0.11462010249025778,0.8065575127660668,0.11462010249025778
45878,0.12414681707627126,0.1708942792173444,0.12414681707627126
45879,0.05865877507308868,0.06279482545510313,0.05865877507308868
45880,0.09686977760393672,0.43315756125629856,0.09686977760393672
45881,0.5207335593564051,0.6215962358475727,0.5207335593564051
45882,0.04021237005837673,0.13272705369183546,0.04021237005837673
45883,0.05077804831238853,0.7585040679809819,0.05077804831238853
45884,0.2754132727486101,0.16042872612019252,0.2754132727486101
45885,0.15656892932974295,0.7341336685255271,0.15656892932974295
45886,0.08936052387670355,0.8135147097004911,0.08936052387670355
45887,0.7498144231100135,0.4451725916891883,0.7498144231100135
45888,0.6667490631864004,0.6505829955649622,0.6667490631864004
45889,0.024667127281514073,0.0698848714930377,0.024667127281514073
45890,0.04378139948420764,0.28926805283567997,0.04378139948420764
45891,0.03970217471070738,0.05603166367736281,0.03970217471070738
45892,0.49970135570876073,0.21197104734532884,0.49970135570876073
45893,0.5284328705140973,0.7212860751105773,0.5284328705140973
45894,0.1018373457583949,0.06182769697604626,0.1018373457583949
45895,0.10195452831820974,0.24302014522861068,0.10195452831820974
45896,0.02604888932141452,0.28556152454509165,0.02604888932141452
45897,0.03133811032736031,0.28312766483907215,0.03133811032736031
45898,0.12923945013729055,0.631168275308092,0.12923945013729055
45899,0.11078767131331742,0.6638888903929514,0.11078767131331742
45900,0.27019145587094867,0.5669155425193322,0.27019145587094867
45901,0.2798372311350191,0.7136646450223911,0.2798372311350191
45902,0.1051044748323361,0.4801777137742643,0.1051044748323361
45903,0.05464666712387716,0.2802918775099014,0.05464666712387716
45904,0.022023459236446778,0.04214796219606584,0.022023459236446778
45905,0.7708570768734129,0.8411236095999187,0.7708570768734129
45906,0.5384949652103761,0.9209986387504632,0.5384949652103761
45907,0.0390098730149241,0.22045889576067815,0.0390098730149241
45908,0.05688307777210271,0.040049095058275745,0.05688307777210271
45909,0.19404220011347612,0.37731033435031736,0.19404220011347612
45910,0.0238050549008067,0.056945726279498676,0.0238050549008067
45911,0.05997156205065328,0.29546194449827246,0.05997156205065328
45912,0.4797234000929979,0.8721248777557474,0.4797234000929979
45913,0.018403342315006885,0.0516239092800126,0.018403342315006885
45914,0.09345276666399462,0.2200453792294687,0.09345276666399462
45915,0.10271260492652047,0.6498382031375012,0.10271260492652047
45916,0.25339406576270024,0.39261128774135884,0.25339406576270024
45917,0.33937015373060303,0.6974930203477574,0.33937015373060303
45918,0.09096943112597593,0.12683035407801274,0.09096943112597593
45919,0.04522436418765119,0.02553570991080279,0.04522436418765119
45920,0.448344741134295,0.41824464216866125,0.448344741134295
45921,0.38561012542407197,0.25308947210232285,0.38561012542407197
45922,0.3069374982369177,0.7636526457655132,0.3069374982369177
45923,0.05726533424812986,0.11717292193351109,0.05726533424812986
45924,0.0915919129861221,0.564748242911078,0.0915919129861221
45925,0.6411565473527682,0.6442986925029942,0.6411565473527682
45926,0.053926523929017964,0.15212807764732067,0.053926523929017964
45927,0.051945073899181,0.09160831789189426,0.051945073899181
45928,0.5457773710966386,0.8851871220677131,0.5457773710966386
45929,0.8510700043200105,0.9187774747925918,0.8510700043200105
45930,0.021576838906215923,0.5370871735789063,0.021576838906215923
45931,0.1929086145808252,0.47757030604265205,0.1929086145808252
45932,0.042702964901328265,0.31773370452912647,0.042702964901328265
45933,0.44225250097437074,0.4122230398703056,0.44225250097437074
45934,0.12351814121855302,0.36885918568614906,0.12351814121855302
45935,0.15893787247725738,0.33356849743419414,0.15893787247725738
45936,0.16226241675393593,0.7770141453761863,0.16226241675393593
45937,0.035384388001633654,0.25321283282610946,0.035384388001633654
45938,0.07408845670874625,0.7998961661363743,0.07408845670874625
45939,0.0902356172194419,0.11359401642010891,0.0902356172194419
45940,0.03778606200432627,0.23528270837130558,0.03778606200432627
45941,0.02791643142255816,0.12110503028675691,0.02791643142255816
45942,0.08524780633856405,0.08530710049574812,0.08524780633856405
45943,0.2649236355374038,0.5670501306241712,0.2649236355374038
45944,0.025506353297340932,0.02023329407659873,0.025506353297340932
45945,0.4198033526481272,0.9038826553718596,0.4198033526481272
45946,0.04417020801051188,0.1848864528763428,0.04417020801051188
45947,0.08047238289624874,0.7023997485775826,0.08047238289624874
45948,0.602828022698778,0.9395063983217431,0.602828022698778
45949,0.021011774094111417,0.10642242252948668,0.021011774094111417
45950,0.30789819427505233,0.3355927482685869,0.30789819427505233
45951,0.13846392831633111,0.4569147819515749,0.13846392831633111
45952,0.0740445422420407,0.6084556302740951,0.0740445422420407
45953,0.0307105499275725,0.05171350094611249,0.0307105499275725
45954,0.28275203056575354,0.24284159894304663,0.28275203056575354
45955,0.06623640223079982,0.6747984304956519,0.06623640223079982
45956,0.16873306705501354,0.4750231320858199,0.16873306705501354
45957,0.14916461685275706,0.871585447838217,0.14916461685275706
45958,0.702091552427744,0.6732269321395001,0.702091552427744
45959,0.04047533220550041,0.8105705779274541,0.04047533220550041
45960,0.13957806550224713,0.6971291733149193,0.13957806550224713
45961,0.5096145688486096,0.4499765598645408,0.5096145688486096
45962,0.08070561911264745,0.5266458762034495,0.08070561911264745
45963,0.04461372024992428,0.2807281243843698,0.04461372024992428
45964,0.14945777333120203,0.3659325001993386,0.14945777333120203
45965,0.024918734682831723,0.0362837115717373,0.024918734682831723
45966,0.08480910019660685,0.11298578671113761,0.08480910019660685
45967,0.08002053951020582,0.4110613899805459,0.08002053951020582
45968,0.1209457833730926,0.7184445000317718,0.1209457833730926
45969,0.037304559372390994,0.3288256106465817,0.037304559372390994
45970,0.1984792179442249,0.8274944140336943,0.1984792179442249
45971,0.21599055963866734,0.8529559876013753,0.21599055963866734
45972,0.049145074577371245,0.836051579572479,0.049145074577371245
45973,0.05253032829902143,0.22935473651646016,0.05253032829902143
45974,0.06536819504826077,0.1901440463059783,0.06536819504826077
45975,0.4130311596176947,0.6829179423794058,0.4130311596176947
45976,0.025495920448157648,0.03449813045398734,0.025495920448157648
45977,0.8234075769689891,0.8581579396765724,0.8234075769689891
45978,0.04304480672525577,0.21535338359815345,0.04304480672525577
45979,0.03996190663497251,0.2825417489969072,0.03996190663497251
45980,0.5627287611012451,0.3108548941768828,0.5627287611012451
45981,0.6952969387889322,0.3422022592431251,0.6952969387889322
45982,0.6197269107621004,0.7443953850840981,0.6197269107621004
45983,0.13957218868837357,0.7833443405568097,0.13957218868837357
45984,0.02825871428677845,0.3443239513234769,0.02825871428677845
45985,0.81239409360064,0.7383158833982273,0.81239409360064
45986,0.8648257380280387,0.9100531308196478,0.8648257380280387
45987,0.04439146461352893,0.11727255808806937,0.04439146461352893
45988,0.03932135986249445,0.7363018861140004,0.03932135986249445
45989,0.15215155067083694,0.46885132820813236,0.15215155067083694
45990,0.05564348574602703,0.25166583571572854,0.05564348574602703
45991,0.12306612258578147,0.8137824176092878,0.12306612258578147
45992,0.04298260758677077,0.1792660657258984,0.04298260758677077
45993,0.6511814060567999,0.76358214339667,0.6511814060567999
45994,0.06177434236317105,0.4951739310092068,0.06177434236317105
45995,0.19408020641463228,0.4306680573861462,0.19408020641463228
45996,0.16072242737134013,0.09063533550935138,0.16072242737134013
45997,0.8156436779800693,0.8296818621700246,0.8156436779800693
45998,0.7309429158433337,0.7698288983717193,0.7309429158433337
45999,0.17727004685477568,0.7150285200410911,0.17727004685477568
46000,0.29647380152633857,0.32766023554448187,0.29647380152633857
46001,0.14445477731815587,0.17173282464925763,0.14445477731815587
46002,0.1052506813527691,0.0690123443946024,0.1052506813527691
46003,0.033079356438701815,0.1693665902623997,0.033079356438701815
46004,0.03962931553101391,0.1985030383817663,0.03962931553101391
46005,0.05164292153982612,0.7214306846097861,0.05164292153982612
46006,0.05339586272507215,0.5916620084831925,0.05339586272507215
46007,0.6704230828193067,0.7573006593119924,0.6704230828193067
46008,0.10615434157709461,0.0672731790651595,0.10615434157709461
46009,0.142013937586814,0.5923825499293105,0.142013937586814
46010,0.33614888963922834,0.42554274089444916,0.33614888963922834
46011,0.35890628048959616,0.8881010333624112,0.35890628048959616
46012,0.28919595151624,0.46751922183391176,0.28919595151624
46013,0.06583552880716836,0.16485883510218022,0.06583552880716836
46014,0.07185305494404806,0.13007321438724945,0.07185305494404806
46015,0.05587717116373586,0.6835728155041323,0.05587717116373586
46016,0.07933810646850033,0.7812031660240983,0.07933810646850033
46017,0.035457162939652495,0.4288080492299654,0.035457162939652495
46018,0.34476924783524676,0.1957722997460486,0.34476924783524676
46019,0.22780182542127128,0.4845043397249907,0.22780182542127128
46020,0.10591673689096258,0.26765574431934835,0.10591673689096258
46021,0.05928321836538352,0.29707598747203984,0.05928321836538352
46022,0.34736227291864885,0.46393409987408585,0.34736227291864885
46023,0.032209367228106925,0.4578351055462202,0.032209367228106925
46024,0.039492449767432984,0.3370582623840837,0.039492449767432984
46025,0.05637125129603327,0.592555745158042,0.05637125129603327
46026,0.2740505695996117,0.4532390435833255,0.2740505695996117
46027,0.3179826697303152,0.07855526071000395,0.3179826697303152
46028,0.060392320951072206,0.209175231195407,0.060392320951072206
46029,0.09293053092783343,0.21026354501214406,0.09293053092783343
46030,0.21429209418011963,0.3845008620371988,0.21429209418011963
46031,0.030378360619868844,0.3147957856815992,0.030378360619868844
46032,0.5467285130504853,0.3086329582845517,0.5467285130504853
46033,0.2975350862745222,0.5736546206086388,0.2975350862745222
46034,0.10977148716760193,0.6470402613045063,0.10977148716760193
46035,0.04230416380605657,0.2342278112873984,0.04230416380605657
46036,0.021417493843177572,0.08919925120919486,0.021417493843177572
46037,0.014536596847393161,0.07747268006767208,0.014536596847393161
46038,0.06198716573671347,0.16076925453982896,0.06198716573671347
46039,0.05407800457121811,0.08174879498757567,0.05407800457121811
46040,0.03605869842053268,0.39777850638182,0.03605869842053268
46041,0.058269039302191475,0.3155974075093268,0.058269039302191475
46042,0.05910206487459758,0.16674582010217442,0.05910206487459758
46043,0.4231580946009606,0.4663388389934503,0.4231580946009606
46044,0.3448529383036321,0.25979017941190735,0.3448529383036321
46045,0.05503975364441442,0.37722437003242015,0.05503975364441442
46046,0.026880284253778634,0.22034737946086755,0.026880284253778634
46047,0.7244370737690446,0.6573719389173895,0.7244370737690446
46048,0.21650047236747685,0.23801001697343208,0.21650047236747685
46049,0.1345291659830661,0.4129234478073519,0.1345291659830661
46050,0.5084813794397771,0.4964021608031763,0.5084813794397771
46051,0.043296513086038504,0.08389492657570881,0.043296513086038504
46052,0.7499473232374737,0.93193725389341,0.7499473232374737
46053,0.032000075431158126,0.37802748733103997,0.032000075431158126
46054,0.6795490961362659,0.8866809584882804,0.6795490961362659
46055,0.03500327141261065,0.13072181780659825,0.03500327141261065
46056,0.22968379336477185,0.3344245263295287,0.22968379336477185
46057,0.020539260867633864,0.22881246444817327,0.020539260867633864
46058,0.05873831472622993,0.2783150879998473,0.05873831472622993
46059,0.7611961360943751,0.5792495625667687,0.7611961360943751
46060,0.13362505179653525,0.3603318648158093,0.13362505179653525
46061,0.06665593993373739,0.03456511642275977,0.06665593993373739
46062,0.03141147648426146,0.26293253231360847,0.03141147648426146
46063,0.06939253406804086,0.6982492418834232,0.06939253406804086
46064,0.0312626780343252,0.02672712658261685,0.0312626780343252
46065,0.07065212546305082,0.09068307240953806,0.07065212546305082
46066,0.040021360635289396,0.8619587675899959,0.040021360635289396
46067,0.14469532436931934,0.9026905701253382,0.14469532436931934
46068,0.21433998325186263,0.7575802893698218,0.21433998325186263
46069,0.05972159256222873,0.33027063365213855,0.05972159256222873
46070,0.18859609474449707,0.09989890801539622,0.18859609474449707
46071,0.07359072933584787,0.5128759904666403,0.07359072933584787
46072,0.35633166048053366,0.3888667826659681,0.35633166048053366
46073,0.2389470761617693,0.40622933943203576,0.2389470761617693
46074,0.09273373250872723,0.7321767227998685,0.09273373250872723
46075,0.07899437579703684,0.11989051907958426,0.07899437579703684
46076,0.04540316590731967,0.12047190327885564,0.04540316590731967
46077,0.08141655279843425,0.1244132868004879,0.08141655279843425
46078,0.07361686746543633,0.08957849732529456,0.07361686746543633
46079,0.2736585046684568,0.15001401301743725,0.2736585046684568
46080,0.02600512463609066,0.24037157419510186,0.02600512463609066
46081,0.42028328762962663,0.49318687500573716,0.42028328762962663
46082,0.037588344344901235,0.34659920651948267,0.037588344344901235
46083,0.06865054045483947,0.13176263468678232,0.06865054045483947
46084,0.37937725510074327,0.8218383276387354,0.37937725510074327
46085,0.23550150106544807,0.7934223864478277,0.23550150106544807
46086,0.11080383906077299,0.5049530130606426,0.11080383906077299
46087,0.07356203572191758,0.24480831917444182,0.07356203572191758
46088,0.14989831569312634,0.12147673171235635,0.14989831569312634
46089,0.0867287815634962,0.46246106288497085,0.0867287815634962
46090,0.016903679653057398,0.017974812933804128,0.016903679653057398
46091,0.41730624516232867,0.844009824353248,0.41730624516232867
46092,0.5607693765444024,0.7172190303831983,0.5607693765444024
46093,0.06321900348921014,0.21513608434414486,0.06321900348921014
46094,0.07814940500385809,0.17203865795233822,0.07814940500385809
46095,0.06421915849658373,0.787886412045644,0.06421915849658373
46096,0.1039128707640427,0.6160701446294224,0.1039128707640427
46097,0.030521901123472736,0.03580093625786543,0.030521901123472736
46098,0.12548000324642433,0.5137965553049721,0.12548000324642433
46099,0.44865156433102255,0.6451858289453919,0.44865156433102255
46100,0.3910414953956094,0.435764535260774,0.3910414953956094
46101,0.017614808702790034,0.0194342744283999,0.017614808702790034
46102,0.06457448379873704,0.13838858663976392,0.06457448379873704
46103,0.4089125422214174,0.15978543624780056,0.4089125422214174
46104,0.2176661465245016,0.7355615671086061,0.2176661465245016
46105,0.10273594508299824,0.3820659769803367,0.10273594508299824
46106,0.013703422442485779,0.535976478715744,0.013703422442485779
46107,0.5231321675476565,0.5380812744515187,0.5231321675476565
46108,0.03443271930348332,0.11287399913154778,0.03443271930348332
46109,0.16599217643879602,0.1352509458081484,0.16599217643879602
46110,0.05485630478801913,0.2698050577090628,0.05485630478801913
46111,0.5288148720886078,0.6413642234908428,0.5288148720886078
46112,0.1421179179964947,0.5489443624321785,0.1421179179964947
46113,0.031002803107477144,0.0935222799318555,0.031002803107477144
46114,0.05091785149484912,0.8722584085562413,0.05091785149484912
46115,0.3609941961507024,0.6976625629635208,0.3609941961507024
46116,0.0473336483570969,0.0657694947701085,0.0473336483570969
46117,0.16166992480427111,0.1482606156200788,0.16166992480427111
46118,0.07606346719510433,0.8877042821173973,0.07606346719510433
46119,0.09321185582704447,0.7818233504452894,0.09321185582704447
46120,0.03809428384740693,0.5024105781124985,0.03809428384740693
46121,0.5745626220151294,0.2469418921657528,0.5745626220151294
46122,0.03286932773264188,0.2212471506044904,0.03286932773264188
46123,0.022070336930439294,0.08637113820931745,0.022070336930439294
46124,0.3293856391450879,0.05603988094038499,0.3293856391450879
46125,0.09195628700038966,0.33370763539357867,0.09195628700038966
46126,0.17101297121714154,0.8560896673021456,0.17101297121714154
46127,0.1375267251842424,0.5433786071408256,0.1375267251842424
46128,0.7141983550162918,0.9250484495328527,0.7141983550162918
46129,0.4114697462936958,0.7857362551548427,0.4114697462936958
46130,0.008418135970062185,0.012139075095842503,0.008418135970062185
46131,0.13620144028770806,0.8477945460968315,0.13620144028770806
46132,0.06059380818118093,0.34526187144058074,0.06059380818118093
46133,0.09712164337144484,0.40721079286748374,0.09712164337144484
46134,0.054349701741635385,0.5882226358323948,0.054349701741635385
46135,0.13394781216760673,0.2532686917670614,0.13394781216760673
46136,0.030054529364154668,0.5746573459275959,0.030054529364154668
46137,0.3512821401938556,0.8386706199839526,0.3512821401938556
46138,0.04805431652581412,0.09527150955036043,0.04805431652581412
46139,0.046924851990687425,0.17133490781108174,0.046924851990687425
46140,0.8533777798248718,0.9505326290922307,0.8533777798248718
46141,0.08498492824279129,0.5097393234615784,0.08498492824279129
46142,0.17900592067566126,0.18048316025226915,0.17900592067566126
46143,0.09811927028267552,0.21827113692178615,0.09811927028267552
46144,0.10413169977961263,0.5026473106995625,0.10413169977961263
46145,0.01182213980991918,0.04540371946138721,0.01182213980991918
46146,0.17331095475490937,0.37526773670897345,0.17331095475490937
46147,0.05963464803527633,0.1314249431214382,0.05963464803527633
46148,0.7230630204503935,0.8501404193370848,0.7230630204503935
46149,0.0510599587788583,0.7293356598604522,0.0510599587788583
46150,0.6465117703846538,0.7475663724372349,0.6465117703846538
46151,0.01285657034820042,0.011493000020660846,0.01285657034820042
46152,0.09808111321187804,0.49290764434600354,0.09808111321187804
46153,0.03131007994643284,0.35472342564055503,0.03131007994643284
46154,0.08592608950782842,0.47164994919701536,0.08592608950782842
46155,0.36834958137096957,0.6069981754900409,0.36834958137096957
46156,0.07729183396346502,0.43444061394315264,0.07729183396346502
46157,0.12868349585367853,0.1303274367294219,0.12868349585367853
46158,0.6858040391186788,0.17059417009618982,0.6858040391186788
46159,0.07410401117311397,0.14597159611258204,0.07410401117311397
46160,0.12232364725203058,0.900932649573816,0.12232364725203058
46161,0.025865069072109517,0.06099773838462192,0.025865069072109517
46162,0.042841619504280955,0.39342837940322933,0.042841619504280955
46163,0.05197486871833879,0.06953093508329909,0.05197486871833879
46164,0.04831748671090822,0.04104630255721821,0.04831748671090822
46165,0.08122316432802723,0.153288482739578,0.08122316432802723
46166,0.09240750489648254,0.3113810368334466,0.09240750489648254
46167,0.22109572958841936,0.5386748465905353,0.22109572958841936
46168,0.041002619024732165,0.16593987065041027,0.041002619024732165
46169,0.04164625914671337,0.43817613182913195,0.04164625914671337
46170,0.3303397396018013,0.6255248921396764,0.3303397396018013
46171,0.545791375677963,0.726048488159957,0.545791375677963
46172,0.03412662258163104,0.09286478866780973,0.03412662258163104
46173,0.0892071037436943,0.13260105571991898,0.0892071037436943
46174,0.2197098418921583,0.4579448192638809,0.2197098418921583
46175,0.23226839895972326,0.5299411778176074,0.23226839895972326
46176,0.04707328901444241,0.15295143576263484,0.04707328901444241
46177,0.06703570475331132,0.2642122121041608,0.06703570475331132
46178,0.7092579682107876,0.16702156989812525,0.7092579682107876
46179,0.20072330915044137,0.7479780043276836,0.20072330915044137
46180,0.059720098055141814,0.2075244968883392,0.059720098055141814
46181,0.04913349038434246,0.14032257760168265,0.04913349038434246
46182,0.02935109884832577,0.6717683435206688,0.02935109884832577
46183,0.33226106781358056,0.4605641620846697,0.33226106781358056
46184,0.05307923521566933,0.17599649972388293,0.05307923521566933
46185,0.573450628617866,0.49498383515768574,0.573450628617866
46186,0.3117463803818733,0.6291978066744,0.3117463803818733
46187,0.12072397476341634,0.4656746050845371,0.12072397476341634
46188,0.19488559262059982,0.4945485664926013,0.19488559262059982
46189,0.027416632190818625,0.5788761560896011,0.027416632190818625
46190,0.03064559791248939,0.1258439944935122,0.03064559791248939
46191,0.13938084541172716,0.3320485694882337,0.13938084541172716
46192,0.049740451716469854,0.3616951582280599,0.049740451716469854
46193,0.44216209679753754,0.4083879655646024,0.44216209679753754
46194,0.34919205718802415,0.34222850425171636,0.34919205718802415
46195,0.02084973445561033,0.07647950419058135,0.02084973445561033
46196,0.03708046669882942,0.565502594639411,0.03708046669882942
46197,0.04915035952399431,0.7434172922595215,0.04915035952399431
46198,0.643329783252762,0.8239869275684986,0.643329783252762
46199,0.03722122470805281,0.19570101336938026,0.03722122470805281
46200,0.011358165710387542,0.10491590318930209,0.011358165710387542
46201,0.6887548435133247,0.6379157318032695,0.6887548435133247
46202,0.08188599983001822,0.20247589317845444,0.08188599983001822
46203,0.1172077914816435,0.3931947931478933,0.1172077914816435
46204,0.29884580636354513,0.5743947037064077,0.29884580636354513
46205,0.06231378099844117,0.21972736475804977,0.06231378099844117
46206,0.12143355577337332,0.5748893268826707,0.12143355577337332
46207,0.0700967765750506,0.713118372698289,0.0700967765750506
46208,0.07246171474130052,0.4591224694831331,0.07246171474130052
46209,0.056637266775579405,0.08824868543873375,0.056637266775579405
46210,0.029997904379776494,0.255920582091893,0.029997904379776494
46211,0.03639354056963678,0.07611325717795016,0.03639354056963678
46212,0.035173308773703754,0.15224295156625772,0.035173308773703754
46213,0.14431013603774584,0.19680674654527427,0.14431013603774584
46214,0.0687315829709035,0.7071970668579273,0.0687315829709035
46215,0.0363482589742343,0.36049398206791056,0.0363482589742343
46216,0.02518904195344013,0.343065698450992,0.02518904195344013
46217,0.08534999618140397,0.35181067365304736,0.08534999618140397
46218,0.03809928411626163,0.16941307870629402,0.03809928411626163
46219,0.09402491597543218,0.4507389662094428,0.09402491597543218
46220,0.07488544326844643,0.280521878789268,0.07488544326844643
46221,0.01181952217701409,0.10598772039855434,0.01181952217701409
46222,0.06903392991161736,0.3254363005930512,0.06903392991161736
46223,0.07888458017611079,0.21785234994196806,0.07888458017611079
46224,0.02403816667503632,0.10736655441933822,0.02403816667503632
46225,0.6724517660545581,0.7381985953431068,0.6724517660545581
46226,0.03375596896123377,0.3552379863877118,0.03375596896123377
46227,0.0627857798640712,0.38789369524319284,0.0627857798640712
46228,0.09964555196870534,0.5138023371826771,0.09964555196870534
46229,0.05853702943134033,0.3161288308587869,0.05853702943134033
46230,0.04716892671533207,0.32650653024086934,0.04716892671533207
46231,0.24241681525064235,0.38632959914862414,0.24241681525064235
46232,0.11376905661579445,0.2180965776347126,0.11376905661579445
46233,0.0785421844843474,0.40316898914090443,0.0785421844843474
46234,0.037996067393571885,0.06272165555951113,0.037996067393571885
46235,0.4461908921904026,0.6829267207573969,0.4461908921904026
46236,0.046298610039724,0.3135284209290846,0.046298610039724
46237,0.3695469990038103,0.5586044783141862,0.3695469990038103
46238,0.26037384800421426,0.5368677877971382,0.26037384800421426
46239,0.7031439034253855,0.6699073560486518,0.7031439034253855
46240,0.304434704602878,0.8052859984251253,0.304434704602878
46241,0.07089929687784384,0.3312242463177181,0.07089929687784384
46242,0.0649400540292272,0.10207994001934723,0.0649400540292272
46243,0.014353585114773186,0.1220146039249398,0.014353585114773186
46244,0.20346177166376925,0.4409478711998858,0.20346177166376925
46245,0.16224659464860083,0.19960977560555895,0.16224659464860083
46246,0.24386857943970908,0.10236671286236419,0.24386857943970908
46247,0.03539065298916147,0.38035067563478575,0.03539065298916147
46248,0.06235520951508104,0.07304337171600137,0.06235520951508104
46249,0.04512233911190049,0.2515071045292921,0.04512233911190049
46250,0.1146524610739471,0.32205314100681676,0.1146524610739471
46251,0.36246912786720453,0.31613690235171304,0.36246912786720453
46252,0.28711516379019375,0.21537143310290793,0.28711516379019375
46253,0.0891417066146569,0.4295324083742402,0.0891417066146569
46254,0.04871600103958579,0.4058552422864828,0.04871600103958579
46255,0.025077889259244913,0.376136568134672,0.025077889259244913
46256,0.06546448639014045,0.21446720583587808,0.06546448639014045
46257,0.39325558798624083,0.38161795095580414,0.39325558798624083
46258,0.0651691762445129,0.24860153080248001,0.0651691762445129
46259,0.11551458349435131,0.19238614407108126,0.11551458349435131
46260,0.08449396435049245,0.2875233863009027,0.08449396435049245
46261,0.5425579857881262,0.18916597183565045,0.5425579857881262
46262,0.5910477016696611,0.7682724798948515,0.5910477016696611
46263,0.057165187896386145,0.5859137820904322,0.057165187896386145
46264,0.07771167139300597,0.7003723075898187,0.07771167139300597
46265,0.5556375107754111,0.6907343781024936,0.5556375107754111
46266,0.13956777056834951,0.40860157544485143,0.13956777056834951
46267,0.20536204202401617,0.8837153287084212,0.20536204202401617
46268,0.06665080415430619,0.8699908817407183,0.06665080415430619
46269,0.0334122195923186,0.4403073434499473,0.0334122195923186
46270,0.045050524268048384,0.18167210132770975,0.045050524268048384
46271,0.10065592873112277,0.13434829107922436,0.10065592873112277
46272,0.08398898909091271,0.22933600840421284,0.08398898909091271
46273,0.03198244954148073,0.013230386591143771,0.03198244954148073
46274,0.6766320001705544,0.5638433249440369,0.6766320001705544
46275,0.10077591080152033,0.1869828174638353,0.10077591080152033
46276,0.07894595860021177,0.1291540864099275,0.07894595860021177
46277,0.5321338501143535,0.1224003454236127,0.5321338501143535
46278,0.1081448758031507,0.33679004715193017,0.1081448758031507
46279,0.1006885872895195,0.6395067772127615,0.1006885872895195
46280,0.009192313223679884,0.06460734049142608,0.009192313223679884
46281,0.2726038913714652,0.9491557865558545,0.2726038913714652
46282,0.1817695752513563,0.1623403396263213,0.1817695752513563
46283,0.02978923354047633,0.17293249243213696,0.02978923354047633
46284,0.059275869485529036,0.08027600020217031,0.059275869485529036
46285,0.5338616689754907,0.2609633739416402,0.5338616689754907
46286,0.09392307786711965,0.6548303451391037,0.09392307786711965
46287,0.05051900518649326,0.3818838677612636,0.05051900518649326
46288,0.04965062340899641,0.09824811035347743,0.04965062340899641
46289,0.07467960334616436,0.28357247610145975,0.07467960334616436
46290,0.0752984912001585,0.23595581486940168,0.0752984912001585
46291,0.026000194467584906,0.3553673935246544,0.026000194467584906
46292,0.06713597742606417,0.10098826652352226,0.06713597742606417
46293,0.1843263785219692,0.3472139433986419,0.1843263785219692
46294,0.03689687321434179,0.28621333820542305,0.03689687321434179
46295,0.6896346410250908,0.3185572465787901,0.6896346410250908
46296,0.20331407273601637,0.1476752347839633,0.20331407273601637
46297,0.10430705642596481,0.30623878195462756,0.10430705642596481
46298,0.2129626963076746,0.35046147748456125,0.2129626963076746
46299,0.7092021453206234,0.8639519123504495,0.7092021453206234
46300,0.3214960004637076,0.2549719731792762,0.3214960004637076
46301,0.21937358274868907,0.8223348484433948,0.21937358274868907
46302,0.04690674953526292,0.35457075157712076,0.04690674953526292
46303,0.029018358386417042,0.1052959942279804,0.029018358386417042
46304,0.23157481768110705,0.7761517867581246,0.23157481768110705
46305,0.11965526007240265,0.46648652363382714,0.11965526007240265
46306,0.01682847890208398,0.03627033861147794,0.01682847890208398
46307,0.021467699643430406,0.09241240575685972,0.021467699643430406
46308,0.05001567718758984,0.12913804129115444,0.05001567718758984
46309,0.3555935630434803,0.8141110758646614,0.3555935630434803
46310,0.05615139340042572,0.10726601086992163,0.05615139340042572
46311,0.5568142102918409,0.7930077998079545,0.5568142102918409
46312,0.03342060028195319,0.6468274430099706,0.03342060028195319
46313,0.013842928896386313,0.016415991659852146,0.013842928896386313
46314,0.10021118279544575,0.4182404104917694,0.10021118279544575
46315,0.7858414585050343,0.8046850038341209,0.7858414585050343
46316,0.38807283964790384,0.4079482503984729,0.38807283964790384
46317,0.16634135042409684,0.019529329895139447,0.16634135042409684
46318,0.010682176533550997,0.009131150944409914,0.010682176533550997
46319,0.03441518695667024,0.3426733632714054,0.03441518695667024
46320,0.2525699326209269,0.1213825845790861,0.2525699326209269
46321,0.019256567388500193,0.07826515054404064,0.019256567388500193
46322,0.033712010729124796,0.0591029208375761,0.033712010729124796
46323,0.09120698998296732,0.4503273708503177,0.09120698998296732
46324,0.09756531899629545,0.4366464443747984,0.09756531899629545
46325,0.005068045735720471,0.18778740228401242,0.005068045735720471
46326,0.1376762719415833,0.665788720044598,0.1376762719415833
46327,0.08484255952314883,0.1301416384159958,0.08484255952314883
46328,0.0674143007314783,0.0525224993772983,0.0674143007314783
46329,0.558841296194846,0.5437947485180668,0.558841296194846
46330,0.048320475889543885,0.23968716614150032,0.048320475889543885
46331,0.12861832363722234,0.8088977958058656,0.12861832363722234
46332,0.18455643207073122,0.7800717917635157,0.18455643207073122
46333,0.1747997894720962,0.42694627536943336,0.1747997894720962
46334,0.09996650654472661,0.12101590729194861,0.09996650654472661
46335,0.0791341033818921,0.6710060955032248,0.0791341033818921
46336,0.16894412023834338,0.5639394549907687,0.16894412023834338
46337,0.032089359136345016,0.11508524715202822,0.032089359136345016
46338,0.10472214144450633,0.22683081599032165,0.10472214144450633
46339,0.6922185091498837,0.7816902898649143,0.6922185091498837
46340,0.47049379532249097,0.7223498798007252,0.47049379532249097
46341,0.07739536965488221,0.23162169111061318,0.07739536965488221
46342,0.11053208754002522,0.7742497835393932,0.11053208754002522
46343,0.0877014779509588,0.5868440185554172,0.0877014779509588
46344,0.5642435710672655,0.7090294588762525,0.5642435710672655
46345,0.01947007808463325,0.04318772060554594,0.01947007808463325
46346,0.7766537242440663,0.3978334315090724,0.7766537242440663
46347,0.10857498767572529,0.4330134427903275,0.10857498767572529
46348,0.5115282345704082,0.7230334236291774,0.5115282345704082
46349,0.4107317914235907,0.29268001568351826,0.4107317914235907
46350,0.03436591921754978,0.14063509846452504,0.03436591921754978
46351,0.014260035937070842,0.21302750729237543,0.014260035937070842
46352,0.09276299214177228,0.3211236580895097,0.09276299214177228
46353,0.4849222684983265,0.3981977399517948,0.4849222684983265
46354,0.31864958869548216,0.5072572055834402,0.31864958869548216
46355,0.13243866912162092,0.4452150707782416,0.13243866912162092
46356,0.06444176861749448,0.38002284189881297,0.06444176861749448
46357,0.04356711863700884,0.38014799713561687,0.04356711863700884
46358,0.0870112449917251,0.17585488629240303,0.0870112449917251
46359,0.09824523264271821,0.2840436253365098,0.09824523264271821
46360,0.016824977691854513,0.08736299135739653,0.016824977691854513
46361,0.49560068076625724,0.3554916107250973,0.49560068076625724
46362,0.10025323804399958,0.37784462692165344,0.10025323804399958
46363,0.5724600707170413,0.855658186164786,0.5724600707170413
46364,0.03932103924258705,0.8090051918597919,0.03932103924258705
46365,0.0959783017218143,0.4671770140612111,0.0959783017218143
46366,0.09690425892072949,0.37826075054822045,0.09690425892072949
46367,0.01514708958576148,0.10540527073517679,0.01514708958576148
46368,0.30444998685960795,0.10625620813060403,0.30444998685960795
46369,0.5349677139188016,0.3589079070360141,0.5349677139188016
46370,0.18659478346920405,0.8196491541608434,0.18659478346920405
46371,0.023170317986677253,0.07715279679339689,0.023170317986677253
46372,0.1018459613835164,0.026632568252449727,0.1018459613835164
46373,0.12553700242414845,0.38415996804793445,0.12553700242414845
46374,0.3765965201870226,0.6433192243007635,0.3765965201870226
46375,0.0492806659785455,0.26838259739451176,0.0492806659785455
46376,0.07277212694470743,0.3491418436317863,0.07277212694470743
46377,0.5741062320185952,0.8821582722506133,0.5741062320185952
46378,0.21641230714447537,0.5220867481686293,0.21641230714447537
46379,0.053662586047516676,0.17650870031346644,0.053662586047516676
46380,0.078718015457863,0.13594218473263658,0.078718015457863
46381,0.051473242552377806,0.689731295349378,0.051473242552377806
46382,0.17463330448451067,0.06648467439964649,0.17463330448451067
46383,0.34309194774526064,0.8031928583957967,0.34309194774526064
46384,0.4695021123634636,0.23970270492620013,0.4695021123634636
46385,0.08894765939924537,0.4003722695218172,0.08894765939924537
46386,0.026924472843786632,0.4385319743941545,0.026924472843786632
46387,0.044720796261414314,0.3799817122602273,0.044720796261414314
46388,0.34842287475185857,0.320584734114968,0.34842287475185857
46389,0.4833770800792689,0.1432637892473137,0.4833770800792689
46390,0.04933371992680524,0.4975816289290325,0.04933371992680524
46391,0.09827754595516479,0.5855830924563491,0.09827754595516479
46392,0.02656569409027061,0.06845931634269392,0.02656569409027061
46393,0.6284635138787652,0.7100438383957856,0.6284635138787652
46394,0.5206364478189434,0.5683174052769188,0.5206364478189434
46395,0.06808678226177488,0.5248999240149923,0.06808678226177488
46396,0.07799914788303368,0.2530330366491913,0.07799914788303368
46397,0.11514705742279446,0.5723670633264403,0.11514705742279446
46398,0.07110286621315935,0.3150266731408017,0.07110286621315935
46399,0.3487000744260994,0.8580527464071124,0.3487000744260994
46400,0.34066926188094915,0.5499753135975234,0.34066926188094915
46401,0.036873247982844824,0.3700543767244834,0.036873247982844824
46402,0.2722247169520096,0.52645027923216,0.2722247169520096
46403,0.5174524249521257,0.6055412613936453,0.5174524249521257
46404,0.18569605462110614,0.8280405634625685,0.18569605462110614
46405,0.5581682952410698,0.9218801631002645,0.5581682952410698
46406,0.05758640409976206,0.03522835701237159,0.05758640409976206
46407,0.06303721286604631,0.722922142703272,0.06303721286604631
46408,0.12289935722210403,0.42460793687252174,0.12289935722210403
46409,0.0675141275567798,0.49822599904636466,0.0675141275567798
46410,0.04358378603491617,0.15992386821780136,0.04358378603491617
46411,0.2107184014380694,0.2357075638340651,0.2107184014380694
46412,0.0636797281269126,0.26838705178901257,0.0636797281269126
46413,0.21398069602769962,0.2719001859269818,0.21398069602769962
46414,0.016791896231048622,0.03946332731779437,0.016791896231048622
46415,0.016769718938727144,0.19776189408678707,0.016769718938727144
46416,0.09673280012180269,0.8024700001769359,0.09673280012180269
46417,0.012594681268761341,0.05973221607564968,0.012594681268761341
46418,0.04459673391359652,0.5458426068187163,0.04459673391359652
46419,0.04533737399999558,0.3529444610362471,0.04533737399999558
46420,0.04815795932544417,0.08546291430126382,0.04815795932544417
46421,0.18281549339751277,0.6741519871587137,0.18281549339751277
46422,0.815613573871013,0.4015394846959075,0.815613573871013
46423,0.37901201529324835,0.8580475639035973,0.37901201529324835
46424,0.06176789540565351,0.10839725379386639,0.06176789540565351
46425,0.8850086142592344,0.970977273643847,0.8850086142592344
46426,0.2684169279041049,0.1636278332951041,0.2684169279041049
46427,0.04331596872413903,0.37541098789475036,0.04331596872413903
46428,0.09011385800609524,0.3834248902827765,0.09011385800609524
46429,0.08180553382226827,0.3016465005862845,0.08180553382226827
46430,0.0162905377482622,0.1025483128723159,0.0162905377482622
46431,0.06404436837981242,0.39945188734076204,0.06404436837981242
46432,0.7957219245804779,0.8997735532578884,0.7957219245804779
46433,0.16204172401107986,0.26994159059604445,0.16204172401107986
46434,0.5296843060031026,0.6796361812346153,0.5296843060031026
46435,0.020986069605505718,0.2831198051190374,0.020986069605505718
46436,0.08223148717165833,0.0763023312976215,0.08223148717165833
46437,0.11317687081887237,0.36222952121031565,0.11317687081887237
46438,0.6951397494542811,0.41571182430517156,0.6951397494542811
46439,0.13826538173265,0.24843843323504278,0.13826538173265
46440,0.06096400526052067,0.42065894627315753,0.06096400526052067
46441,0.06701668609631034,0.2453330897978216,0.06701668609631034
46442,0.13881590020031465,0.5681993555762168,0.13881590020031465
46443,0.10216624893283846,0.7929890882637803,0.10216624893283846
46444,0.004939885128248408,0.0349131189182665,0.004939885128248408
46445,0.18357020527969592,0.48653662146440474,0.18357020527969592
46446,0.07368470257130355,0.08525469070925025,0.07368470257130355
46447,0.06821227516178,0.28657880468896363,0.06821227516178
46448,0.03159246196589588,0.5317106683127809,0.03159246196589588
46449,0.21105534228264525,0.4683292626134389,0.21105534228264525
46450,0.120520794388814,0.267920801203639,0.120520794388814
46451,0.265910329607941,0.6904814434637746,0.265910329607941
46452,0.42430493427473215,0.42329032857244175,0.42430493427473215
46453,0.010172239490236604,0.10164690131474986,0.010172239490236604
46454,0.11522859841683682,0.033780567205539756,0.11522859841683682
46455,0.03183216465710028,0.055068680995695174,0.03183216465710028
46456,0.028156755851873654,0.37477143181965283,0.028156755851873654
46457,0.13970433682782135,0.4500041707564465,0.13970433682782135
46458,0.07478224553519967,0.8492855692071807,0.07478224553519967
46459,0.18734041097826043,0.3875926743796057,0.18734041097826043
46460,0.585117623697849,0.9050065155461895,0.585117623697849
46461,0.2104778374691867,0.4031153282887994,0.2104778374691867
46462,0.0936260347539038,0.33061832017983434,0.0936260347539038
46463,0.3225175435890303,0.5233415963856908,0.3225175435890303
46464,0.031417747495604324,0.2831878773288981,0.031417747495604324
46465,0.31490144823508853,0.6252275615009014,0.31490144823508853
46466,0.2162154355070394,0.4366495715746037,0.2162154355070394
46467,0.13923909662290562,0.44924588771846014,0.13923909662290562
46468,0.013105314783149313,0.010374222409760017,0.013105314783149313
46469,0.038441533338555454,0.15538096028286566,0.038441533338555454
46470,0.07056379805471526,0.6953918760087843,0.07056379805471526
46471,0.10068447333638367,0.23707743785227617,0.10068447333638367
46472,0.06611570469164144,0.10190711470682169,0.06611570469164144
46473,0.8048992672106301,0.9483782637623202,0.8048992672106301
46474,0.41366538264090114,0.6430636546215612,0.41366538264090114
46475,0.11272238942621661,0.29466305242016844,0.11272238942621661
46476,0.639629485078617,0.8463141617952793,0.639629485078617
46477,0.24042852035329362,0.5758854092470445,0.24042852035329362
46478,0.3352882571778449,0.6446649385412772,0.3352882571778449
46479,0.2527995970553739,0.9075396971144092,0.2527995970553739
46480,0.027965446900926484,0.13868151982745974,0.027965446900926484
46481,0.06948996880142838,0.1878132838721784,0.06948996880142838
46482,0.22741305457284688,0.2552848307791575,0.22741305457284688
46483,0.022397337993895747,0.16859353879557087,0.022397337993895747
46484,0.04977717428402735,0.2886503657885528,0.04977717428402735
46485,0.036501424820816995,0.10854245905737699,0.036501424820816995
46486,0.36610601721071256,0.9176179487252845,0.36610601721071256
46487,0.1505548156705528,0.21097633732699617,0.1505548156705528
46488,0.09770676082784405,0.31613864071450826,0.09770676082784405
46489,0.02296751691381333,0.17504695953999583,0.02296751691381333
46490,0.03473264877049484,0.06262944030976986,0.03473264877049484
46491,0.11209814742878749,0.08325247625536314,0.11209814742878749
46492,0.2559229103051172,0.5208709095442564,0.2559229103051172
46493,0.049818693464649004,0.292730224426781,0.049818693464649004
46494,0.02497700770261875,0.011233439482490191,0.02497700770261875
46495,0.1581844776531677,0.5450459557474949,0.1581844776531677
46496,0.033951325028407475,0.1014207990081964,0.033951325028407475
46497,0.1490649121229722,0.07009087991143641,0.1490649121229722
46498,0.009669367445910555,0.01798781127646609,0.009669367445910555
46499,0.044222806301665966,0.206139634752251,0.044222806301665966
46500,0.3665126725690727,0.4121555835056875,0.3665126725690727
46501,0.3073858379683024,0.436126919036802,0.3073858379683024
46502,0.02808322143570634,0.13666628085119345,0.02808322143570634
46503,0.13084032562620534,0.3267255033770957,0.13084032562620534
46504,0.053918556760789466,0.41354707532396623,0.053918556760789466
46505,0.16490289234457273,0.11687627250083148,0.16490289234457273
46506,0.037469051005429486,0.01627466007084458,0.037469051005429486
46507,0.0945269459103332,0.4441818772702254,0.0945269459103332
46508,0.021645896396317373,0.09993869664388635,0.021645896396317373
46509,0.18871046334470576,0.16583992986856047,0.18871046334470576
46510,0.0733518136044625,0.21902090843725397,0.0733518136044625
46511,0.027508274955634907,0.5967281047904867,0.027508274955634907
46512,0.035109008364493086,0.44166709031850315,0.035109008364493086
46513,0.04777372317248751,0.5685381406597485,0.04777372317248751
46514,0.9022937534858714,0.922091402902173,0.9022937534858714
46515,0.262482218169327,0.7574016837413143,0.262482218169327
46516,0.18337307418875107,0.6825547830546624,0.18337307418875107
46517,0.07914897075393966,0.4325402172444167,0.07914897075393966
46518,0.06596881683862243,0.520855474432329,0.06596881683862243
46519,0.04705339368256608,0.2540886354701852,0.04705339368256608
46520,0.028085929585374352,0.08363073165306388,0.028085929585374352
46521,0.0931964617008677,0.5373120457601761,0.0931964617008677
46522,0.0644637368240919,0.5664228188704292,0.0644637368240919
46523,0.07327124638198015,0.6401375097569859,0.07327124638198015
46524,0.17174776532918418,0.5242554116467173,0.17174776532918418
46525,0.10012340396247145,0.5242475772434062,0.10012340396247145
46526,0.17666086502483702,0.3550332337276625,0.17666086502483702
46527,0.5005542125060044,0.6153417323199722,0.5005542125060044
46528,0.3018135189111557,0.2645281095076507,0.3018135189111557
46529,0.04845669373287993,0.2668288358117676,0.04845669373287993
46530,0.8871651000571736,0.9209780716889162,0.8871651000571736
46531,0.3193133161529984,0.7555930200812161,0.3193133161529984
46532,0.6002067444826426,0.133550444989046,0.6002067444826426
46533,0.038585079079479674,0.2717968796294494,0.038585079079479674
46534,0.09963341711361033,0.7818918341363615,0.09963341711361033
46535,0.1545773199045843,0.2648579988051872,0.1545773199045843
46536,0.1931349683842551,0.6044944007932558,0.1931349683842551
46537,0.1495384492811115,0.42871281890745067,0.1495384492811115
46538,0.025959752010258068,0.1367460995768078,0.025959752010258068
46539,0.21405291832258028,0.1551420328331308,0.21405291832258028
46540,0.04750620130560467,0.1922881580564256,0.04750620130560467
46541,0.10383472281033466,0.12114498940215167,0.10383472281033466
46542,0.027523210338301508,0.6356091639533425,0.027523210338301508
46543,0.19538805692378208,0.2595722649003098,0.19538805692378208
46544,0.19313034031520337,0.8168181496037578,0.19313034031520337
46545,0.13804483121598102,0.5567006682314342,0.13804483121598102
46546,0.11857531673976682,0.3182517533574484,0.11857531673976682
46547,0.10572141879138659,0.1895262990675137,0.10572141879138659
46548,0.036755253422767954,0.28080233143688416,0.036755253422767954
46549,0.1812940238916506,0.7424576031549026,0.1812940238916506
46550,0.03298939806518504,0.06902134556476615,0.03298939806518504
46551,0.11199874795987418,0.3398598369695284,0.11199874795987418
46552,0.05496182957582906,0.4456807417282411,0.05496182957582906
46553,0.10255520797821605,0.4220525490609059,0.10255520797821605
46554,0.2235547462688906,0.10676583767505411,0.2235547462688906
46555,0.04021228345867646,0.2243516564188905,0.04021228345867646
46556,0.403483818511855,0.6132261197836456,0.403483818511855
46557,0.044865058474907356,0.02686184881906441,0.044865058474907356
46558,0.0687955057274401,0.13640226096175684,0.0687955057274401
46559,0.09757543909935834,0.5077197087783172,0.09757543909935834
46560,0.04731480186908577,0.15075694749722762,0.04731480186908577
46561,0.21673532699786335,0.5205281027654831,0.21673532699786335
46562,0.0646990388026956,0.8707640620517095,0.0646990388026956
46563,0.7016560849462294,0.9114726107707897,0.7016560849462294
46564,0.5344244088484846,0.6674377500665017,0.5344244088484846
46565,0.2785439825665253,0.31485375836814944,0.2785439825665253
46566,0.2853443524260797,0.43463608049746716,0.2853443524260797
46567,0.09539875052031076,0.12288744748612401,0.09539875052031076
46568,0.699794338473471,0.8237926882173319,0.699794338473471
46569,0.006904279231308797,0.12357491139390946,0.006904279231308797
46570,0.04969188847062536,0.12101804516599929,0.04969188847062536
46571,0.07715704292094025,0.6143840423439874,0.07715704292094025
46572,0.12100290361699437,0.16860536502212323,0.12100290361699437
46573,0.06997728486320513,0.5497501636431976,0.06997728486320513
46574,0.05913537490937021,0.20036424251034715,0.05913537490937021
46575,0.05156292989150981,0.09637116020522925,0.05156292989150981
46576,0.03506927547243209,0.19949484428012393,0.03506927547243209
46577,0.036513469617962445,0.27545352969853076,0.036513469617962445
46578,0.05435283329387002,0.5982344943064384,0.05435283329387002
46579,0.16367246015335726,0.501935659337215,0.16367246015335726
46580,0.07337539678766203,0.7102660826873398,0.07337539678766203
46581,0.049068979143972444,0.33429578453475284,0.049068979143972444
46582,0.1112369144604748,0.38692011851277675,0.1112369144604748
46583,0.04777419615343036,0.36999823020634215,0.04777419615343036
46584,0.031181493344270037,0.12416965881097808,0.031181493344270037
46585,0.03289749425215416,0.07192861722481791,0.03289749425215416
46586,0.21294481948733285,0.5777206548360175,0.21294481948733285
46587,0.07899170191685642,0.4499065117493593,0.07899170191685642
46588,0.07661352551254186,0.16142407479685505,0.07661352551254186
46589,0.027669001772105666,0.030644637753791983,0.027669001772105666
46590,0.5591035794606428,0.8503132496554384,0.5591035794606428
46591,0.31351400740648183,0.6459928269201389,0.31351400740648183
46592,0.06402176220464793,0.7067680827615646,0.06402176220464793
46593,0.17008465706520695,0.3529134583414558,0.17008465706520695
46594,0.0764758848534402,0.41002230030670855,0.0764758848534402
46595,0.21424574925819126,0.2339275270274981,0.21424574925819126
46596,0.5122578573717657,0.9287909807409904,0.5122578573717657
46597,0.3461619977264657,0.3919808083060604,0.3461619977264657
46598,0.03763609074443251,0.7713384444537401,0.03763609074443251
46599,0.04953659080906821,0.18510494340882142,0.04953659080906821
46600,0.03364524478125173,0.16274087445647215,0.03364524478125173
46601,0.041035132521969726,0.08381004147198451,0.041035132521969726
46602,0.20746632401435322,0.8900051226277852,0.20746632401435322
46603,0.08001920661919677,0.4874102963022257,0.08001920661919677
46604,0.09569725883180655,0.34027731900044705,0.09569725883180655
46605,0.13264096666081437,0.12099181471087325,0.13264096666081437
46606,0.07957347785994351,0.3624893433254045,0.07957347785994351
46607,0.3486486699531103,0.5291896800237281,0.3486486699531103
46608,0.079324923307332,0.3534673692880457,0.079324923307332
46609,0.0242613171807869,0.10677371255827266,0.0242613171807869
46610,0.4266195618077802,0.5005870378812872,0.4266195618077802
46611,0.03356012921867093,0.09101342543673605,0.03356012921867093
46612,0.11169629671873162,0.31552802733268187,0.11169629671873162
46613,0.10329379382358193,0.43101961181334014,0.10329379382358193
46614,0.10905935016669965,0.913478716175946,0.10905935016669965
46615,0.27683654146581416,0.313279239334191,0.27683654146581416
46616,0.05479105330688015,0.2518136284526743,0.05479105330688015
46617,0.22120118915933681,0.63358322441685,0.22120118915933681
46618,0.8943479599018227,0.40858762261216536,0.8943479599018227
46619,0.027686152266794144,0.13174391272550737,0.027686152266794144
46620,0.1593782026797884,0.11662070892307551,0.1593782026797884
46621,0.01711409444823089,0.1857570443048401,0.01711409444823089
46622,0.30484622772867825,0.7983587513497435,0.30484622772867825
46623,0.16177297682847128,0.46730750789894054,0.16177297682847128
46624,0.12947295338200387,0.46133161402371914,0.12947295338200387
46625,0.08879259312658803,0.034531074695477296,0.08879259312658803
46626,0.7034733095916034,0.4640291068803388,0.7034733095916034
46627,0.4063720085166318,0.09272683860176109,0.4063720085166318
46628,0.13409738858977846,0.21653893699237342,0.13409738858977846
46629,0.07515189286724291,0.562877482882725,0.07515189286724291
46630,0.3115890800260196,0.12897421395239833,0.3115890800260196
46631,0.04909106492715539,0.41310397535439036,0.04909106492715539
46632,0.05988434416311083,0.7942540730085437,0.05988434416311083
46633,0.12195484056985127,0.1513758487469703,0.12195484056985127
46634,0.029405780186666324,0.6637668226902506,0.029405780186666324
46635,0.6183631447723923,0.8050097171679681,0.6183631447723923
46636,0.030855289406074446,0.14457369692784394,0.030855289406074446
46637,0.09975375100629816,0.09900688152685021,0.09975375100629816
46638,0.005782143823611883,0.03514131427971852,0.005782143823611883
46639,0.07510332552456675,0.45446827748801216,0.07510332552456675
46640,0.6654226629090987,0.6719770647693696,0.6654226629090987
46641,0.030061134254929466,0.7092444867912352,0.030061134254929466
46642,0.07067658806667779,0.4705215196778503,0.07067658806667779
46643,0.03337469683890832,0.07956464959566435,0.03337469683890832
46644,0.027062013427865197,0.08801647612583532,0.027062013427865197
46645,0.2990172436844742,0.5134816963784729,0.2990172436844742
46646,0.10069848860053686,0.5042322839487408,0.10069848860053686
46647,0.15465711592240858,0.7418214968678042,0.15465711592240858
46648,0.18780660325003293,0.6028103061832883,0.18780660325003293
46649,0.0024421617458132167,0.044260754004300594,0.0024421617458132167
46650,0.0810862811391695,0.14614003842483464,0.0810862811391695
46651,0.04707952181262748,0.06829728351777456,0.04707952181262748
46652,0.021266197453632257,0.09834415228618382,0.021266197453632257
46653,0.019672877332292737,0.1696246500047543,0.019672877332292737
46654,0.3321887535552994,0.16577928567015418,0.3321887535552994
46655,0.03196569993643558,0.044954310874253854,0.03196569993643558
46656,0.11348669783408663,0.5726022330326952,0.11348669783408663
46657,0.023217562920026916,0.30663151742702094,0.023217562920026916
46658,0.09662137399887437,0.8650920037430191,0.09662137399887437
46659,0.04665523762792879,0.16391402671752564,0.04665523762792879
46660,0.015498645679880284,0.1159708976092817,0.015498645679880284
46661,0.029315163654154697,0.18647093710570228,0.029315163654154697
46662,0.03679845057078759,0.057578512320906584,0.03679845057078759
46663,0.1600694754604507,0.20765183493846257,0.1600694754604507
46664,0.05609351715447812,0.40802445354236594,0.05609351715447812
46665,0.16846495339898734,0.6169474254433099,0.16846495339898734
46666,0.29826571671030483,0.1387250010506003,0.29826571671030483
46667,0.08636968169988336,0.44976094550893125,0.08636968169988336
46668,0.0507257080416242,0.054729123486793416,0.0507257080416242
46669,0.05822331460986136,0.07903882055181655,0.05822331460986136
46670,0.16878170013518562,0.33031840352422226,0.16878170013518562
46671,0.4920962673424779,0.740666814362835,0.4920962673424779
46672,0.06350399246360854,0.31425680530705546,0.06350399246360854
46673,0.05225957656168238,0.5633458625543958,0.05225957656168238
46674,0.054006775377014454,0.3034236932160962,0.054006775377014454
46675,0.02334970634642653,0.019777360515289652,0.02334970634642653
46676,0.04262183872370934,0.14483644203496493,0.04262183872370934
46677,0.1754112688563965,0.4299791763610786,0.1754112688563965
46678,0.09613799706365345,0.0883587616880598,0.09613799706365345
46679,0.9193824660587193,0.9668323323822873,0.9193824660587193
46680,0.04675864631737802,0.08349345704053189,0.04675864631737802
46681,0.19432284981800577,0.44922244887511975,0.19432284981800577
46682,0.8121693914853544,0.8220584951669565,0.8121693914853544
46683,0.02982285549654251,0.020840446291552205,0.02982285549654251
46684,0.04303269071117193,0.2858588717420409,0.04303269071117193
46685,0.4450488136935888,0.7662492946324975,0.4450488136935888
46686,0.07295377920767031,0.23048157544061892,0.07295377920767031
46687,0.39415534430807264,0.6661962657629524,0.39415534430807264
46688,0.12121706257460886,0.5801253639908384,0.12121706257460886
46689,0.04627309679222159,0.25931918984789204,0.04627309679222159
46690,0.7060444351833963,0.8934253693989247,0.7060444351833963
46691,0.03631159008469008,0.173921964421641,0.03631159008469008
46692,0.05038806876209984,0.42518714331588914,0.05038806876209984
46693,0.0520043320217735,0.15838934821063877,0.0520043320217735
46694,0.043338382813722,0.13300649263575218,0.043338382813722
46695,0.14956047083840382,0.2386841413128294,0.14956047083840382
46696,0.11641655932062565,0.6699185453193959,0.11641655932062565
46697,0.12246184435596828,0.04081233861684525,0.12246184435596828
46698,0.07422862158929737,0.5038931935539248,0.07422862158929737
46699,0.08345491516033085,0.8914678101349719,0.08345491516033085
46700,0.21458373736580907,0.3994833251067404,0.21458373736580907
46701,0.04208500646715516,0.8280263339302858,0.04208500646715516
46702,0.06713226859634497,0.04995419663494603,0.06713226859634497
46703,0.5989244053017646,0.47331978447443906,0.5989244053017646
46704,0.42364410456462404,0.4981105031796591,0.42364410456462404
46705,0.5735534663203534,0.9092717537162238,0.5735534663203534
46706,0.06269656558538587,0.6262101690655061,0.06269656558538587
46707,0.12377360748862316,0.25331262946827404,0.12377360748862316
46708,0.06593149077033605,0.5545161933262821,0.06593149077033605
46709,0.2223928506045203,0.07959063333610235,0.2223928506045203
46710,0.05366828302065233,0.23449739575963294,0.05366828302065233
46711,0.03242814511237176,0.5571197345124268,0.03242814511237176
46712,0.20554902287340107,0.3362208565445392,0.20554902287340107
46713,0.027693002112185,0.2821131836001707,0.027693002112185
46714,0.041695357465555395,0.18115516616722066,0.041695357465555395
46715,0.6634577915098098,0.8054983047753691,0.6634577915098098
46716,0.17442413580493937,0.3366921086700674,0.17442413580493937
46717,0.13467899967459526,0.5287007884669764,0.13467899967459526
46718,0.08738896386318891,0.7156358144200847,0.08738896386318891
46719,0.04039590467022837,0.2459220200224184,0.04039590467022837
46720,0.10429242797537845,0.027560031726894682,0.10429242797537845
46721,0.01924225905456149,0.19752392407974204,0.01924225905456149
46722,0.025618666672736958,0.06237285360705297,0.025618666672736958
46723,0.05628202066205703,0.3672756333152779,0.05628202066205703
46724,0.057061962680726615,0.07142596863811364,0.057061962680726615
46725,0.28578588390347864,0.2964270925286418,0.28578588390347864
46726,0.5013070525182254,0.546948250427621,0.5013070525182254
46727,0.017971598380575382,0.015060627561470965,0.017971598380575382
46728,0.05956183735074571,0.20085690704731274,0.05956183735074571
46729,0.042894901347087885,0.34096516301219043,0.042894901347087885
46730,0.07533920459939918,0.23630303436217687,0.07533920459939918
46731,0.05222652561842755,0.6497257853935907,0.05222652561842755
46732,0.13683996646557314,0.15797571242727568,0.13683996646557314
46733,0.01952791919196452,0.07443360751876957,0.01952791919196452
46734,0.05107578161401406,0.4867836103201651,0.05107578161401406
46735,0.06456082406599589,0.0736630678916736,0.06456082406599589
46736,0.042378087269797325,0.1376046400032757,0.042378087269797325
46737,0.032608593065015574,0.05502470348273338,0.032608593065015574
46738,0.44598468000405117,0.6302951353683227,0.44598468000405117
46739,0.6748990991927372,0.5242265257874976,0.6748990991927372
46740,0.04601596992047949,0.5570191829604276,0.04601596992047949
46741,0.25576377315178594,0.690775686095093,0.25576377315178594
46742,0.0704858389406239,0.680170853470754,0.0704858389406239
46743,0.21320348951197632,0.6892929846075216,0.21320348951197632
46744,0.07571417952393789,0.3934273157861387,0.07571417952393789
46745,0.643648892436222,0.4487435649211594,0.643648892436222
46746,0.051107971941591446,0.2998389916889336,0.051107971941591446
46747,0.5735624154826189,0.04227616615211279,0.5735624154826189
46748,0.03253087898935423,0.258252454152967,0.03253087898935423
46749,0.029499230757522893,0.09796701280323558,0.029499230757522893
46750,0.09199766119900868,0.8117128631026727,0.09199766119900868
46751,0.20309453436073996,0.43562364882122345,0.20309453436073996
46752,0.06880976927579781,0.5979689070198351,0.06880976927579781
46753,0.14761722523371,0.16450590245187496,0.14761722523371
46754,0.24984425280426692,0.5870929274170841,0.24984425280426692
46755,0.17036660641749166,0.2091761101724257,0.17036660641749166
46756,0.07494933596294216,0.379621009657966,0.07494933596294216
46757,0.7529021204122758,0.8513161485955507,0.7529021204122758
46758,0.3336858970897323,0.7655439832812537,0.3336858970897323
46759,0.007051182817163625,0.06514193950123841,0.007051182817163625
46760,0.14424304873106164,0.37321413743606113,0.14424304873106164
46761,0.03478203836184402,0.09092281380412542,0.03478203836184402
46762,0.016347011853920193,0.1226829113546397,0.016347011853920193
46763,0.2426127282258985,0.537940505800516,0.2426127282258985
46764,0.10574640234303094,0.2961773592714404,0.10574640234303094
46765,0.07628444976408323,0.07226022457459191,0.07628444976408323
46766,0.12335274409756626,0.5691330490411771,0.12335274409756626
46767,0.2508847584848762,0.40270431744858987,0.2508847584848762
46768,0.02072524883648469,0.23248931299937226,0.02072524883648469
46769,0.04549557081657682,0.2976535744265848,0.04549557081657682
46770,0.13598730218910082,0.5864983816014328,0.13598730218910082
46771,0.1075130468172589,0.5576422093772615,0.1075130468172589
46772,0.011963667183390167,0.20780198340537795,0.011963667183390167
46773,0.01670357927437767,0.06544294411293809,0.01670357927437767
46774,0.2148491671233239,0.6874052916818205,0.2148491671233239
46775,0.03468276951658787,0.23387114385906804,0.03468276951658787
46776,0.2610506684500232,0.21377551370743159,0.2610506684500232
46777,0.45089461483398535,0.5610730766231415,0.45089461483398535
46778,0.054242519488082556,0.5452498037683985,0.054242519488082556
46779,0.10873955949361987,0.42339180841892876,0.10873955949361987
46780,0.43042246366049836,0.23935580145868499,0.43042246366049836
46781,0.37990761208772145,0.363392382180606,0.37990761208772145
46782,0.06575122290756902,0.545371589013705,0.06575122290756902
46783,0.20497996954756106,0.3992984055646052,0.20497996954756106
46784,0.1320479800064998,0.34537057518878633,0.1320479800064998
46785,0.14130106852145247,0.02989664023020049,0.14130106852145247
46786,0.03872164830166741,0.26541761799212,0.03872164830166741
46787,0.07915474637414088,0.11324709814542853,0.07915474637414088
46788,0.3806260723373865,0.5410421688512109,0.3806260723373865
46789,0.09748439881824507,0.8079209409591549,0.09748439881824507
46790,0.31308762113249505,0.18661319049361516,0.31308762113249505
46791,0.07468586023745448,0.1429265518396281,0.07468586023745448
46792,0.06433857308327277,0.34773090866128115,0.06433857308327277
46793,0.03821619474493854,0.6046290412048277,0.03821619474493854
46794,0.019548778962636917,0.10680234111779682,0.019548778962636917
46795,0.30483276798274134,0.4517954609098791,0.30483276798274134
46796,0.0319939419374779,0.3996355105657317,0.0319939419374779
46797,0.05719033486992805,0.6268278966163702,0.05719033486992805
46798,0.03269044109147453,0.24332574193166429,0.03269044109147453
46799,0.44326556472870887,0.5129422843920803,0.44326556472870887
46800,0.13921940115013384,0.23191270090882485,0.13921940115013384
46801,0.23451278630314923,0.40606445102966443,0.23451278630314923
46802,0.11409386660833418,0.5401184857311341,0.11409386660833418
46803,0.6166461156656229,0.8341586608556255,0.6166461156656229
46804,0.23492421371675234,0.27327506205504176,0.23492421371675234
46805,0.1376272279403296,0.51861539989102,0.1376272279403296
46806,0.06436380179299994,0.44254420391591104,0.06436380179299994
46807,0.46090567908014296,0.40229341072476305,0.46090567908014296
46808,0.07301386896185424,0.038430399729182795,0.07301386896185424
46809,0.6462008561967164,0.12867464179979518,0.6462008561967164
46810,0.05317182359098431,0.04811978898127904,0.05317182359098431
46811,0.11141841832935385,0.27283395407286665,0.11141841832935385
46812,0.028888329300656893,0.19041137523536847,0.028888329300656893
46813,0.05207853456571118,0.10569838365959779,0.05207853456571118
46814,0.061303229977152866,0.06221237107258648,0.061303229977152866
46815,0.04805999029386043,0.34426454775378595,0.04805999029386043
46816,0.026963717155710033,0.7352467759128269,0.026963717155710033
46817,0.09338037946075554,0.16365270594422668,0.09338037946075554
46818,0.0903103568009022,0.09834660515984077,0.0903103568009022
46819,0.0700740799402359,0.12866752489451316,0.0700740799402359
46820,0.03365130640573249,0.7506696798938166,0.03365130640573249
46821,0.04253764366231752,0.055555685803043466,0.04253764366231752
46822,0.4276375805429387,0.7060704220251921,0.4276375805429387
46823,0.03465311540664177,0.050206113224178714,0.03465311540664177
46824,0.06582021636620626,0.2538102514716127,0.06582021636620626
46825,0.15688012857532893,0.5861175039570361,0.15688012857532893
46826,0.11535336330878995,0.8273623495389134,0.11535336330878995
46827,0.006217891240458939,0.1611683181644693,0.006217891240458939
46828,0.05688394065942023,0.2576542974545089,0.05688394065942023
46829,0.05784974580263821,0.33035641579484865,0.05784974580263821
46830,0.06884661831436428,0.2846484427776265,0.06884661831436428
46831,0.04356458680543078,0.6472505672165448,0.04356458680543078
46832,0.1912641436901444,0.17252605530775883,0.1912641436901444
46833,0.05348458135088348,0.2043843088744631,0.05348458135088348
46834,0.30286603754728003,0.7681102809089145,0.30286603754728003
46835,0.35042975839844226,0.7221914982193087,0.35042975839844226
46836,0.053081178914252805,0.33695578253054165,0.053081178914252805
46837,0.01678703611793234,0.5192777962276054,0.01678703611793234
46838,0.2586913967055604,0.45585266885254855,0.2586913967055604
46839,0.05461855694478931,0.9112035472795996,0.05461855694478931
46840,0.14182404866156023,0.11765885261547222,0.14182404866156023
46841,0.025269657389582763,0.13607739564035592,0.025269657389582763
46842,0.047852213523299304,0.7733152267978548,0.047852213523299304
46843,0.0626078620379154,0.1275309902534365,0.0626078620379154
46844,0.16522769059371234,0.8117394773820836,0.16522769059371234
46845,0.13500981928453418,0.43597005767617253,0.13500981928453418
46846,0.18384465534177097,0.2955252092533499,0.18384465534177097
46847,0.674207710056697,0.7080353538850007,0.674207710056697
46848,0.6359138381176107,0.34906688016503873,0.6359138381176107
46849,0.12431462959446253,0.3707185332458503,0.12431462959446253
46850,0.41925527890679276,0.40685844349654376,0.41925527890679276
46851,0.5351504523843343,0.6199294204391891,0.5351504523843343
46852,0.1639960008183117,0.6733535343388068,0.1639960008183117
46853,0.07418968288254733,0.03259896584020507,0.07418968288254733
46854,0.049026354090107915,0.09665447545208478,0.049026354090107915
46855,0.03869450636226803,0.3697535060193148,0.03869450636226803
46856,0.11550066339447031,0.18402231028740845,0.11550066339447031
46857,0.07678165521809903,0.5239136221154963,0.07678165521809903
46858,0.045030382849588005,0.04530780306280549,0.045030382849588005
46859,0.10791520514443918,0.2977237488270401,0.10791520514443918
46860,0.10013553984020038,0.7314333993371783,0.10013553984020038
46861,0.03548944214206013,0.1749480428895479,0.03548944214206013
46862,0.04482870225833307,0.16659345663863023,0.04482870225833307
46863,0.1303624143568417,0.7353906179566922,0.1303624143568417
46864,0.029053800934531332,0.07895558992831486,0.029053800934531332
46865,0.2055431398783053,0.30179124217181985,0.2055431398783053
46866,0.213056776880147,0.19882437510961076,0.213056776880147
46867,0.12886793042306602,0.5259963398778416,0.12886793042306602
46868,0.4209199866900824,0.6938724664098614,0.4209199866900824
46869,0.10013782369266859,0.7456914544160027,0.10013782369266859
46870,0.08624584359040285,0.32444974825675593,0.08624584359040285
46871,0.03389170156230037,0.6601518718258332,0.03389170156230037
46872,0.05508492390427236,0.11891283245780129,0.05508492390427236
46873,0.08270654222754731,0.23340891171367503,0.08270654222754731
46874,0.04277999999728358,0.4491631830882211,0.04277999999728358
46875,0.5471192930817249,0.4794583663855513,0.5471192930817249
46876,0.049388403397158415,0.3630153777688725,0.049388403397158415
46877,0.02113252771217395,0.04319786660361653,0.02113252771217395
46878,0.009137997303773938,0.08532060006054959,0.009137997303773938
46879,0.7276199797192879,0.8861686160882165,0.7276199797192879
46880,0.07797269220576307,0.23659723184234427,0.07797269220576307
46881,0.36984906633853604,0.2739403817856904,0.36984906633853604
46882,0.12569988685399272,0.40552110259238,0.12569988685399272
46883,0.019432063581447605,0.2814700957765006,0.019432063581447605
46884,0.04841436452155277,0.15480483020261304,0.04841436452155277
46885,0.006292730079791509,0.012820155256931856,0.006292730079791509
46886,0.01902396166596266,0.03742931634147012,0.01902396166596266
46887,0.042326217102202,0.35202485076300377,0.042326217102202
46888,0.29136519790813514,0.49944926889171637,0.29136519790813514
46889,0.033295433265465406,0.4040871827891185,0.033295433265465406
46890,0.0813368418235403,0.07414466693441672,0.0813368418235403
46891,0.015080028690310322,0.1555811862594712,0.015080028690310322
46892,0.6129205691973904,0.7804712925167087,0.6129205691973904
46893,0.02700343230549934,0.08324011572606158,0.02700343230549934
46894,0.005942247965749594,0.06435315804650264,0.005942247965749594
46895,0.09226433244644745,0.8220629530210443,0.09226433244644745
46896,0.0743741586424657,0.12679887626970293,0.0743741586424657
46897,0.2935022458662896,0.1777559681616403,0.2935022458662896
46898,0.2622155757912532,0.6040735226728952,0.2622155757912532
46899,0.03292727459361991,0.41604519432186526,0.03292727459361991
46900,0.10544780486197755,0.05985549662863391,0.10544780486197755
46901,0.11593888728036025,0.41414743907867524,0.11593888728036025
46902,0.04801716378298062,0.42389632217611345,0.04801716378298062
46903,0.5523491694158794,0.6239316839750644,0.5523491694158794
46904,0.03910876650998917,0.34880017850553924,0.03910876650998917
46905,0.04571042494271548,0.21259896358845004,0.04571042494271548
46906,0.050936085875749125,0.24789974964363162,0.050936085875749125
46907,0.03832234123515685,0.11658197696827305,0.03832234123515685
46908,0.048619957994203065,0.3356781358616088,0.048619957994203065
46909,0.07932499584333672,0.6222530534018101,0.07932499584333672
46910,0.06584879132589487,0.6600182198475384,0.06584879132589487
46911,0.1986258267786016,0.30703301129705773,0.1986258267786016
46912,0.036081496370951475,0.1949274834243396,0.036081496370951475
46913,0.08894308305870595,0.4591969443153136,0.08894308305870595
46914,0.11141480798402162,0.18265418799931563,0.11141480798402162
46915,0.29217637550460274,0.1222090332432469,0.29217637550460274
46916,0.032695279294540296,0.3571371003955268,0.032695279294540296
46917,0.28079936439095987,0.280261364439161,0.28079936439095987
46918,0.03306132189340864,0.08710629217328218,0.03306132189340864
46919,0.13058893616371584,0.867725428751278,0.13058893616371584
46920,0.1133063095333498,0.8843941220589538,0.1133063095333498
46921,0.09461463968833898,0.15002280986087563,0.09461463968833898
46922,0.12178487962689076,0.060843417618601764,0.12178487962689076
46923,0.08866587510469097,0.40825607839628975,0.08866587510469097
46924,0.032902604425735345,0.30319504980689455,0.032902604425735345
46925,0.06621569613571823,0.10414458509498338,0.06621569613571823
46926,0.07322743386661164,0.8151614281349749,0.07322743386661164
46927,0.01398394755027796,0.04351081642000959,0.01398394755027796
46928,0.054135386978438345,0.9222240256366565,0.054135386978438345
46929,0.03298138724503152,0.21526899361802015,0.03298138724503152
46930,0.09599191108090234,0.6299441159411324,0.09599191108090234
46931,0.045540363025345726,0.7288335243102658,0.045540363025345726
46932,0.3498935573250761,0.8551597982474133,0.3498935573250761
46933,0.20411564198186294,0.4237606310866103,0.20411564198186294
46934,0.12588438851643913,0.24068189633339196,0.12588438851643913
46935,0.044696792656302296,0.33239794539066875,0.044696792656302296
46936,0.03860089354402091,0.1984689397221044,0.03860089354402091
46937,0.10204238521723791,0.5331481362135246,0.10204238521723791
46938,0.04097556018699021,0.12436149009411544,0.04097556018699021
46939,0.2947669687237009,0.47404121599983606,0.2947669687237009
46940,0.01854086717258099,0.05773278806824799,0.01854086717258099
46941,0.15919480680860693,0.6469121299821652,0.15919480680860693
46942,0.05726830401451674,0.09179019699835556,0.05726830401451674
46943,0.26439255183790106,0.6909297021951063,0.26439255183790106
46944,0.15950375057756894,0.734960204779421,0.15950375057756894
46945,0.011658910244481386,0.1132791756968301,0.011658910244481386
46946,0.07975251257759611,0.7408756074860158,0.07975251257759611
46947,0.400622276518798,0.5676990395454813,0.400622276518798
46948,0.23045587587983138,0.5251397289029014,0.23045587587983138
46949,0.05551632105845321,0.21593063352818875,0.05551632105845321
46950,0.29432292795024645,0.5651292920528787,0.29432292795024645
46951,0.04762831126909038,0.11539466612677947,0.04762831126909038
46952,0.028530225032115757,0.7038000042060987,0.028530225032115757
46953,0.30649385620752795,0.3955801103675436,0.30649385620752795
46954,0.1257314531871155,0.43084216732688985,0.1257314531871155
46955,0.07561488700230629,0.11477347312077077,0.07561488700230629
46956,0.736316629490652,0.8937241785224607,0.736316629490652
46957,0.22210225919369372,0.5669849902671071,0.22210225919369372
46958,0.1012790396236932,0.37734653270906665,0.1012790396236932
46959,0.026272979008347217,0.3305087976454313,0.026272979008347217
46960,0.027358147923346975,0.06029498271262904,0.027358147923346975
46961,0.034217584465304644,0.2336531758274725,0.034217584465304644
46962,0.05862516838330886,0.1070412299010792,0.05862516838330886
46963,0.2750180795237192,0.7681100059839656,0.2750180795237192
46964,0.09017489254574294,0.8263664489664856,0.09017489254574294
46965,0.047661991693754374,0.31452454835351423,0.047661991693754374
46966,0.13947896627769255,0.3436279091315216,0.13947896627769255
46967,0.10010141098038532,0.24381994800030912,0.10010141098038532
46968,0.5479964504006999,0.6062863323664538,0.5479964504006999
46969,0.04448300147866578,0.29987166456707615,0.04448300147866578
46970,0.09139393065136588,0.23304293204530743,0.09139393065136588
46971,0.31245783819840495,0.35852876446114756,0.31245783819840495
46972,0.6499841491885391,0.5594128155544501,0.6499841491885391
46973,0.33496603196694225,0.14950854506328431,0.33496603196694225
46974,0.49442292297515833,0.18681862916059855,0.49442292297515833
46975,0.11687617276087028,0.8981657593960176,0.11687617276087028
46976,0.09692613890742134,0.44732769097224706,0.09692613890742134
46977,0.05652928760172894,0.7049140783999457,0.05652928760172894
46978,0.05572951997585964,0.831685560393501,0.05572951997585964
46979,0.013057128737539158,0.00823539019808885,0.013057128737539158
46980,0.24779305270224897,0.7064117730598706,0.24779305270224897
46981,0.016387875684383657,0.051715157375917316,0.016387875684383657
46982,0.07976072165754211,0.5369213971851237,0.07976072165754211
46983,0.05843747087335557,0.251006056446265,0.05843747087335557
46984,0.8097772360034553,0.8907786726228735,0.8097772360034553
46985,0.2452654073181712,0.12918122107049038,0.2452654073181712
46986,0.09079628736642428,0.2552143989113001,0.09079628736642428
46987,0.10499908088098914,0.385824626427441,0.10499908088098914
46988,0.07839283737537311,0.3655533843996188,0.07839283737537311
46989,0.041152156552450844,0.3643445962483353,0.041152156552450844
46990,0.09600333417593292,0.8288816349651796,0.09600333417593292
46991,0.11355455167849492,0.8324069257068315,0.11355455167849492
46992,0.5508742349918316,0.4505923653641123,0.5508742349918316
46993,0.006475252748728755,0.055267744720343764,0.006475252748728755
46994,0.16193698329957365,0.5074639084324688,0.16193698329957365
46995,0.14461564908202665,0.2837192960213414,0.14461564908202665
46996,0.08196520092300338,0.470068576559862,0.08196520092300338
46997,0.0206955798760299,0.09857905017081615,0.0206955798760299
46998,0.07089100403525798,0.23487582414392183,0.07089100403525798
46999,0.03367267473165381,0.41648902138891375,0.03367267473165381
47000,0.07141321369412255,0.5947408866878391,0.07141321369412255
47001,0.17517665610622718,0.4004378079483632,0.17517665610622718
47002,0.28896142925641954,0.8259874627389755,0.28896142925641954
47003,0.02019552129622144,0.040006004205978364,0.02019552129622144
47004,0.02326033817117382,0.3535064575174086,0.02326033817117382
47005,0.07063787372482068,0.22205751760997494,0.07063787372482068
47006,0.07179447973811573,0.3560433983289891,0.07179447973811573
47007,0.03428943170642232,0.15317732092519515,0.03428943170642232
47008,0.025937177273133702,0.11338144055737878,0.025937177273133702
47009,0.030243598228473632,0.881300308304771,0.030243598228473632
47010,0.1134325375821774,0.5251750064842342,0.1134325375821774
47011,0.177011677590898,0.6667961935365673,0.177011677590898
47012,0.03353073932850506,0.29649820141577854,0.03353073932850506
47013,0.08742763842741373,0.40568684028438556,0.08742763842741373
47014,0.25688516458758226,0.26283625905242586,0.25688516458758226
47015,0.09133506538530388,0.4187210535042327,0.09133506538530388
47016,0.18855151570058776,0.8327452703896016,0.18855151570058776
47017,0.016738622168895663,0.2140307268347704,0.016738622168895663
47018,0.2270111182099677,0.7465684224945552,0.2270111182099677
47019,0.062121879047044755,0.3665924816898832,0.062121879047044755
47020,0.08456096220642069,0.05917303306678364,0.08456096220642069
47021,0.18595495464885098,0.23198529039552468,0.18595495464885098
47022,0.043647131039111754,0.444470635909049,0.043647131039111754
47023,0.04212570335791256,0.029674578562413328,0.04212570335791256
47024,0.032320093779967356,0.16778066050772522,0.032320093779967356
47025,0.27973562803051477,0.7859197850576716,0.27973562803051477
47026,0.041035184175956425,0.44393360272492505,0.041035184175956425
47027,0.04933978241481675,0.5475327389685252,0.04933978241481675
47028,0.06144446918787869,0.07990761497790198,0.06144446918787869
47029,0.20679712048428248,0.302199657106576,0.20679712048428248
47030,0.02166391844965868,0.39036199181225556,0.02166391844965868
47031,0.11864541426980059,0.521303755728155,0.11864541426980059
47032,0.0827424546931605,0.7303320910979954,0.0827424546931605
47033,0.024285197392053228,0.09029527698876044,0.024285197392053228
47034,0.5903540423998972,0.36427160217675614,0.5903540423998972
47035,0.056126458932413165,0.2675075657901402,0.056126458932413165
47036,0.13373109559792923,0.28095174119916955,0.13373109559792923
47037,0.3561313875356823,0.24370778858173356,0.3561313875356823
47038,0.055240423609386545,0.1445546311485372,0.055240423609386545
47039,0.034381844217510074,0.0824594013482211,0.034381844217510074
47040,0.6426698374938014,0.8911189370191583,0.6426698374938014
47041,0.187868682834036,0.7049262086516482,0.187868682834036
47042,0.01876131599358713,0.029148607808622832,0.01876131599358713
47043,0.5146209570961784,0.465683126814362,0.5146209570961784
47044,0.07426635966675144,0.17572105841425584,0.07426635966675144
47045,0.010567461415172594,0.042988760210451074,0.010567461415172594
47046,0.036714525411186784,0.19531862601560557,0.036714525411186784
47047,0.0457901411977808,0.7672698908197464,0.0457901411977808
47048,0.21511430283983865,0.5636695420759271,0.21511430283983865
47049,0.03849255880850969,0.2079614910280611,0.03849255880850969
47050,0.11108321392442108,0.20738374512924326,0.11108321392442108
47051,0.1032868925665158,0.3726575206202927,0.1032868925665158
47052,0.37654184048583805,0.9078758752189773,0.37654184048583805
47053,0.0700463473444364,0.1627936770825133,0.0700463473444364
47054,0.1302107212409254,0.17751208281910424,0.1302107212409254
47055,0.11624904631011884,0.5657020866660156,0.11624904631011884
47056,0.08567672973759144,0.1012263089075426,0.08567672973759144
47057,0.881190828228292,0.42325441415565396,0.881190828228292
47058,0.18194055816541943,0.31797755519392834,0.18194055816541943
47059,0.03025355739130312,0.01922635129067833,0.03025355739130312
47060,0.21014993621398256,0.07850067010261105,0.21014993621398256
47061,0.08959407173740139,0.37365112183723165,0.08959407173740139
47062,0.0459528418133507,0.8256483437164701,0.0459528418133507
47063,0.09690803131597822,0.320486817903598,0.09690803131597822
47064,0.12725455093008814,0.08946308547273972,0.12725455093008814
47065,0.07238171324606785,0.3451617372080652,0.07238171324606785
47066,0.26960238618802157,0.04454205067416048,0.26960238618802157
47067,0.06124237051862271,0.06288545876576024,0.06124237051862271
47068,0.2690844430053156,0.5551834670657722,0.2690844430053156
47069,0.13336825611442252,0.37943421157840307,0.13336825611442252
47070,0.010072533975917982,0.57436859993234,0.010072533975917982
47071,0.5723395589098085,0.8078245548551212,0.5723395589098085
47072,0.05879183730334937,0.08355313781900144,0.05879183730334937
47073,0.04134048937680663,0.1160207751081774,0.04134048937680663
47074,0.584380479431259,0.8652450915492208,0.584380479431259
47075,0.23477396126408573,0.2959882630353835,0.23477396126408573
47076,0.13559320995384988,0.16437508827600586,0.13559320995384988
47077,0.10022067110784474,0.16007756077468546,0.10022067110784474
47078,0.33757052719825076,0.2808229986168783,0.33757052719825076
47079,0.014511048409446337,0.02215319504643858,0.014511048409446337
47080,0.03635066144525835,0.614068045083354,0.03635066144525835
47081,0.019087836233592996,0.05018200724927819,0.019087836233592996
47082,0.6179866671192733,0.3974167189333107,0.6179866671192733
47083,0.08327931102045376,0.20554894227773327,0.08327931102045376
47084,0.24283779201818115,0.6235100233657489,0.24283779201818115
47085,0.5071377927289273,0.6987152932010797,0.5071377927289273
47086,0.16919765875881568,0.24176360940873567,0.16919765875881568
47087,0.014848765283164717,0.4193677351573613,0.014848765283164717
47088,0.07908351879931448,0.519774195090549,0.07908351879931448
47089,0.09762576751974412,0.4723637253986856,0.09762576751974412
47090,0.09374495674671603,0.35789764222454784,0.09374495674671603
47091,0.15570456436581584,0.17157127996936056,0.15570456436581584
47092,0.07592862300776823,0.11170935957803328,0.07592862300776823
47093,0.10756348493264652,0.6491891320006654,0.10756348493264652
47094,0.20020093340294165,0.2896664718499706,0.20020093340294165
47095,0.0659542354593401,0.6915543704832501,0.0659542354593401
47096,0.12810380277616015,0.43665041994139187,0.12810380277616015
47097,0.14341281996075975,0.44788684647245464,0.14341281996075975
47098,0.15966402731051776,0.14894509527173,0.15966402731051776
47099,0.0804620415424639,0.14214380279422656,0.0804620415424639
47100,0.15537547972276494,0.4768726155398312,0.15537547972276494
47101,0.03988106024817764,0.36896900998790805,0.03988106024817764
47102,0.05174559982215254,0.23304924238201571,0.05174559982215254
47103,0.3565454741011448,0.04489939150796521,0.3565454741011448
47104,0.061503499330329926,0.3049873910545303,0.061503499330329926
47105,0.04751658772841747,0.0541216747525779,0.04751658772841747
47106,0.03368347672295467,0.10734113972119863,0.03368347672295467
47107,0.09378812142144936,0.3351874472286528,0.09378812142144936
47108,0.0296524586579599,0.0739628663110486,0.0296524586579599
47109,0.027798841312819497,0.13023036636982963,0.027798841312819497
47110,0.16146309087099853,0.47437052989482875,0.16146309087099853
47111,0.05322382604729011,0.5329855829594746,0.05322382604729011
47112,0.24466203279091503,0.6450184843178318,0.24466203279091503
47113,0.4100898180304464,0.7831442306805624,0.4100898180304464
47114,0.04524772012917403,0.10579590255550521,0.04524772012917403
47115,0.02853454395215708,0.2782884074803069,0.02853454395215708
47116,0.1619741865431732,0.16971406492123417,0.1619741865431732
47117,0.1462106066402635,0.6157887630844411,0.1462106066402635
47118,0.08618116380794502,0.7263931127382901,0.08618116380794502
47119,0.09404720635606979,0.09578132576359133,0.09404720635606979
47120,0.02823272700592585,0.14715301885015836,0.02823272700592585
47121,0.2541819389247642,0.3846285390329294,0.2541819389247642
47122,0.06484733290587892,0.38269377611944205,0.06484733290587892
47123,0.01599288363265333,0.17793323739548472,0.01599288363265333
47124,0.09714554732012683,0.36686285184891987,0.09714554732012683
47125,0.5375767829588216,0.4012380066044451,0.5375767829588216
47126,0.051786139801618475,0.04094407067207809,0.051786139801618475
47127,0.05726418724051028,0.6422977302850672,0.05726418724051028
47128,0.2830986908480891,0.9351252103773982,0.2830986908480891
47129,0.02663254020276358,0.06797839978904929,0.02663254020276358
47130,0.03337956563871203,0.10620933550459953,0.03337956563871203
47131,0.03582644961876994,0.27836294147085777,0.03582644961876994
47132,0.12952631974717874,0.9191840943902856,0.12952631974717874
47133,0.05420759222467596,0.12116324210977225,0.05420759222467596
47134,0.04598103432089069,0.5933359993994985,0.04598103432089069
47135,0.1705650234391653,0.7462336144692953,0.1705650234391653
47136,0.27896845798106695,0.6169098469036195,0.27896845798106695
47137,0.06677656069615881,0.8645766409541966,0.06677656069615881
47138,0.5054303021312709,0.3524703399916455,0.5054303021312709
47139,0.12796037055066029,0.5556775027917663,0.12796037055066029
47140,0.02328818527307457,0.0751224609295396,0.02328818527307457
47141,0.09146301115842569,0.8915800622511467,0.09146301115842569
47142,0.03171722317904815,0.23482602148875964,0.03171722317904815
47143,0.008207429255909369,0.026143037756808592,0.008207429255909369
47144,0.06570667568025233,0.05604380081968276,0.06570667568025233
47145,0.015903213767328832,0.17857089581730062,0.015903213767328832
47146,0.12698094047165753,0.16728070599682524,0.12698094047165753
47147,0.05961445368163087,0.1796547111350007,0.05961445368163087
47148,0.319751281773773,0.2952990685062153,0.319751281773773
47149,0.07800966730282036,0.3519415623910665,0.07800966730282036
47150,0.35525132077503624,0.20052248063009917,0.35525132077503624
47151,0.11777757293488268,0.5914007958097593,0.11777757293488268
47152,0.08317294732849553,0.2669695324880371,0.08317294732849553
47153,0.08864108497919708,0.023601542390564202,0.08864108497919708
47154,0.07575142492965388,0.017858377591750126,0.07575142492965388
47155,0.0682155502617618,0.18664478209478275,0.0682155502617618
47156,0.28895023725039315,0.4941346664027169,0.28895023725039315
47157,0.0652168324874044,0.21653467960352193,0.0652168324874044
47158,0.18737356743047642,0.22195194928743173,0.18737356743047642
47159,0.1799888763809742,0.39195390457342033,0.1799888763809742
47160,0.040756777225083134,0.12629170372845874,0.040756777225083134
47161,0.08997337031259221,0.537922346255228,0.08997337031259221
47162,0.16078906288517517,0.4772004079647109,0.16078906288517517
47163,0.04987279200972504,0.09104531793204869,0.04987279200972504
47164,0.10421890940584515,0.6277853629513587,0.10421890940584515
47165,0.03380153921752667,0.016610218301965525,0.03380153921752667
47166,0.148587648558925,0.29886572909190384,0.148587648558925
47167,0.03816814830140122,0.07025993155638569,0.03816814830140122
47168,0.03757700249293457,0.12086152887784307,0.03757700249293457
47169,0.16038249459683407,0.29756567111212845,0.16038249459683407
47170,0.11734662176681288,0.11136756725701437,0.11734662176681288
47171,0.35176234338640844,0.47062185475830576,0.35176234338640844
47172,0.1374262436264537,0.7396414248687204,0.1374262436264537
47173,0.1415105595305749,0.47065823469297474,0.1415105595305749
47174,0.03248322584275856,0.07338032704848292,0.03248322584275856
47175,0.05460953887277142,0.11173410233201167,0.05460953887277142
47176,0.032448190948060264,0.127893670924695,0.032448190948060264
47177,0.02454954694640256,0.06976497748525569,0.02454954694640256
47178,0.08359897137647013,0.43049698423889393,0.08359897137647013
47179,0.18793376781249674,0.34323041453507586,0.18793376781249674
47180,0.21285072275965358,0.3726871101752205,0.21285072275965358
47181,0.03961983096133022,0.109153477366911,0.03961983096133022
47182,0.025210987619583007,0.09591173786826611,0.025210987619583007
47183,0.07602082098093565,0.1526416765139673,0.07602082098093565
47184,0.0696559662439383,0.2610418477912083,0.0696559662439383
47185,0.24174787923957325,0.8651647375651366,0.24174787923957325
47186,0.21227538221227374,0.900921411718812,0.21227538221227374
47187,0.09874723374295195,0.2202824787553025,0.09874723374295195
47188,0.11668735785606416,0.19051354145892677,0.11668735785606416
47189,0.11982601090387474,0.20963271243334072,0.11982601090387474
47190,0.04085455788762745,0.7845499014189713,0.04085455788762745
47191,0.03607506997656419,0.2560173957203437,0.03607506997656419
47192,0.154439333742022,0.3806224936761042,0.154439333742022
47193,0.011603335940941062,0.03769472494294197,0.011603335940941062
47194,0.17957941002483652,0.510304858131329,0.17957941002483652
47195,0.1804176570745683,0.20902449828057237,0.1804176570745683
47196,0.147856128719258,0.4612230356223677,0.147856128719258
47197,0.03975381087432841,0.131396972406151,0.03975381087432841
47198,0.3131528595666024,0.7098734454474741,0.3131528595666024
47199,0.11047026545108997,0.6145862541384172,0.11047026545108997
47200,0.048501388727601374,0.03132684216929134,0.048501388727601374
47201,0.08407499587717673,0.7560505253413352,0.08407499587717673
47202,0.1931262121782494,0.33885161513922135,0.1931262121782494
47203,0.21179283168683444,0.4472430481936577,0.21179283168683444
47204,0.3982540571354577,0.21812886762207637,0.3982540571354577
47205,0.02759652003137743,0.06113924614080675,0.02759652003137743
47206,0.024647064380252735,0.19143018759404645,0.024647064380252735
47207,0.3805753133794595,0.7332026449018351,0.3805753133794595
47208,0.11603755802793454,0.2533520191346406,0.11603755802793454
47209,0.5901593951605497,0.7240324475688763,0.5901593951605497
47210,0.06223391280199994,0.3204931065716686,0.06223391280199994
47211,0.09697930352380622,0.5317425388930757,0.09697930352380622
47212,0.055382340767115276,0.6186082943977914,0.055382340767115276
47213,0.22650192416025255,0.28599248456703763,0.22650192416025255
47214,0.11064871666501717,0.592503012462498,0.11064871666501717
47215,0.18619223584998434,0.7640108136936138,0.18619223584998434
47216,0.03154096031284623,0.5501739824707789,0.03154096031284623
47217,0.4100226841105871,0.4644341300690645,0.4100226841105871
47218,0.0398060013225964,0.6158323037750508,0.0398060013225964
47219,0.04429585457217972,0.0748309816706401,0.04429585457217972
47220,0.05905667110990002,0.14891798887959326,0.05905667110990002
47221,0.25898247958343035,0.5383145559166848,0.25898247958343035
47222,0.22633575273366602,0.6869556571487848,0.22633575273366602
47223,0.2558296187400655,0.7761808020849508,0.2558296187400655
47224,0.03306969952766123,0.36452512517117786,0.03306969952766123
47225,0.052196246354092056,0.17579861582769227,0.052196246354092056
47226,0.07556898344065338,0.2604136523572311,0.07556898344065338
47227,0.20066776458840185,0.41115565792747777,0.20066776458840185
47228,0.11773623626423321,0.36772633966715945,0.11773623626423321
47229,0.01626747917793806,0.023860897552649675,0.01626747917793806
47230,0.45515530590172976,0.6966562773714243,0.45515530590172976
47231,0.6223214046880515,0.5626646254053721,0.6223214046880515
47232,0.43871588430572184,0.11227646968904251,0.43871588430572184
47233,0.3612815211660645,0.09430558398741182,0.3612815211660645
47234,0.03037943440347817,0.06875958562158951,0.03037943440347817
47235,0.05843649850187564,0.11948652671724205,0.05843649850187564
47236,0.09402507373200585,0.6351558935531143,0.09402507373200585
47237,0.1394121550725068,0.3373645899400836,0.1394121550725068
47238,0.15452847771803113,0.4741564324342983,0.15452847771803113
47239,0.47507456435003803,0.935741029624506,0.47507456435003803
47240,0.40719559422736107,0.36856680430709254,0.40719559422736107
47241,0.24891551436344175,0.7319002520341099,0.24891551436344175
47242,0.21946254543259328,0.45239245130773514,0.21946254543259328
47243,0.0660641033838412,0.03915854282406494,0.0660641033838412
47244,0.12077710079888072,0.22762429358077488,0.12077710079888072
47245,0.38691342563612624,0.21943765430863912,0.38691342563612624
47246,0.11503407354479209,0.1866957945687815,0.11503407354479209
47247,0.017322316424561043,0.07317173840782183,0.017322316424561043
47248,0.07182222196600761,0.092561952619535,0.07182222196600761
47249,0.05840931320740798,0.09901711757397401,0.05840931320740798
47250,0.07415001003486817,0.5758416576859303,0.07415001003486817
47251,0.09857222483089895,0.3928332280334052,0.09857222483089895
47252,0.47560458114266213,0.5315333455644827,0.47560458114266213
47253,0.08335128153550261,0.6054946263401961,0.08335128153550261
47254,0.056869707658385976,0.2780926997821868,0.056869707658385976
47255,0.4360999243098323,0.6885750133662366,0.4360999243098323
47256,0.034760100520078524,0.5569209567600295,0.034760100520078524
47257,0.021591500399947144,0.14432064421075425,0.021591500399947144
47258,0.055945447333223784,0.7447996840551006,0.055945447333223784
47259,0.06169993138062718,0.13504206479059552,0.06169993138062718
47260,0.32646291012797113,0.18318816262482804,0.32646291012797113
47261,0.03313181292905966,0.10320945615233294,0.03313181292905966
47262,0.06054593171612803,0.2064062775850477,0.06054593171612803
47263,0.06468416217767115,0.6903836244403151,0.06468416217767115
47264,0.10902635663054441,0.7949366069589308,0.10902635663054441
47265,0.029977767419115727,0.20648136376814477,0.029977767419115727
47266,0.03187039822983958,0.3141780774753555,0.03187039822983958
47267,0.09675742395451545,0.2536299558333715,0.09675742395451545
47268,0.03411391742060571,0.04157699132523206,0.03411391742060571
47269,0.03971108544372249,0.23894988194213757,0.03971108544372249
47270,0.010157238992694245,0.02548961969367718,0.010157238992694245
47271,0.08306285154078324,0.19759525729533003,0.08306285154078324
47272,0.11654729467559075,0.48416375511439563,0.11654729467559075
47273,0.1558595737486905,0.5430482116293169,0.1558595737486905
47274,0.06935140075633914,0.6337247935166382,0.06935140075633914
47275,0.1702560529374583,0.11435884595872395,0.1702560529374583
47276,0.38061208738308805,0.1795348589685847,0.38061208738308805
47277,0.2536249294782703,0.4492287860264364,0.2536249294782703
47278,0.015787749417673552,0.058903425631444746,0.015787749417673552
47279,0.20262483222099734,0.7971448587179151,0.20262483222099734
47280,0.054072248447056104,0.15457548589001902,0.054072248447056104
47281,0.40123526898504125,0.30276629427534013,0.40123526898504125
47282,0.08182095429304086,0.5594812063611827,0.08182095429304086
47283,0.0460171339259058,0.1571404454712887,0.0460171339259058
47284,0.020423483516106254,0.16504434170826143,0.020423483516106254
47285,0.07453376896984272,0.25001064723059013,0.07453376896984272
47286,0.03531401057659042,0.7731967597788892,0.03531401057659042
47287,0.1092871503430083,0.18288833404136481,0.1092871503430083
47288,0.4903189866218452,0.7516243280939533,0.4903189866218452
47289,0.5851227949462097,0.7942402243383172,0.5851227949462097
47290,0.7746486919035903,0.9127415804230026,0.7746486919035903
47291,0.040294435811684404,0.39271379792611744,0.040294435811684404
47292,0.1239065737332749,0.841792949056738,0.1239065737332749
47293,0.2835316356408565,0.2402550502256758,0.2835316356408565
47294,0.1671745024921483,0.6580466874293458,0.1671745024921483
47295,0.11728446442555278,0.3153450812820238,0.11728446442555278
47296,0.11083449571758802,0.7858180383136886,0.11083449571758802
47297,0.0433388672262543,0.04592917750141731,0.0433388672262543
47298,0.11217395426231558,0.5862715457055494,0.11217395426231558
47299,0.1302229822597262,0.7057811643696785,0.1302229822597262
47300,0.06506230292625101,0.27751665189288227,0.06506230292625101
47301,0.09868316719461491,0.7420123439008208,0.09868316719461491
47302,0.047005061989011644,0.24152837517780631,0.047005061989011644
47303,0.05922874958140391,0.07684385706043013,0.05922874958140391
47304,0.5800866268698638,0.8926896141828599,0.5800866268698638
47305,0.03587447396257706,0.2697357465806406,0.03587447396257706
47306,0.06327070232398341,0.25503074901520434,0.06327070232398341
47307,0.13074418403033342,0.07142937719226511,0.13074418403033342
47308,0.04772169851023308,0.17970449143317124,0.04772169851023308
47309,0.05171346616181602,0.1537853163822769,0.05171346616181602
47310,0.25491198084139166,0.6059556398330976,0.25491198084139166
47311,0.014233396317927308,0.21119958764850857,0.014233396317927308
47312,0.26446814351472187,0.8714328851346618,0.26446814351472187
47313,0.014935186429776336,0.06370056070135734,0.014935186429776336
47314,0.036319946254411574,0.3939130810524854,0.036319946254411574
47315,0.05954677829974484,0.24223160878089145,0.05954677829974484
47316,0.06701924639835456,0.14923012845665032,0.06701924639835456
47317,0.25782280151234443,0.429157266009762,0.25782280151234443
47318,0.02141572818073052,0.14056459000086297,0.02141572818073052
47319,0.8429247315267006,0.6778923206228827,0.8429247315267006
47320,0.05216342935029024,0.8377926923459742,0.05216342935029024
47321,0.10414725068618193,0.2668352219916432,0.10414725068618193
47322,0.058517001675692966,0.34918475104063573,0.058517001675692966
47323,0.08303758076983105,0.11154154574437095,0.08303758076983105
47324,0.06172224894603733,0.3592546308862599,0.06172224894603733
47325,0.008283632298397639,0.017946889430152692,0.008283632298397639
47326,0.3571108304208047,0.8295162616186098,0.3571108304208047
47327,0.047463999199915154,0.26128873229398775,0.047463999199915154
47328,0.044327110180901234,0.8264233114329884,0.044327110180901234
47329,0.06654043029634502,0.7911632885658927,0.06654043029634502
47330,0.6544113002383077,0.3617699054047187,0.6544113002383077
47331,0.0284214014484123,0.018557138722520142,0.0284214014484123
47332,0.1406047700944153,0.8645999426244195,0.1406047700944153
47333,0.09852054851382247,0.4133096395447796,0.09852054851382247
47334,0.04356626019159033,0.08022122636902404,0.04356626019159033
47335,0.09229852564439064,0.446153420369732,0.09229852564439064
47336,0.4100884517486647,0.3624881994564214,0.4100884517486647
47337,0.01847895635583083,0.054753339946518376,0.01847895635583083
47338,0.2521274785408557,0.377923734161732,0.2521274785408557
47339,0.04475208260953164,0.11453292022883235,0.04475208260953164
47340,0.3092424224734911,0.5133371092953654,0.3092424224734911
47341,0.08584623643241487,0.596997754540449,0.08584623643241487
47342,0.6779784093606809,0.7512588190073392,0.6779784093606809
47343,0.06808605457696897,0.26879012552613407,0.06808605457696897
47344,0.11157520840066752,0.4128889526919165,0.11157520840066752
47345,0.031073058258089387,0.2582614527528561,0.031073058258089387
47346,0.13515864379134473,0.5742793599560415,0.13515864379134473
47347,0.1312259982823833,0.6657038312611102,0.1312259982823833
47348,0.06774611713832561,0.24822205560284988,0.06774611713832561
47349,0.06419723911557793,0.2916946368948732,0.06419723911557793
47350,0.09137411135728152,0.6378499480740872,0.09137411135728152
47351,0.029936017353737385,0.07239076581112963,0.029936017353737385
47352,0.0650308544553545,0.16187071605044873,0.0650308544553545
47353,0.017875672270758303,0.308395894715261,0.017875672270758303
47354,0.8405801634152856,0.7471467064190879,0.8405801634152856
47355,0.11609931197402039,0.6552554943934138,0.11609931197402039
47356,0.4589208108485224,0.6078666896766153,0.4589208108485224
47357,0.11893934808565806,0.12532436165694516,0.11893934808565806
47358,0.609384095446131,0.3771211757095448,0.609384095446131
47359,0.040260774170410026,0.3092370561379802,0.040260774170410026
47360,0.02233086889069779,0.5863672283534906,0.02233086889069779
47361,0.11647093572481358,0.19859543578616526,0.11647093572481358
47362,0.12278181163661385,0.3249832370601979,0.12278181163661385
47363,0.03754624734373706,0.3108953200630051,0.03754624734373706
47364,0.26578466798909794,0.4725870980276336,0.26578466798909794
47365,0.21737397765194474,0.6774612169498085,0.21737397765194474
47366,0.02730923845499738,0.15896938777855318,0.02730923845499738
47367,0.47206654058158426,0.6885378919372799,0.47206654058158426
47368,0.13388910708645935,0.2921151204912899,0.13388910708645935
47369,0.032934019941919676,0.03959522816036808,0.032934019941919676
47370,0.05889212873820102,0.6850865297574084,0.05889212873820102
47371,0.131315209048048,0.1715122338932922,0.131315209048048
47372,0.16997089197837822,0.17840246225484202,0.16997089197837822
47373,0.2706175474930747,0.6674878543878313,0.2706175474930747
47374,0.044519688611512676,0.22961568695205217,0.044519688611512676
47375,0.06498495265610672,0.5496704071917327,0.06498495265610672
47376,0.0687607999256915,0.1407809693273475,0.0687607999256915
47377,0.07925192069313451,0.049699364844510166,0.07925192069313451
47378,0.23714077579784393,0.8249087677927303,0.23714077579784393
47379,0.1467779117061022,0.7416070098273032,0.1467779117061022
47380,0.05510465754056795,0.2992530662032129,0.05510465754056795
47381,0.018827410543165696,0.28228662735344934,0.018827410543165696
47382,0.037579364456266806,0.16779773232080572,0.037579364456266806
47383,0.674093052836276,0.5629945429529412,0.674093052836276
47384,0.10076183977394963,0.3165695951347222,0.10076183977394963
47385,0.09562314645306454,0.0369932008203274,0.09562314645306454
47386,0.5242269093391805,0.581073682362473,0.5242269093391805
47387,0.045604040687483104,0.8700863492840907,0.045604040687483104
47388,0.06367570183817968,0.0926181196767306,0.06367570183817968
47389,0.0634975322942018,0.718052692937908,0.0634975322942018
47390,0.06212584900528063,0.011462395318184215,0.06212584900528063
47391,0.20866595684553926,0.540088402141597,0.20866595684553926
47392,0.12233196762646634,0.5865521772073271,0.12233196762646634
47393,0.07187941058619848,0.17278829552624964,0.07187941058619848
47394,0.05145496059401726,0.24183649283395978,0.05145496059401726
47395,0.7827580639646483,0.5066539782026136,0.7827580639646483
47396,0.575942917632342,0.3860894612294668,0.575942917632342
47397,0.15582356424733143,0.5246737533256086,0.15582356424733143
47398,0.26932505415177005,0.4908815343242871,0.26932505415177005
47399,0.0932157185803847,0.46765972001544903,0.0932157185803847
47400,0.16705809941550742,0.706455847303054,0.16705809941550742
47401,0.0035043348341389736,0.026954209034770096,0.0035043348341389736
47402,0.01984450820805639,0.22090413774340395,0.01984450820805639
47403,0.032285149758550236,0.37279306784211763,0.032285149758550236
47404,0.033740389864250944,0.13069020154366195,0.033740389864250944
47405,0.048093890858854606,0.27742016208605147,0.048093890858854606
47406,0.07751968431548778,0.11372994115954141,0.07751968431548778
47407,0.2749631265384376,0.3988741213841618,0.2749631265384376
47408,0.1263766492384817,0.603022093835197,0.1263766492384817
47409,0.4440845491541381,0.6071843092769003,0.4440845491541381
47410,0.09651908890223457,0.44898917456434845,0.09651908890223457
47411,0.10214593402173477,0.4631751738108995,0.10214593402173477
47412,0.08519242827391148,0.6986638777233294,0.08519242827391148
47413,0.03231165121141273,0.21583194104161266,0.03231165121141273
47414,0.017598998813001254,0.43708373012204865,0.017598998813001254
47415,0.13475983028662575,0.6251838914677309,0.13475983028662575
47416,0.04878213589088519,0.43187396702637365,0.04878213589088519
47417,0.05395862329867619,0.15350883512705116,0.05395862329867619
47418,0.045917009288763445,0.29000165842719466,0.045917009288763445
47419,0.6154455485895403,0.8682884553667987,0.6154455485895403
47420,0.02566412430107616,0.1581020941763805,0.02566412430107616
47421,0.046004303026327915,0.13387020170241062,0.046004303026327915
47422,0.09901628862196288,0.3180908973962601,0.09901628862196288
47423,0.5614701624688915,0.19312098227488125,0.5614701624688915
47424,0.4389858132536114,0.6297602015829756,0.4389858132536114
47425,0.13471829178250877,0.05573920505361684,0.13471829178250877
47426,0.12969319078635977,0.10943628217255229,0.12969319078635977
47427,0.6132218629046614,0.5799267398944474,0.6132218629046614
47428,0.7939157331094993,0.9290497974424162,0.7939157331094993
47429,0.0416460183677245,0.2558902700600311,0.0416460183677245
47430,0.013280929508720582,0.025935109039306233,0.013280929508720582
47431,0.03950393448789184,0.27273724950508293,0.03950393448789184
47432,0.10573865922033772,0.317320431013803,0.10573865922033772
47433,0.5470040795231178,0.8689423381646794,0.5470040795231178
47434,0.05880552328471624,0.2886638041442717,0.05880552328471624
47435,0.06330228567689895,0.14331576876021004,0.06330228567689895
47436,0.20663013160612087,0.45122879093530394,0.20663013160612087
47437,0.1620509994655039,0.3629745257520396,0.1620509994655039
47438,0.11402055426931584,0.13268646978548548,0.11402055426931584
47439,0.03966614152831095,0.8043190330445852,0.03966614152831095
47440,0.03661916006607089,0.04516478511269274,0.03661916006607089
47441,0.08018319091413416,0.11957136077384409,0.08018319091413416
47442,0.066952995259714,0.7926529716875272,0.066952995259714
47443,0.35413576012993986,0.4718584872966364,0.35413576012993986
47444,0.04702984089572547,0.1311377556797506,0.04702984089572547
47445,0.020096764644881866,0.19924349751297193,0.020096764644881866
47446,0.011750074722044266,0.028196012401872556,0.011750074722044266
47447,0.06285454345401215,0.08585946337693061,0.06285454345401215
47448,0.02891647075178642,0.08554023061310734,0.02891647075178642
47449,0.04463388998917153,0.2845826808302424,0.04463388998917153
47450,0.05577754974330454,0.7827634202542584,0.05577754974330454
47451,0.056476788409036825,0.1924622574901536,0.056476788409036825
47452,0.11019332508965493,0.6407164313323741,0.11019332508965493
47453,0.5105940125682812,0.7419127892933496,0.5105940125682812
47454,0.19456844577477803,0.8864520788184193,0.19456844577477803
47455,0.12924315744402054,0.7732461277308481,0.12924315744402054
47456,0.023183247465483784,0.3428652970546614,0.023183247465483784
47457,0.4403943761456824,0.1311131252338386,0.4403943761456824
47458,0.042861113609480146,0.10531165192092168,0.042861113609480146
47459,0.41368455424429795,0.377288675840564,0.41368455424429795
47460,0.04445456144031345,0.24061039511447252,0.04445456144031345
47461,0.16341147434731446,0.6824672686067429,0.16341147434731446
47462,0.19483916755565234,0.24620732960103164,0.19483916755565234
47463,0.05266226754586242,0.36918613571641223,0.05266226754586242
47464,0.19057553838587657,0.35773316276573325,0.19057553838587657
47465,0.5214827553132096,0.2253866769827903,0.5214827553132096
47466,0.25724127312669776,0.06256243866577711,0.25724127312669776
47467,0.5197678818383503,0.3638663062033317,0.5197678818383503
47468,0.263652374450962,0.43597273945419385,0.263652374450962
47469,0.13309746607215664,0.5663608789306914,0.13309746607215664
47470,0.216740806345617,0.40180275046453,0.216740806345617
47471,0.2421345838466403,0.20558312460491165,0.2421345838466403
47472,0.13264765090575856,0.36047742746653255,0.13264765090575856
47473,0.02090309804028643,0.25426581530809494,0.02090309804028643
47474,0.06267299788425955,0.36732707074547605,0.06267299788425955
47475,0.04851018766323197,0.06102580824835098,0.04851018766323197
47476,0.41399900571684217,0.33172336665471086,0.41399900571684217
47477,0.19798470946970412,0.3293706688754864,0.19798470946970412
47478,0.04100547282955516,0.8017758857578557,0.04100547282955516
47479,0.07547722428304289,0.1584403332780171,0.07547722428304289
47480,0.10766996730024427,0.2968570435200796,0.10766996730024427
47481,0.017514725990834302,0.15501781225697317,0.017514725990834302
47482,0.07154505446822697,0.47912367699046593,0.07154505446822697
47483,0.6906095422430826,0.7572367803918453,0.6906095422430826
47484,0.09633339856497453,0.3253514365959606,0.09633339856497453
47485,0.045690786636206945,0.31414814573259986,0.045690786636206945
47486,0.05345815544942857,0.08590438206649557,0.05345815544942857
47487,0.3901912468739005,0.9065761441731088,0.3901912468739005
47488,0.04558902938783947,0.08104558893003894,0.04558902938783947
47489,0.09678047040553381,0.781550115992403,0.09678047040553381
47490,0.04452052077690345,0.10522945821790063,0.04452052077690345
47491,0.18974908627772794,0.14909888707885335,0.18974908627772794
47492,0.3685973411225793,0.9131613274221453,0.3685973411225793
47493,0.02987650478055073,0.07602334212399672,0.02987650478055073
47494,0.13272971553443103,0.5298685775585422,0.13272971553443103
47495,0.07096259300056275,0.26167855351118496,0.07096259300056275
47496,0.024881489562534043,0.16179683016342664,0.024881489562534043
47497,0.13092088840080984,0.8686469157588778,0.13092088840080984
47498,0.11729214328033662,0.20404632819735982,0.11729214328033662
47499,0.45016849370406775,0.9045826814768387,0.45016849370406775
47500,0.04541521801256989,0.18421290933788034,0.04541521801256989
47501,0.15503495119944208,0.3773202139916325,0.15503495119944208
47502,0.03434369573241576,0.04989184137470084,0.03434369573241576
47503,0.0945893484906361,0.20659148001336114,0.0945893484906361
47504,0.2692831855238704,0.6163578448603558,0.2692831855238704
47505,0.063329502176495,0.25980231125147746,0.063329502176495
47506,0.24237213655381826,0.08969250545626105,0.24237213655381826
47507,0.03542534128207656,0.02081846620317369,0.03542534128207656
47508,0.10141022405116314,0.6729721708256554,0.10141022405116314
47509,0.04185376913280631,0.08546132541512463,0.04185376913280631
47510,0.05205920447804082,0.2199849847115122,0.05205920447804082
47511,0.39191348435506923,0.777991825799056,0.39191348435506923
47512,0.35751352246296897,0.6288064647712981,0.35751352246296897
47513,0.0855378017942814,0.29684054434373797,0.0855378017942814
47514,0.05801486353482798,0.13882919374266348,0.05801486353482798
47515,0.05887563596710417,0.36952326876146313,0.05887563596710417
47516,0.2111297072206779,0.08585757298349171,0.2111297072206779
47517,0.07150191387000687,0.3449597640887604,0.07150191387000687
47518,0.051913615333858736,0.13088859218230647,0.051913615333858736
47519,0.23063770184182475,0.6354577962340813,0.23063770184182475
47520,0.26130005251562366,0.7262785072972231,0.26130005251562366
47521,0.05662015034261713,0.04883821692468106,0.05662015034261713
47522,0.2949028050825827,0.4861763605608484,0.2949028050825827
47523,0.10411642456924322,0.3688576653682906,0.10411642456924322
47524,0.13780704222596823,0.09975671992864911,0.13780704222596823
47525,0.10537414317313129,0.17389780941573657,0.10537414317313129
47526,0.0466397558083305,0.3452763578031256,0.0466397558083305
47527,0.3834557818055784,0.15455593359558062,0.3834557818055784
47528,0.037353729070314014,0.5914446211460126,0.037353729070314014
47529,0.057007327538781974,0.19827382808128619,0.057007327538781974
47530,0.09225176648244064,0.648538046652838,0.09225176648244064
47531,0.06711336436180057,0.27278192909803145,0.06711336436180057
47532,0.04024856577306827,0.10293377151534921,0.04024856577306827
47533,0.04797770384555591,0.41657958591764827,0.04797770384555591
47534,0.1000366303796128,0.3688995282445522,0.1000366303796128
47535,0.2568466518845438,0.24966819066117887,0.2568466518845438
47536,0.14203038789041078,0.3640400315660827,0.14203038789041078
47537,0.018995911187228723,0.11939465640700157,0.018995911187228723
47538,0.7185480585707581,0.2302678843277888,0.7185480585707581
47539,0.8550811250310558,0.9322095582330288,0.8550811250310558
47540,0.0988932023822002,0.7018362173721316,0.0988932023822002
47541,0.01224362079333868,0.10592818104987578,0.01224362079333868
47542,0.7631053600206402,0.7700163638406318,0.7631053600206402
47543,0.08565457942053512,0.21711253348116327,0.08565457942053512
47544,0.06323653417796794,0.11691982740125074,0.06323653417796794
47545,0.2596507228805793,0.7161071025581743,0.2596507228805793
47546,0.08612642326227624,0.5362162704604365,0.08612642326227624
47547,0.10979756075850171,0.7941575433496775,0.10979756075850171
47548,0.055589779598968,0.31724977553942024,0.055589779598968
47549,0.05293390281715351,0.22040679485847536,0.05293390281715351
47550,0.08048640848925963,0.17888779411923533,0.08048640848925963
47551,0.09537568997471628,0.7532994968324385,0.09537568997471628
47552,0.12967664026395453,0.4535223991639186,0.12967664026395453
47553,0.09792570671265462,0.19477559307250597,0.09792570671265462
47554,0.37760748945671546,0.3967182260466045,0.37760748945671546
47555,0.007169725950216564,0.13798771191979115,0.007169725950216564
47556,0.08431155510494077,0.3286052937135307,0.08431155510494077
47557,0.017611530150113245,0.8417646361051958,0.017611530150113245
47558,0.4031052015124938,0.5917366408473254,0.4031052015124938
47559,0.615542267818207,0.8084941709106318,0.615542267818207
47560,0.111730460046067,0.4172981509149913,0.111730460046067
47561,0.029411336350348167,0.32416849529302716,0.029411336350348167
47562,0.032663077812767755,0.13044291105815814,0.032663077812767755
47563,0.10872622342449732,0.06970307799872973,0.10872622342449732
47564,0.01572954153917594,0.08703351071465415,0.01572954153917594
47565,0.1888018381057738,0.6291399666588907,0.1888018381057738
47566,0.7363890686129273,0.7321390791450325,0.7363890686129273
47567,0.022214944049421276,0.30815562185475737,0.022214944049421276
47568,0.03226892917321964,0.14224179952929716,0.03226892917321964
47569,0.1601286140226926,0.14155915460562005,0.1601286140226926
47570,0.04414665817531134,0.19331285666847967,0.04414665817531134
47571,0.4134909592592283,0.8261157847909254,0.4134909592592283
47572,0.436736136887213,0.5888985971301366,0.436736136887213
47573,0.05566364674861079,0.5801835557448798,0.05566364674861079
47574,0.256970379877425,0.4125205878359059,0.256970379877425
47575,0.063094188283159,0.1703209472177189,0.063094188283159
47576,0.09512173747210154,0.27680101953219965,0.09512173747210154
47577,0.04335432673475189,0.8893554525733862,0.04335432673475189
47578,0.08182920476135246,0.17324920503677185,0.08182920476135246
47579,0.11042084057658348,0.7540354983675687,0.11042084057658348
47580,0.02338067134975727,0.28227711737833067,0.02338067134975727
47581,0.35800889926868673,0.32168367390514097,0.35800889926868673
47582,0.08976108891384871,0.4197319932878405,0.08976108891384871
47583,0.04436004982856303,0.09080203544200793,0.04436004982856303
47584,0.3771382604875305,0.7535816968236867,0.3771382604875305
47585,0.06153857624889436,0.8764279330337522,0.06153857624889436
47586,0.13205272233516707,0.2662427924868351,0.13205272233516707
47587,0.5535721082623377,0.5549347113382058,0.5535721082623377
47588,0.13877575987241839,0.3434305678801927,0.13877575987241839
47589,0.5544516076841507,0.5362753010009508,0.5544516076841507
47590,0.07259833495476292,0.3567692623758751,0.07259833495476292
47591,0.08892740341671079,0.27224422633712714,0.08892740341671079
47592,0.02431117765729006,0.04224958186756701,0.02431117765729006
47593,0.1916709807317961,0.4091346308135436,0.1916709807317961
47594,0.05584089609514022,0.3065702022574226,0.05584089609514022
47595,0.07394502305937053,0.12505090312601816,0.07394502305937053
47596,0.16235488893117536,0.38304024508681805,0.16235488893117536
47597,0.06134088196849968,0.13809018206355278,0.06134088196849968
47598,0.03551961103618623,0.27105613161572956,0.03551961103618623
47599,0.07804046007162556,0.1212823688822772,0.07804046007162556
47600,0.07554348091895431,0.22604525164979417,0.07554348091895431
47601,0.09453485590745891,0.23291917294414907,0.09453485590745891
47602,0.0771625356771068,0.048142553082363,0.0771625356771068
47603,0.029754600507786284,0.1097440614704393,0.029754600507786284
47604,0.05312843072389538,0.6567131371108789,0.05312843072389538
47605,0.07685599596433446,0.08855977174443279,0.07685599596433446
47606,0.260810416357842,0.3512838523837189,0.260810416357842
47607,0.011538754213432572,0.09076894276185778,0.011538754213432572
47608,0.4559476965409934,0.2438491483018592,0.4559476965409934
47609,0.15109056179229413,0.1784943732250213,0.15109056179229413
47610,0.1931203720836561,0.12916623927756626,0.1931203720836561
47611,0.09728105610510317,0.3931468740638718,0.09728105610510317
47612,0.1158480213853204,0.28613893378818417,0.1158480213853204
47613,0.757504648796795,0.38966456684102735,0.757504648796795
47614,0.024537736761861113,0.0682996176530456,0.024537736761861113
47615,0.42968357231974075,0.801648649078268,0.42968357231974075
47616,0.030151213370796463,0.5955404305768011,0.030151213370796463
47617,0.17015050643257135,0.43410475274700916,0.17015050643257135
47618,0.11881530362339464,0.6432442507185164,0.11881530362339464
47619,0.10756099770520522,0.3684191100426855,0.10756099770520522
47620,0.1798325469931449,0.5459711851335578,0.1798325469931449
47621,0.23809577265617743,0.38962831864210873,0.23809577265617743
47622,0.4051598187981375,0.15271257145316489,0.4051598187981375
47623,0.020915564393934126,0.7471505755142672,0.020915564393934126
47624,0.037262514226238504,0.06233440490662774,0.037262514226238504
47625,0.034776769735855674,0.05414752324787489,0.034776769735855674
47626,0.03550534556868836,0.22851634945940025,0.03550534556868836
47627,0.18285847734070831,0.5830839525358921,0.18285847734070831
47628,0.09480066754225501,0.3500670816716362,0.09480066754225501
47629,0.14482919869965663,0.7464600118137824,0.14482919869965663
47630,0.0627360695238581,0.3647537097025294,0.0627360695238581
47631,0.048582877671067455,0.20528376348553895,0.048582877671067455
47632,0.6699024770982869,0.8175216963869347,0.6699024770982869
47633,0.03501903381622636,0.2547630733128293,0.03501903381622636
47634,0.09373473496290792,0.5910039919563421,0.09373473496290792
47635,0.008491511263877288,0.15844467530288786,0.008491511263877288
47636,0.401029150651327,0.5298717134350903,0.401029150651327
47637,0.10219117146035395,0.6623578954323837,0.10219117146035395
47638,0.0696306572443891,0.1697417444879047,0.0696306572443891
47639,0.05542771550249996,0.27942509388099135,0.05542771550249996
47640,0.4451092237434351,0.6627860945179664,0.4451092237434351
47641,0.19948510538612327,0.5710164581074147,0.19948510538612327
47642,0.03615786196991814,0.3701518636874767,0.03615786196991814
47643,0.4067160575584486,0.2394622699941338,0.4067160575584486
47644,0.11911284146398826,0.25643719840906,0.11911284146398826
47645,0.19343175956369774,0.5806603375433788,0.19343175956369774
47646,0.6124717245073648,0.981404338163367,0.6124717245073648
47647,0.12934655590975042,0.7869322900262758,0.12934655590975042
47648,0.01024356741525751,0.2949438068668748,0.01024356741525751
47649,0.09650672786303251,0.3782845764053924,0.09650672786303251
47650,0.36623328670826794,0.847476184901603,0.36623328670826794
47651,0.04995483104644451,0.11529899043390983,0.04995483104644451
47652,0.12728265414327622,0.4178445980722097,0.12728265414327622
47653,0.39045456012184254,0.2992493775794253,0.39045456012184254
47654,0.05025614254342777,0.22542789255749293,0.05025614254342777
47655,0.04196178365292738,0.19411912794147962,0.04196178365292738
47656,0.14517889400885067,0.5169854822361516,0.14517889400885067
47657,0.07065921624395188,0.2481910941563707,0.07065921624395188
47658,0.6847017674351171,0.5975369575492971,0.6847017674351171
47659,0.05434410755035687,0.8341090161874535,0.05434410755035687
47660,0.17658666830423364,0.3492211619495265,0.17658666830423364
47661,0.6792668530718484,0.6288942936617763,0.6792668530718484
47662,0.024938387074525264,0.059009145899901055,0.024938387074525264
47663,0.046099485119203115,0.766232945116638,0.046099485119203115
47664,0.1057832316261761,0.1526499622661949,0.1057832316261761
47665,0.11746088532142702,0.05303645524452994,0.11746088532142702
47666,0.6467246213230302,0.8167459546763102,0.6467246213230302
47667,0.021673749316738076,0.1857981193585878,0.021673749316738076
47668,0.1718876025812735,0.5894369750870891,0.1718876025812735
47669,0.25792105533309606,0.807591938841856,0.25792105533309606
47670,0.44890610827279676,0.6590694139078042,0.44890610827279676
47671,0.09546846040616085,0.4520169430449239,0.09546846040616085
47672,0.05740839757763939,0.2324573854755658,0.05740839757763939
47673,0.1672890634604501,0.2484944656833425,0.1672890634604501
47674,0.1766573509020733,0.7226759968030215,0.1766573509020733
47675,0.055052214997270574,0.5264121825229825,0.055052214997270574
47676,0.5586332774499901,0.7774583599620838,0.5586332774499901
47677,0.024313116779357127,0.051260236372813996,0.024313116779357127
47678,0.03774472766127002,0.12564738074374418,0.03774472766127002
47679,0.2704977036478614,0.48208120673174787,0.2704977036478614
47680,0.32324430338242277,0.3750907808285907,0.32324430338242277
47681,0.035623779495067426,0.665754755206966,0.035623779495067426
47682,0.5840277204957443,0.5046551760650021,0.5840277204957443
47683,0.020198078052480417,0.06767144199373673,0.020198078052480417
47684,0.15404658482541286,0.3344591761713517,0.15404658482541286
47685,0.04303889030906699,0.5561531753183506,0.04303889030906699
47686,0.013822918156075907,0.024140906751595196,0.013822918156075907
47687,0.3191066929729821,0.4036208862091178,0.3191066929729821
47688,0.508360449346234,0.8889036716902681,0.508360449346234
47689,0.1256232600451752,0.0891092214021903,0.1256232600451752
47690,0.03060707524711599,0.13934396473328706,0.03060707524711599
47691,0.3597541017673911,0.3115261082481582,0.3597541017673911
47692,0.07257909109306046,0.6833411830380877,0.07257909109306046
47693,0.0537146834176758,0.642923623663714,0.0537146834176758
47694,0.07861107355828677,0.18428958119988761,0.07861107355828677
47695,0.06645279768791158,0.5481939200180008,0.06645279768791158
47696,0.12372978716384694,0.34638900407477025,0.12372978716384694
47697,0.06673054539423702,0.06874020928044838,0.06673054539423702
47698,0.020090541606833177,0.03767868728438261,0.020090541606833177
47699,0.4104031883479036,0.2773027226091056,0.4104031883479036
47700,0.03436118044481699,0.17778220870235548,0.03436118044481699
47701,0.01684534864147615,0.40781309679781563,0.01684534864147615
47702,0.14928559244266898,0.23386366682987367,0.14928559244266898
47703,0.02691489491177824,0.1560939693680956,0.02691489491177824
47704,0.02251806309935659,0.08733048264793494,0.02251806309935659
47705,0.029169048346667573,0.9135464603333052,0.029169048346667573
47706,0.39081633191380855,0.2582330406577297,0.39081633191380855
47707,0.1620596150434671,0.2922334234759055,0.1620596150434671
47708,0.12928709657478152,0.1849244097554814,0.12928709657478152
47709,0.18982569539943775,0.7675583600166502,0.18982569539943775
47710,0.09153580590965174,0.4297747642748049,0.09153580590965174
47711,0.03965260006424691,0.27554082891400566,0.03965260006424691
47712,0.07049580398475126,0.4366327705412612,0.07049580398475126
47713,0.39272008273759534,0.6414432222463935,0.39272008273759534
47714,0.1049154166598823,0.6741165584243658,0.1049154166598823
47715,0.07280726470014709,0.7912529851635712,0.07280726470014709
47716,0.06117855986694409,0.21066096715794977,0.06117855986694409
47717,0.1443739466709962,0.8101496696037602,0.1443739466709962
47718,0.3860945226262187,0.5511241137129472,0.3860945226262187
47719,0.06614297557978466,0.15529967852459223,0.06614297557978466
47720,0.0535199193991149,0.7181613603548401,0.0535199193991149
47721,0.0988558250915985,0.3315581379145214,0.0988558250915985
47722,0.7795084885420142,0.8906893215643794,0.7795084885420142
47723,0.13218181095864606,0.40152361296901234,0.13218181095864606
47724,0.12292308489572344,0.32496063533898323,0.12292308489572344
47725,0.22576706454503662,0.24132748194500833,0.22576706454503662
47726,0.1033684137701985,0.19046380173866437,0.1033684137701985
47727,0.29720094366365657,0.5411866478080338,0.29720094366365657
47728,0.11616641089385121,0.5794646557339724,0.11616641089385121
47729,0.21887629286121435,0.4823293756159132,0.21887629286121435
47730,0.08814494348351476,0.32293322838383726,0.08814494348351476
47731,0.08703524112769076,0.0835610411774487,0.08703524112769076
47732,0.5551456686619352,0.2934116501737496,0.5551456686619352
47733,0.27123417547838446,0.35339621341601274,0.27123417547838446
47734,0.04106721810834098,0.08482107568868459,0.04106721810834098
47735,0.06794748588137815,0.13947149859069619,0.06794748588137815
47736,0.0410743482883876,0.06339435038163029,0.0410743482883876
47737,0.20930699802120217,0.4156610960067346,0.20930699802120217
47738,0.02087090400936591,0.053112507392742384,0.02087090400936591
47739,0.2714322966527479,0.7572604413322955,0.2714322966527479
47740,0.016549152628086438,0.06548863208296744,0.016549152628086438
47741,0.25677751361600365,0.5332558880864141,0.25677751361600365
47742,0.014826356825142134,0.29548320885856766,0.014826356825142134
47743,0.057419634768288985,0.0894470133105198,0.057419634768288985
47744,0.24300215407000772,0.15333024993283495,0.24300215407000772
47745,0.11552010952474047,0.411786801083658,0.11552010952474047
47746,0.3301836345676943,0.18245121610752205,0.3301836345676943
47747,0.3890822484119774,0.9154178201000422,0.3890822484119774
47748,0.7596655863602956,0.9121123551577706,0.7596655863602956
47749,0.02324386381579685,0.06890265459193752,0.02324386381579685
47750,0.059168773427954874,0.2208467420182128,0.059168773427954874
47751,0.6483492979711256,0.6689302345567156,0.6483492979711256
47752,0.26651551174055566,0.8068718847200308,0.26651551174055566
47753,0.02611838364064104,0.12261581060497347,0.02611838364064104
47754,0.16165486517223418,0.7799459459474716,0.16165486517223418
47755,0.061450628242929996,0.8923459826495287,0.061450628242929996
47756,0.4933740951912829,0.34396888757835603,0.4933740951912829
47757,0.061174334366867866,0.7826720185026818,0.061174334366867866
47758,0.17757739522777313,0.5810308752212148,0.17757739522777313
47759,0.03274073704141484,0.10969596708555675,0.03274073704141484
47760,0.046789692922318445,0.3531295815311693,0.046789692922318445
47761,0.1997820619929968,0.8780644074779836,0.1997820619929968
47762,0.03768215681985831,0.07247299818199195,0.03768215681985831
47763,0.1005410313189964,0.8660984137991584,0.1005410313189964
47764,0.029845123272955465,0.09317096659561246,0.029845123272955465
47765,0.10149426166582312,0.3492685218124526,0.10149426166582312
47766,0.49876189614676364,0.06828199444589604,0.49876189614676364
47767,0.08630995070954119,0.5407901270125162,0.08630995070954119
47768,0.5204819952404538,0.4120454906212989,0.5204819952404538
47769,0.14178001597339662,0.402793406456734,0.14178001597339662
47770,0.5949451522538262,0.7120635319337619,0.5949451522538262
47771,0.14615551908566476,0.1338838122713777,0.14615551908566476
47772,0.04153129754674133,0.3385654151727314,0.04153129754674133
47773,0.01797672266666806,0.2952740976116981,0.01797672266666806
47774,0.0170700757347838,0.11876187670490208,0.0170700757347838
47775,0.10051092946267953,0.15525998281334297,0.10051092946267953
47776,0.6935068298169513,0.31115665613570986,0.6935068298169513
47777,0.029949664945350004,0.03872718380553482,0.029949664945350004
47778,0.06281988685453513,0.38871884521149686,0.06281988685453513
47779,0.0722150653581435,0.2289185049344079,0.0722150653581435
47780,0.5065099924773596,0.7704326959457438,0.5065099924773596
47781,0.05589096769817433,0.06895236285523974,0.05589096769817433
47782,0.07391949125175393,0.05107088467361399,0.07391949125175393
47783,0.20687997254534224,0.5178588827813666,0.20687997254534224
47784,0.024163658598816536,0.1489927319287517,0.024163658598816536
47785,0.03687950859709051,0.13764539717400162,0.03687950859709051
47786,0.2523290073421805,0.12177996925993863,0.2523290073421805
47787,0.09614750073765772,0.31720495627133855,0.09614750073765772
47788,0.059530434105561,0.2202939762216883,0.059530434105561
47789,0.2882170344107903,0.7969233871536988,0.2882170344107903
47790,0.034457883528062505,0.8807945979943651,0.034457883528062505
47791,0.5322353054225476,0.307532619477486,0.5322353054225476
47792,0.016222250799726227,0.08522230213880007,0.016222250799726227
47793,0.0172144887324435,0.5087986768816072,0.0172144887324435
47794,0.14294113090811986,0.20570571497985812,0.14294113090811986
47795,0.02980823685904324,0.6293532710088299,0.02980823685904324
47796,0.11736569474516799,0.5542641462232735,0.11736569474516799
47797,0.09762215853372076,0.5656352086921252,0.09762215853372076
47798,0.2499704095567968,0.06944364250122899,0.2499704095567968
47799,0.09526185787071358,0.24422204875082412,0.09526185787071358
47800,0.04500768134311909,0.5049778366193058,0.04500768134311909
47801,0.05282789424340132,0.17631346993389158,0.05282789424340132
47802,0.28234799678001005,0.15386838385563298,0.28234799678001005
47803,0.1435155230873131,0.3638242336172701,0.1435155230873131
47804,0.32472548097322024,0.3008026713364612,0.32472548097322024
47805,0.04032886091531926,0.13749500450541763,0.04032886091531926
47806,0.02497629679524209,0.08504851425443775,0.02497629679524209
47807,0.5844716863994325,0.6307126169791097,0.5844716863994325
47808,0.18421952033843225,0.4065338714708325,0.18421952033843225
47809,0.8565806715181411,0.9427911441128537,0.8565806715181411
47810,0.12755716528636307,0.5817343939997127,0.12755716528636307
47811,0.37320420020680484,0.47470970887798725,0.37320420020680484
47812,0.023700429048060863,0.3513663944355692,0.023700429048060863
47813,0.07414942038803096,0.4872451535768051,0.07414942038803096
47814,0.051904468214097166,0.07618917688575354,0.051904468214097166
47815,0.06643943165169071,0.19444867537850247,0.06643943165169071
47816,0.20765021811413695,0.6638100012061673,0.20765021811413695
47817,0.008456168256522125,0.04730953636878869,0.008456168256522125
47818,0.06801832068784831,0.2236241600731968,0.06801832068784831
47819,0.530336495661039,0.17173751893508518,0.530336495661039
47820,0.02402408187822539,0.15076233736850797,0.02402408187822539
47821,0.5820822989061368,0.1136815053971438,0.5820822989061368
47822,0.06319017863815159,0.420616878990573,0.06319017863815159
47823,0.18980877591791004,0.07363998997055049,0.18980877591791004
47824,0.04688602699483058,0.77562658776207,0.04688602699483058
47825,0.057941595332092435,0.23569401672771204,0.057941595332092435
47826,0.07469822497880432,0.4430726864860652,0.07469822497880432
47827,0.6532815040182373,0.35414385651305696,0.6532815040182373
47828,0.09445125063757968,0.3021136664310277,0.09445125063757968
47829,0.04043007143884093,0.08441584370541166,0.04043007143884093
47830,0.02498506407158749,0.549205278825032,0.02498506407158749
47831,0.02640837363462339,0.03364059928360872,0.02640837363462339
47832,0.041687313198440164,0.11064154362555967,0.041687313198440164
47833,0.04304819045063754,0.6296926712723651,0.04304819045063754
47834,0.05940473347698543,0.07262775641378783,0.05940473347698543
47835,0.017666830360027287,0.015356474207448944,0.017666830360027287
47836,0.12363883598922996,0.14468505223984124,0.12363883598922996
47837,0.07404307581443993,0.37207446218488377,0.07404307581443993
47838,0.03021686619554436,0.41492539344687385,0.03021686619554436
47839,0.032834319493699096,0.41570742867896837,0.032834319493699096
47840,0.015238659064105431,0.59184446835183,0.015238659064105431
47841,0.039319972160262937,0.19552374793340835,0.039319972160262937
47842,0.05929204353274506,0.5302073542858812,0.05929204353274506
47843,0.0655365482699202,0.03211880420086108,0.0655365482699202
47844,0.1685092218380848,0.6172650996468669,0.1685092218380848
47845,0.3313808378819891,0.622728516325921,0.3313808378819891
47846,0.0776594895694723,0.6094261879104221,0.0776594895694723
47847,0.6510928011395328,0.7583259474762519,0.6510928011395328
47848,0.2363199994209816,0.5991569083867762,0.2363199994209816
47849,0.07840316329212024,0.042192903705931595,0.07840316329212024
47850,0.34647609480721786,0.14193281249086923,0.34647609480721786
47851,0.6757004839852511,0.6886456406338065,0.6757004839852511
47852,0.044120050106807404,0.5189191935909403,0.044120050106807404
47853,0.6368233055317989,0.8951379813692681,0.6368233055317989
47854,0.08119378729215332,0.8833301686165131,0.08119378729215332
47855,0.053385428805657296,0.28973139754498656,0.053385428805657296
47856,0.010541969191619496,0.010303651052824799,0.010541969191619496
47857,0.6798374537797305,0.2259589697535288,0.6798374537797305
47858,0.06366422009089842,0.7869361582795716,0.06366422009089842
47859,0.08808317645127285,0.5031773734129201,0.08808317645127285
47860,0.05297933075842077,0.12449428027800771,0.05297933075842077
47861,0.01785232981079466,0.02686393354892175,0.01785232981079466
47862,0.030188885057769052,0.028477826174259542,0.030188885057769052
47863,0.06354973099953017,0.5594758471035686,0.06354973099953017
47864,0.03847318083984843,0.33679696364702283,0.03847318083984843
47865,0.24343641955263104,0.6881256387084032,0.24343641955263104
47866,0.04686937889996632,0.15748046825559922,0.04686937889996632
47867,0.03658594278531836,0.08388609401397697,0.03658594278531836
47868,0.037707937695897836,0.05380742494449037,0.037707937695897836
47869,0.1505566434139436,0.7133908187277481,0.1505566434139436
47870,0.08766487961911479,0.2369328755190642,0.08766487961911479
47871,0.3567257110607492,0.6882205995366352,0.3567257110607492
47872,0.14891574227133342,0.22468400600664196,0.14891574227133342
47873,0.02500956080022854,0.1357222849379252,0.02500956080022854
47874,0.0689248118789434,0.7621957210631236,0.0689248118789434
47875,0.053292469977246,0.19224082538324083,0.053292469977246
47876,0.06303530217741,0.12926383079828552,0.06303530217741
47877,0.03721554065610427,0.14787534342681224,0.03721554065610427
47878,0.04022185403610246,0.10139966487277706,0.04022185403610246
47879,0.26485491749382334,0.30013681668503345,0.26485491749382334
47880,0.02236307460312569,0.8561720885783336,0.02236307460312569
47881,0.026503873534028083,0.16985299556039096,0.026503873534028083
47882,0.46479039116164533,0.5427724264425061,0.46479039116164533
47883,0.013129194279728914,0.1325328642178649,0.013129194279728914
47884,0.1313102026140587,0.31414477297298726,0.1313102026140587
47885,0.11461378721437121,0.3643066265280762,0.11461378721437121
47886,0.034684261552014005,0.09020796835127826,0.034684261552014005
47887,0.025124894904219656,0.1285133471929614,0.025124894904219656
47888,0.14471435950944056,0.16954250996046794,0.14471435950944056
47889,0.07521839246869817,0.3916104556105435,0.07521839246869817
47890,0.32080622929322944,0.5642493344933602,0.32080622929322944
47891,0.07931223420527853,0.28921380974516064,0.07931223420527853
47892,0.2552414633135606,0.30436647691478236,0.2552414633135606
47893,0.05110680838118113,0.10470948161371915,0.05110680838118113
47894,0.02047469785051884,0.10509416469850597,0.02047469785051884
47895,0.021896088556515165,0.8976516184246552,0.021896088556515165
47896,0.08010308870825303,0.3433241842048544,0.08010308870825303
47897,0.03456784197887803,0.4147474795961227,0.03456784197887803
47898,0.06682227625990374,0.18921359785890987,0.06682227625990374
47899,0.10029807509185704,0.36775360398541834,0.10029807509185704
47900,0.03231850448436501,0.3341542216227687,0.03231850448436501
47901,0.05516716879029607,0.09991014881502211,0.05516716879029607
47902,0.04156824362701177,0.3337967651586464,0.04156824362701177
47903,0.13899447417126665,0.25253550663459146,0.13899447417126665
47904,0.023033093269917607,0.4954997300955868,0.023033093269917607
47905,0.339003268260077,0.8481727291966821,0.339003268260077
47906,0.0299488870013433,0.5299361300527633,0.0299488870013433
47907,0.06021912954695668,0.5029527871088537,0.06021912954695668
47908,0.646583777398628,0.3307546363799459,0.646583777398628
47909,0.11044428128198833,0.8136970527916959,0.11044428128198833
47910,0.08388805356617657,0.5483799232313004,0.08388805356617657
47911,0.07365291216346503,0.24478851829607756,0.07365291216346503
47912,0.060525158926347515,0.778205266816558,0.060525158926347515
47913,0.36031678031179143,0.461197177847582,0.36031678031179143
47914,0.1813786986070528,0.38716897334868433,0.1813786986070528
47915,0.0395664717306393,0.5663826608658742,0.0395664717306393
47916,0.11892987721563006,0.1447044893688253,0.11892987721563006
47917,0.2575918939122441,0.233334683529534,0.2575918939122441
47918,0.011904029418967463,0.05179526251309016,0.011904029418967463
47919,0.16734928017698894,0.6171778946498415,0.16734928017698894
47920,0.0896846890609674,0.38424293917119307,0.0896846890609674
47921,0.010371004122214875,0.08319400829244825,0.010371004122214875
47922,0.09701127327136105,0.28015957769389965,0.09701127327136105
47923,0.06499809516643472,0.16422848680738292,0.06499809516643472
47924,0.07201643306456226,0.5873990498273439,0.07201643306456226
47925,0.043744210358705155,0.8244580291328305,0.043744210358705155
47926,0.059048388498200204,0.7231013953575951,0.059048388498200204
47927,0.09561794678224934,0.2673767999961078,0.09561794678224934
47928,0.6080734961480214,0.7700236268727997,0.6080734961480214
47929,0.059734926039430106,0.35639509657615964,0.059734926039430106
47930,0.11365421735293531,0.28632924238318885,0.11365421735293531
47931,0.02584676163861525,0.03305096081270768,0.02584676163861525
47932,0.03026854305014715,0.4989350567110544,0.03026854305014715
47933,0.03175245451475027,0.15092440889491693,0.03175245451475027
47934,0.013487294588430822,0.044163210895879754,0.013487294588430822
47935,0.607082339677393,0.6744037736521443,0.607082339677393
47936,0.6087005138755343,0.9050658669985439,0.6087005138755343
47937,0.6846524255191094,0.48012968571285786,0.6846524255191094
47938,0.05932815174371342,0.40646959718440356,0.05932815174371342
47939,0.2930305491266405,0.9007225435156108,0.2930305491266405
47940,0.6134958882787499,0.7379475939637425,0.6134958882787499
47941,0.05714712756026729,0.7304687972502071,0.05714712756026729
47942,0.030518517014296975,0.10414616165051037,0.030518517014296975
47943,0.14662486483461487,0.19620475900549372,0.14662486483461487
47944,0.2412224680469759,0.5608132002600952,0.2412224680469759
47945,0.14687577205497385,0.4006337008252911,0.14687577205497385
47946,0.7462951221638775,0.8699515007191664,0.7462951221638775
47947,0.04048722491150734,0.5094714023272955,0.04048722491150734
47948,0.10105602125887345,0.5698337046774355,0.10105602125887345
47949,0.21497619383273314,0.7383393066522315,0.21497619383273314
47950,0.36701590015904245,0.8219132031115132,0.36701590015904245
47951,0.04615709308466373,0.07177166178714513,0.04615709308466373
47952,0.03399845698929343,0.03633059778418144,0.03399845698929343
47953,0.07468443338719008,0.06634344418871939,0.07468443338719008
47954,0.11976988616679059,0.7190492989150156,0.11976988616679059
47955,0.10210865513831091,0.07817090279835762,0.10210865513831091
47956,0.5412862789754702,0.8036209199090824,0.5412862789754702
47957,0.0391025563031979,0.11603350206407372,0.0391025563031979
47958,0.040744190143526066,0.29714173013765316,0.040744190143526066
47959,0.0950850572718928,0.6480957749939965,0.0950850572718928
47960,0.030414152576508226,0.4584108854765061,0.030414152576508226
47961,0.390200298484926,0.3722784394377029,0.390200298484926
47962,0.1122712634620216,0.7422202053130531,0.1122712634620216
47963,0.06381213432751207,0.5359988858610659,0.06381213432751207
47964,0.061967971553839124,0.3047823161517042,0.061967971553839124
47965,0.3226073152468417,0.13225526711433763,0.3226073152468417
47966,0.06322892756563969,0.4655434277631924,0.06322892756563969
47967,0.019481851030755306,0.6318423589695163,0.019481851030755306
47968,0.09252524521908086,0.45244723710019974,0.09252524521908086
47969,0.029756921038225293,0.08269139267330165,0.029756921038225293
47970,0.08475455801816348,0.8689406339868558,0.08475455801816348
47971,0.16428404985164208,0.24342137910947845,0.16428404985164208
47972,0.04077762238142775,0.1600058206866821,0.04077762238142775
47973,0.03620349650059618,0.5202776943404539,0.03620349650059618
47974,0.05065291940029386,0.04031986998311762,0.05065291940029386
47975,0.06389216308763651,0.7317128252711436,0.06389216308763651
47976,0.024170459765730592,0.12350957951616892,0.024170459765730592
47977,0.22815401433743154,0.779348031626608,0.22815401433743154
47978,0.0858976359503992,0.2841114616396303,0.0858976359503992
47979,0.040967661783063394,0.027586213886448656,0.040967661783063394
47980,0.26470623054909853,0.13056828269072457,0.26470623054909853
47981,0.06435287740064106,0.34337749320802236,0.06435287740064106
47982,0.04326087412962273,0.17120433131547833,0.04326087412962273
47983,0.03411946677616564,0.07872320045023393,0.03411946677616564
47984,0.018317062185666047,0.019143682909922882,0.018317062185666047
47985,0.02837282404076124,0.22631905348586043,0.02837282404076124
47986,0.08758030240767359,0.30046651702981675,0.08758030240767359
47987,0.025952401287623276,0.09271624906059658,0.025952401287623276
47988,0.6909251943749901,0.8605413759656129,0.6909251943749901
47989,0.04512093879058959,0.08318518453772526,0.04512093879058959
47990,0.05365784993058359,0.6071353305574198,0.05365784993058359
47991,0.19267060587755744,0.44934304149740933,0.19267060587755744
47992,0.3491845561124097,0.41027470378656766,0.3491845561124097
47993,0.025386624123957452,0.595363272672775,0.025386624123957452
47994,0.31029759919664673,0.6260289187952247,0.31029759919664673
47995,0.18078388526051203,0.5648808444512728,0.18078388526051203
47996,0.6262604487227847,0.9281808110034017,0.6262604487227847
47997,0.02041285531150566,0.07947703560574743,0.02041285531150566
47998,0.913371514265398,0.921483207785795,0.913371514265398
47999,0.17772246132825634,0.48576434598144475,0.17772246132825634
48000,0.37925993426667715,0.11161332096699404,0.37925993426667715
48001,0.10293192325998453,0.2808451447173672,0.10293192325998453
48002,0.1419220654034261,0.0955879771348068,0.1419220654034261
48003,0.037483219131385546,0.37898400942741034,0.037483219131385546
48004,0.27759662048613143,0.5156842523057283,0.27759662048613143
48005,0.14533168838257157,0.21884797708321652,0.14533168838257157
48006,0.0937009526532389,0.3537867356234521,0.0937009526532389
48007,0.09977543963420732,0.3654083543438072,0.09977543963420732
48008,0.40074567668010824,0.699290208984361,0.40074567668010824
48009,0.11280894850492212,0.1698430886187583,0.11280894850492212
48010,0.057727217055265435,0.2531241794106307,0.057727217055265435
48011,0.07007690116298995,0.2856024591343835,0.07007690116298995
48012,0.4452626626665609,0.8134337130604838,0.4452626626665609
48013,0.07997929366518715,0.21614089914762313,0.07997929366518715
48014,0.28153779653687255,0.517317112498432,0.28153779653687255
48015,0.06190831252678073,0.1348402878509414,0.06190831252678073
48016,0.08308455368882861,0.38356467162986124,0.08308455368882861
48017,0.11596961670061945,0.1442271215395917,0.11596961670061945
48018,0.3754471271933581,0.5467986941860522,0.3754471271933581
48019,0.09354290253361128,0.14905629191348732,0.09354290253361128
48020,0.07676456363155329,0.5319380379923182,0.07676456363155329
48021,0.07037056063454462,0.29521022715009365,0.07037056063454462
48022,0.12228211501754627,0.0625754415135518,0.12228211501754627
48023,0.02949314800698246,0.05874635375840807,0.02949314800698246
48024,0.05346858558513509,0.22461275223546595,0.05346858558513509
48025,0.1730492860191109,0.3856619233169934,0.1730492860191109
48026,0.23006539912236462,0.3431915320754974,0.23006539912236462
48027,0.06067303313429022,0.10509749644501018,0.06067303313429022
48028,0.037429131303444246,0.2917493997208093,0.037429131303444246
48029,0.018064717655419196,0.1113765857598238,0.018064717655419196
48030,0.4025153033515041,0.6662630587942857,0.4025153033515041
48031,0.04652310692231296,0.17588908224890823,0.04652310692231296
48032,0.06501301146076088,0.8155030697703658,0.06501301146076088
48033,0.08465859941991002,0.06826189170392344,0.08465859941991002
48034,0.08994777959538804,0.20263230541249835,0.08994777959538804
48035,0.015211563834939436,0.09713682084710268,0.015211563834939436
48036,0.024113643181675543,0.09031366649420908,0.024113643181675543
48037,0.045831453910930665,0.5667753718082025,0.045831453910930665
48038,0.15363968072920658,0.6495700169465849,0.15363968072920658
48039,0.020147531352987486,0.6591424151786149,0.020147531352987486
48040,0.1574293578033092,0.6473281855359706,0.1574293578033092
48041,0.4280157893083932,0.4991818169111647,0.4280157893083932
48042,0.004193115265422748,0.021772489231553272,0.004193115265422748
48043,0.04952107934310259,0.48170767571427986,0.04952107934310259
48044,0.15513924336468993,0.6531189615072355,0.15513924336468993
48045,0.21007580287659064,0.6773899791298666,0.21007580287659064
48046,0.23878785773009448,0.41352089708708667,0.23878785773009448
48047,0.09995124124653539,0.35713528539951184,0.09995124124653539
48048,0.06223878878030421,0.5122467952980896,0.06223878878030421
48049,0.03785041550683449,0.5508536132368722,0.03785041550683449
48050,0.09322332577558778,0.8628837374191399,0.09322332577558778
48051,0.10608017367825975,0.43730315623686045,0.10608017367825975
48052,0.08077507687372697,0.15862536531920782,0.08077507687372697
48053,0.513560184503159,0.8658894469728162,0.513560184503159
48054,0.17223537834112937,0.3239223709210545,0.17223537834112937
48055,0.012805867085410844,0.059247676313893695,0.012805867085410844
48056,0.3759567810879214,0.8899362889799449,0.3759567810879214
48057,0.013424598458060334,0.02071640226959426,0.013424598458060334
48058,0.08463146063025737,0.658644514896274,0.08463146063025737
48059,0.30778694165914294,0.43920585236205284,0.30778694165914294
48060,0.9048377320122589,0.7467879395561445,0.9048377320122589
48061,0.05580488335980096,0.513811694986303,0.05580488335980096
48062,0.06559308772906244,0.30137420966300305,0.06559308772906244
48063,0.0766548246998519,0.30711540222818956,0.0766548246998519
48064,0.06790942622035524,0.4650104334212735,0.06790942622035524
48065,0.022073763914791125,0.05661032875111821,0.022073763914791125
48066,0.06071484513249033,0.2615999974175227,0.06071484513249033
48067,0.12934184260919324,0.2290973037025126,0.12934184260919324
48068,0.3426443755864694,0.5496962023073956,0.3426443755864694
48069,0.1950971184729997,0.5230154011558046,0.1950971184729997
48070,0.038848275039005974,0.4727685585225285,0.038848275039005974
48071,0.21159666196039584,0.7355109559229194,0.21159666196039584
48072,0.027873056079499282,0.08618717916062424,0.027873056079499282
48073,0.25511442857530253,0.24721684479990721,0.25511442857530253
48074,0.3525999715549536,0.4372257020155628,0.3525999715549536
48075,0.0460630605751131,0.8622954849706794,0.0460630605751131
48076,0.28012221443600427,0.6841475001556736,0.28012221443600427
48077,0.03168697938765518,0.22348694572705546,0.03168697938765518
48078,0.014124676436011748,0.04698204905067066,0.014124676436011748
48079,0.015870346738300494,0.24278814606551724,0.015870346738300494
48080,0.05217975811414139,0.6634581792454856,0.05217975811414139
48081,0.16546748143915418,0.7838392818495468,0.16546748143915418
48082,0.10743588088425084,0.24107940858537863,0.10743588088425084
48083,0.039959457224133445,0.4361115058865936,0.039959457224133445
48084,0.4911253859259793,0.27874910165492234,0.4911253859259793
48085,0.02124644620249147,0.22090980304960461,0.02124644620249147
48086,0.07513723480392545,0.21139881197087404,0.07513723480392545
48087,0.05227992728501412,0.6182612980666102,0.05227992728501412
48088,0.06591568698176116,0.09898306448082454,0.06591568698176116
48089,0.2137216818395732,0.8601860920210915,0.2137216818395732
48090,0.10026514234214945,0.20342624792981553,0.10026514234214945
48091,0.2783222838695961,0.8484158025839487,0.2783222838695961
48092,0.14490253722179358,0.07640182259484361,0.14490253722179358
48093,0.19814638505485183,0.8484212387860341,0.19814638505485183
48094,0.10079731458336157,0.35698916267460273,0.10079731458336157
48095,0.4998334984015154,0.8484759552291377,0.4998334984015154
48096,0.054729320362636176,0.20841546585774354,0.054729320362636176
48097,0.08255073372366173,0.8085854802998935,0.08255073372366173
48098,0.05268246497447414,0.5210959920848658,0.05268246497447414
48099,0.1096871491881757,0.4003426625757186,0.1096871491881757
48100,0.1569136872899085,0.28663502483548864,0.1569136872899085
48101,0.1733972115885318,0.21068306433262726,0.1733972115885318
48102,0.48094144156357,0.3212891315295457,0.48094144156357
48103,0.18786608292259385,0.29848134142693095,0.18786608292259385
48104,0.05259761963657817,0.21041564137224042,0.05259761963657817
48105,0.03784484094842345,0.8239565643528067,0.03784484094842345
48106,0.07243949993333602,0.5660649555913689,0.07243949993333602
48107,0.8615695344329464,0.534175709799065,0.8615695344329464
48108,0.007596465827573927,0.08441636618817419,0.007596465827573927
48109,0.21948356156744814,0.3180010261408424,0.21948356156744814
48110,0.03479330218543261,0.8079816517915593,0.03479330218543261
48111,0.1089540703675542,0.4191827967775958,0.1089540703675542
48112,0.08702686738256117,0.054463473842006095,0.08702686738256117
48113,0.15420162052681505,0.7611733863645334,0.15420162052681505
48114,0.10057441189055667,0.3791162690474863,0.10057441189055667
48115,0.12037880361914555,0.5336268026346441,0.12037880361914555
48116,0.014193566919806918,0.22150361178189032,0.014193566919806918
48117,0.05256974769531638,0.12421564638131238,0.05256974769531638
48118,0.04548326625826663,0.28179506484122735,0.04548326625826663
48119,0.2787003671431458,0.1328632568096969,0.2787003671431458
48120,0.09519833975059216,0.39569966375596144,0.09519833975059216
48121,0.06638966657225442,0.11841074702959542,0.06638966657225442
48122,0.1174283094902781,0.5108417017130481,0.1174283094902781
48123,0.018956078975025038,0.10703985952009976,0.018956078975025038
48124,0.05711996504428637,0.3825540316744535,0.05711996504428637
48125,0.25667648113650937,0.41009213716697934,0.25667648113650937
48126,0.24996718079849217,0.49515322220940566,0.24996718079849217
48127,0.04637792950939899,0.04455904295187509,0.04637792950939899
48128,0.19672452828287093,0.1970385698814701,0.19672452828287093
48129,0.3419275970008566,0.5105445111261521,0.3419275970008566
48130,0.43920485174082863,0.6482467242472175,0.43920485174082863
48131,0.0907280682773607,0.368438200856775,0.0907280682773607
48132,0.017717542102718257,0.10875771191837845,0.017717542102718257
48133,0.06138205997500016,0.35025988017159465,0.06138205997500016
48134,0.113906589178247,0.47168106739726334,0.113906589178247
48135,0.23352518451604454,0.5351552584895006,0.23352518451604454
48136,0.7507511684972229,0.7943246807648954,0.7507511684972229
48137,0.19825886511259244,0.5976384193757761,0.19825886511259244
48138,0.023698798836455714,0.21527963179408624,0.023698798836455714
48139,0.2821348450826163,0.8662193320488148,0.2821348450826163
48140,0.03208700369811483,0.05622998229585255,0.03208700369811483
48141,0.07715570973226232,0.11235122840174759,0.07715570973226232
48142,0.6261866490732538,0.8726213516575397,0.6261866490732538
48143,0.08946725206918922,0.25634651451155466,0.08946725206918922
48144,0.8282611010646651,0.7899810018477722,0.8282611010646651
48145,0.23802700873131555,0.3608114102111612,0.23802700873131555
48146,0.054217267043019886,0.4767314175445913,0.054217267043019886
48147,0.015632796598655838,0.474371646092925,0.015632796598655838
48148,0.020874600102884396,0.08748526112208706,0.020874600102884396
48149,0.018988938224308912,0.039711192283208435,0.018988938224308912
48150,0.7276945956668225,0.2522220678911896,0.7276945956668225
48151,0.41374084976581665,0.13505564646071458,0.41374084976581665
48152,0.06725705051730119,0.1871564804155917,0.06725705051730119
48153,0.1904639885278546,0.3376043346645839,0.1904639885278546
48154,0.0838758709619281,0.577602238385927,0.0838758709619281
48155,0.6525502707086767,0.8358354127775155,0.6525502707086767
48156,0.03792743903421439,0.1616965351435504,0.03792743903421439
48157,0.0640976046043002,0.27560136028326104,0.0640976046043002
48158,0.1429226886732116,0.48125727359318177,0.1429226886732116
48159,0.2693484614118795,0.05699469843852989,0.2693484614118795
48160,0.09086739603130005,0.2535998316508688,0.09086739603130005
48161,0.0311090438990633,0.17733502964268144,0.0311090438990633
48162,0.635223132329627,0.8416383985781261,0.635223132329627
48163,0.030101376978652346,0.31047913759218104,0.030101376978652346
48164,0.03806771332897172,0.20476767464758217,0.03806771332897172
48165,0.5440279942675724,0.34837642096370913,0.5440279942675724
48166,0.029718402111256075,0.1076165513484002,0.029718402111256075
48167,0.6576595613564217,0.6045939767509845,0.6576595613564217
48168,0.17711855407152696,0.3155152243399256,0.17711855407152696
48169,0.011144295325818593,0.05181036884450771,0.011144295325818593
48170,0.38428152325636356,0.099061471107852,0.38428152325636356
48171,0.07897043678647106,0.6418088810209318,0.07897043678647106
48172,0.07199117377468563,0.3514154040472443,0.07199117377468563
48173,0.8001033433248713,0.07909943723596362,0.8001033433248713
48174,0.19040636000066538,0.5537439301638575,0.19040636000066538
48175,0.020498567416203067,0.0683962976374798,0.020498567416203067
48176,0.0277184883351844,0.19057427318339376,0.0277184883351844
48177,0.31823631933144136,0.6795594901778993,0.31823631933144136
48178,0.3492294877284354,0.13700607149892405,0.3492294877284354
48179,0.17078246841868808,0.31544488102944346,0.17078246841868808
48180,0.11015952697732388,0.3424974660586808,0.11015952697732388
48181,0.1279807250919068,0.040971763609453316,0.1279807250919068
48182,0.02282764643109829,0.28435655655880593,0.02282764643109829
48183,0.09539240174150587,0.2555314917097283,0.09539240174150587
48184,0.014717579987191563,0.05192790413224803,0.014717579987191563
48185,0.02892229799075986,0.627452347726539,0.02892229799075986
48186,0.8626361424004152,0.9128329454886585,0.8626361424004152
48187,0.1033870805878106,0.5786762835857916,0.1033870805878106
48188,0.052622806916843165,0.14593549258426655,0.052622806916843165
48189,0.06066717596952488,0.49319000980045197,0.06066717596952488
48190,0.03912884398028013,0.15659281830712585,0.03912884398028013
48191,0.6266203157491315,0.7660173074096109,0.6266203157491315
48192,0.21286235787534336,0.7331403684524339,0.21286235787534336
48193,0.011794114368465967,0.11884323288056223,0.011794114368465967
48194,0.16372943827324363,0.4135594996156431,0.16372943827324363
48195,0.04281666703289275,0.16950437301726531,0.04281666703289275
48196,0.12120004530770603,0.39832923251511293,0.12120004530770603
48197,0.01659977588278855,0.8561691450908472,0.01659977588278855
48198,0.05108217875891369,0.3976816116074112,0.05108217875891369
48199,0.08923621703090714,0.17562850275512618,0.08923621703090714
48200,0.0796344241781035,0.2667691737051084,0.0796344241781035
48201,0.07919018069650686,0.4240601891225344,0.07919018069650686
48202,0.02888028710363545,0.09808519204990464,0.02888028710363545
48203,0.15125882708189006,0.33730514353673563,0.15125882708189006
48204,0.5058488400839267,0.7439360081985759,0.5058488400839267
48205,0.3543041106027178,0.21614489960813166,0.3543041106027178
48206,0.06152491962919011,0.0112014098019645,0.06152491962919011
48207,0.06927659861091079,0.3079351747955317,0.06927659861091079
48208,0.03740323883531346,0.21029598078261127,0.03740323883531346
48209,0.08822992636418477,0.7798235677754448,0.08822992636418477
48210,0.024138691087819387,0.10401714404930745,0.024138691087819387
48211,0.026394161190772557,0.06640236017097557,0.026394161190772557
48212,0.0383374972173474,0.5715462033230537,0.0383374972173474
48213,0.049067569539449706,0.06539143217870251,0.049067569539449706
48214,0.36134433724733833,0.7937471463479804,0.36134433724733833
48215,0.03330248978223088,0.06902794684822464,0.03330248978223088
48216,0.03715356890987712,0.05065997233805121,0.03715356890987712
48217,0.3208054905951424,0.6769292834275464,0.3208054905951424
48218,0.016059113852805288,0.2356139102709738,0.016059113852805288
48219,0.4146358245631506,0.41477960243319056,0.4146358245631506
48220,0.03579266166181864,0.15864762606489355,0.03579266166181864
48221,0.2035851263238857,0.07686876986685912,0.2035851263238857
48222,0.03954480971726485,0.1395227514665761,0.03954480971726485
48223,0.21445646077199199,0.4780391010422748,0.21445646077199199
48224,0.06859995433684775,0.09218159376734514,0.06859995433684775
48225,0.1195168310260895,0.848078209624859,0.1195168310260895
48226,0.1470230402729635,0.31760437419929927,0.1470230402729635
48227,0.6825973061506942,0.5864709473972659,0.6825973061506942
48228,0.057315844014366374,0.6652557936793008,0.057315844014366374
48229,0.550576797894469,0.7305811049610922,0.550576797894469
48230,0.043401365994026525,0.06973864743339328,0.043401365994026525
48231,0.027172211780315897,0.03682309357717961,0.027172211780315897
48232,0.0832842746622425,0.28358012533132265,0.0832842746622425
48233,0.047338833312024646,0.24468861831020453,0.047338833312024646
48234,0.0765088608133855,0.021018410110053357,0.0765088608133855
48235,0.6333499196518309,0.6708982707341247,0.6333499196518309
48236,0.1259436478056986,0.7324763395147369,0.1259436478056986
48237,0.0699348994640844,0.08158258285952388,0.0699348994640844
48238,0.0690886870960465,0.36413641668959845,0.0690886870960465
48239,0.20583350083088472,0.7192570129653328,0.20583350083088472
48240,0.6127218110153342,0.9424292237161601,0.6127218110153342
48241,0.3983842437820587,0.4284167752013176,0.3983842437820587
48242,0.2837418567982557,0.3099112325646706,0.2837418567982557
48243,0.05567733516057175,0.19149882404865223,0.05567733516057175
48244,0.02762022923618622,0.1848909584703586,0.02762022923618622
48245,0.4059299421695341,0.7195119649568417,0.4059299421695341
48246,0.11152768708798097,0.2591260757216131,0.11152768708798097
48247,0.06446543837190206,0.48911467820006865,0.06446543837190206
48248,0.058837684581883064,0.24413329922847699,0.058837684581883064
48249,0.0553135714254798,0.13353506554430128,0.0553135714254798
48250,0.19351507084593628,0.677977362132063,0.19351507084593628
48251,0.028568967314522097,0.0764024406615548,0.028568967314522097
48252,0.19805153399217668,0.5235966899128381,0.19805153399217668
48253,0.0060310097674676775,0.04432018872999945,0.0060310097674676775
48254,0.15729775143302488,0.6692538023479981,0.15729775143302488
48255,0.2083183553159109,0.8735317297013455,0.2083183553159109
48256,0.08229237421731744,0.76595418856435,0.08229237421731744
48257,0.04825724058312782,0.3384819783528619,0.04825724058312782
48258,0.08049280586775283,0.08965793994658756,0.08049280586775283
48259,0.4499673133372287,0.5422905113057942,0.4499673133372287
48260,0.13133748759972638,0.7665058203079207,0.13133748759972638
48261,0.07901541411870597,0.157756622682856,0.07901541411870597
48262,0.3311040569612164,0.3911315613218078,0.3311040569612164
48263,0.028626936129419724,0.028622321807640155,0.028626936129419724
48264,0.04305473452625458,0.2746033655250252,0.04305473452625458
48265,0.10429430855711067,0.4104637335742966,0.10429430855711067
48266,0.1344643891642566,0.09703471884104051,0.1344643891642566
48267,0.028913128725868993,0.3480958990471775,0.028913128725868993
48268,0.9239999290879171,0.9417026506509744,0.9239999290879171
48269,0.2920537988684441,0.5970339776645774,0.2920537988684441
48270,0.31749891643846756,0.6179334750039229,0.31749891643846756
48271,0.04130596869928544,0.2739476956236374,0.04130596869928544
48272,0.16661617685275254,0.886089408405292,0.16661617685275254
48273,0.09533059792374962,0.06194012108241588,0.09533059792374962
48274,0.2704665103373707,0.8654930132508994,0.2704665103373707
48275,0.13834669556559262,0.1262089194761293,0.13834669556559262
48276,0.11292290776548848,0.7154360429694449,0.11292290776548848
48277,0.044871182243731086,0.32743665442018743,0.044871182243731086
48278,0.09368716998938173,0.28619809295224496,0.09368716998938173
48279,0.052175443558776805,0.09464569139860042,0.052175443558776805
48280,0.029278319234889383,0.12797877760264456,0.029278319234889383
48281,0.2948949203887456,0.44361293635263827,0.2948949203887456
48282,0.24180581263755063,0.8934985350375705,0.24180581263755063
48283,0.02512360602919027,0.38891125195129617,0.02512360602919027
48284,0.22857393476687396,0.3982219422647482,0.22857393476687396
48285,0.07291429918144042,0.3003360641302088,0.07291429918144042
48286,0.08967878095604541,0.7789707051442192,0.08967878095604541
48287,0.0406723648151628,0.27571133162949835,0.0406723648151628
48288,0.47771732951068274,0.543784329171937,0.47771732951068274
48289,0.033665710641569535,0.35901023592307724,0.033665710641569535
48290,0.1242863744042762,0.8527929270224295,0.1242863744042762
48291,0.14648501046747686,0.303264399120462,0.14648501046747686
48292,0.0766630571946034,0.9019490523050726,0.0766630571946034
48293,0.01792529142414025,0.12777146472265774,0.01792529142414025
48294,0.6435727915466052,0.6032290023239453,0.6435727915466052
48295,0.06364614153897052,0.12181364385419176,0.06364614153897052
48296,0.6272447947724483,0.927236131835498,0.6272447947724483
48297,0.09496299847665736,0.3742299678786332,0.09496299847665736
48298,0.07629895981414722,0.6501405712844118,0.07629895981414722
48299,0.2970892107066546,0.9111241758790454,0.2970892107066546
48300,0.21078237272234868,0.16428496646147792,0.21078237272234868
48301,0.04912302757045504,0.16119856049847767,0.04912302757045504
48302,0.10565401946183062,0.2334452009564595,0.10565401946183062
48303,0.06803382746306064,0.1498633556840997,0.06803382746306064
48304,0.04062134748875,0.22143418294791684,0.04062134748875
48305,0.07483739177216832,0.34160446478641504,0.07483739177216832
48306,0.02271554217304365,0.08618150956588562,0.02271554217304365
48307,0.03466237032963777,0.06280465354043781,0.03466237032963777
48308,0.03176768813087173,0.06067212630024333,0.03176768813087173
48309,0.26056694142973547,0.6925511036511649,0.26056694142973547
48310,0.02362369343052687,0.38136242547464905,0.02362369343052687
48311,0.05516151646817158,0.20960989969252128,0.05516151646817158
48312,0.07033083331679167,0.08380615179619151,0.07033083331679167
48313,0.09953497172115361,0.3948184326758217,0.09953497172115361
48314,0.06857917466045413,0.12126112248886643,0.06857917466045413
48315,0.011153777925507714,0.18352625967628408,0.011153777925507714
48316,0.0789995903921332,0.4698814330575443,0.0789995903921332
48317,0.10093053287422048,0.3977257192046383,0.10093053287422048
48318,0.07301892092191925,0.10197263743074375,0.07301892092191925
48319,0.026006776463619586,0.11891976025961036,0.026006776463619586
48320,0.6961797820707059,0.7984998722003321,0.6961797820707059
48321,0.020545990709508046,0.04370424599147095,0.020545990709508046
48322,0.009167989536440898,0.07404657028258982,0.009167989536440898
48323,0.010434392635251276,0.043172073045501004,0.010434392635251276
48324,0.04650062155695804,0.3349926111919883,0.04650062155695804
48325,0.03762923728015516,0.3773626108524579,0.03762923728015516
48326,0.5052007094219131,0.4543260121707336,0.5052007094219131
48327,0.10318750650315571,0.1004019214456431,0.10318750650315571
48328,0.10778742883272609,0.8929063382015047,0.10778742883272609
48329,0.14817407637748073,0.0865800964221124,0.14817407637748073
48330,0.08182127920641867,0.5141823749705509,0.08182127920641867
48331,0.2938288013936603,0.5033171428146996,0.2938288013936603
48332,0.008425232726645915,0.17639051485712212,0.008425232726645915
48333,0.2051814327442285,0.07115417035751911,0.2051814327442285
48334,0.03320330028604517,0.10544575448402918,0.03320330028604517
48335,0.4029309328537263,0.8502215082820245,0.4029309328537263
48336,0.29061444923568835,0.28755221592883634,0.29061444923568835
48337,0.14696908107052775,0.8640891169792242,0.14696908107052775
48338,0.0253724395702579,0.13210310214811186,0.0253724395702579
48339,0.04880638271373485,0.07366125097565157,0.04880638271373485
48340,0.06340651003790186,0.09506589422442742,0.06340651003790186
48341,0.5175588161773056,0.35316388792907344,0.5175588161773056
48342,0.028491451417840687,0.3485019931258766,0.028491451417840687
48343,0.828930312845117,0.8915847936258531,0.828930312845117
48344,0.11866114585365091,0.30971557879345973,0.11866114585365091
48345,0.06374182192061018,0.4632911930027685,0.06374182192061018
48346,0.10188468054090756,0.5003710979785491,0.10188468054090756
48347,0.055361318189934644,0.1322321506027779,0.055361318189934644
48348,0.03197560054730462,0.07894123058682752,0.03197560054730462
48349,0.03334219439361648,0.20754109689584124,0.03334219439361648
48350,0.5891090382312443,0.9606170935436682,0.5891090382312443
48351,0.07906463573080016,0.37522990987248317,0.07906463573080016
48352,0.12118525575383575,0.5361593075359135,0.12118525575383575
48353,0.13162471299458559,0.27186788056314837,0.13162471299458559
48354,0.0645170377194426,0.8471868194134111,0.0645170377194426
48355,0.040220161047083286,0.24620520069695778,0.040220161047083286
48356,0.16814983778685963,0.663719915928892,0.16814983778685963
48357,0.11271414167184882,0.404882184472557,0.11271414167184882
48358,0.19115649586704733,0.6086714200888982,0.19115649586704733
48359,0.040778932174967884,0.30197687970042636,0.040778932174967884
48360,0.3232158248406942,0.39879661838008623,0.3232158248406942
48361,0.14222391346366312,0.5112638137422242,0.14222391346366312
48362,0.05596705267001545,0.16163570203153635,0.05596705267001545
48363,0.12288157400631058,0.5684546219977309,0.12288157400631058
48364,0.16179631427401722,0.4515532278610009,0.16179631427401722
48365,0.2756082939359436,0.4607042337099129,0.2756082939359436
48366,0.08958558514363413,0.19115454582180327,0.08958558514363413
48367,0.45432746814191305,0.5794204952908281,0.45432746814191305
48368,0.1211152179757671,0.6172900970125493,0.1211152179757671
48369,0.34647004583963326,0.39570014276989496,0.34647004583963326
48370,0.06114091791779403,0.5937887491402336,0.06114091791779403
48371,0.10584715916981964,0.6923762485775996,0.10584715916981964
48372,0.22639564519615915,0.5953332384109624,0.22639564519615915
48373,0.6012663636841981,0.6433926838875894,0.6012663636841981
48374,0.09779349467415535,0.29462024958887667,0.09779349467415535
48375,0.0814660791604666,0.36910344902899683,0.0814660791604666
48376,0.0271596914345517,0.171945185777707,0.0271596914345517
48377,0.076062821806367,0.18211672530004258,0.076062821806367
48378,0.20305518137768616,0.2231306334410583,0.20305518137768616
48379,0.20044992954992186,0.13576355898266684,0.20044992954992186
48380,0.11423763027083265,0.2957464517329261,0.11423763027083265
48381,0.19238878182259667,0.39743403970961366,0.19238878182259667
48382,0.7067203431300012,0.5365883921568941,0.7067203431300012
48383,0.015194456454384548,0.09996828859440093,0.015194456454384548
48384,0.029034441765926684,0.08091985519775573,0.029034441765926684
48385,0.008703811830190965,0.2756715414932649,0.008703811830190965
48386,0.023830271108233686,0.06836414793481299,0.023830271108233686
48387,0.09847452120017386,0.12073572894206008,0.09847452120017386
48388,0.055068896127184,0.2183646152246848,0.055068896127184
48389,0.09900009502710148,0.728165723229571,0.09900009502710148
48390,0.031082638281820604,0.10312341705268079,0.031082638281820604
48391,0.01887034594969593,0.455061298220158,0.01887034594969593
48392,0.041187300521213124,0.14295903525146433,0.041187300521213124
48393,0.5802431337126295,0.47734712065423884,0.5802431337126295
48394,0.12673520169290625,0.3984884481676486,0.12673520169290625
48395,0.04385268614260169,0.2826984758169852,0.04385268614260169
48396,0.5447918988368115,0.864642209426165,0.5447918988368115
48397,0.6318610669913557,0.6168630046538479,0.6318610669913557
48398,0.030084837156875925,0.2920177359981088,0.030084837156875925
48399,0.1769608241062638,0.9528810830933401,0.1769608241062638
48400,0.12859236318910275,0.6812945403499425,0.12859236318910275
48401,0.052534315012816656,0.8356244706982295,0.052534315012816656
48402,0.3700739309168063,0.49550097373504404,0.3700739309168063
48403,0.045244127263827684,0.030604611413769214,0.045244127263827684
48404,0.06166879346315963,0.15330265208919272,0.06166879346315963
48405,0.03656749203866218,0.06812756074747833,0.03656749203866218
48406,0.530436956653316,0.24539304841320067,0.530436956653316
48407,0.04598532174432381,0.3850809179110083,0.04598532174432381
48408,0.020900352426821506,0.02131162722616372,0.020900352426821506
48409,0.19343561744834886,0.7885818939696442,0.19343561744834886
48410,0.10874883020576721,0.20955667550601853,0.10874883020576721
48411,0.04939289406604919,0.10478183346060595,0.04939289406604919
48412,0.07274924503147176,0.2620307135220803,0.07274924503147176
48413,0.04287949220841949,0.43894404367637563,0.04287949220841949
48414,0.037055269850966584,0.17814782923926517,0.037055269850966584
48415,0.2704734211532963,0.8491066513717986,0.2704734211532963
48416,0.06950063186465548,0.5994936214393162,0.06950063186465548
48417,0.022098861348191765,0.05144804253902236,0.022098861348191765
48418,0.16252577828237033,0.7930551596542089,0.16252577828237033
48419,0.44409408240209614,0.5223412630778032,0.44409408240209614
48420,0.16746864965790303,0.07856516715458224,0.16746864965790303
48421,0.07351439744200174,0.3624923002470962,0.07351439744200174
48422,0.1503940840811207,0.6596200424371426,0.1503940840811207
48423,0.23191359899329714,0.4403299723487712,0.23191359899329714
48424,0.0803855348450577,0.14445724689919306,0.0803855348450577
48425,0.0624628121338786,0.2593313536414166,0.0624628121338786
48426,0.034788017277207386,0.10398509685355828,0.034788017277207386
48427,0.01187860357102605,0.08302643600637767,0.01187860357102605
48428,0.044796242523717854,0.34393152628791007,0.044796242523717854
48429,0.10489438005864028,0.36728061900836145,0.10489438005864028
48430,0.023340894374583875,0.4478063847231103,0.023340894374583875
48431,0.03355004589838742,0.33377929781352667,0.03355004589838742
48432,0.07146986626718425,0.2940158145715491,0.07146986626718425
48433,0.04778528650011522,0.2194933158882976,0.04778528650011522
48434,0.7008535478629411,0.8355098494931181,0.7008535478629411
48435,0.38753289700612237,0.3840533908215778,0.38753289700612237
48436,0.021795467304665358,0.11747255234193786,0.021795467304665358
48437,0.18165228172072412,0.3481590631221839,0.18165228172072412
48438,0.23278143760716216,0.7340113092907677,0.23278143760716216
48439,0.031513228585124994,0.4412621265542909,0.031513228585124994
48440,0.155931283745941,0.6058418192908734,0.155931283745941
48441,0.05395208031420959,0.13864516573115857,0.05395208031420959
48442,0.1793781725088158,0.5308743978012678,0.1793781725088158
48443,0.08938285193904925,0.8202341978512483,0.08938285193904925
48444,0.18201098046058212,0.5217960338038714,0.18201098046058212
48445,0.03535618124593038,0.720074368016444,0.03535618124593038
48446,0.043678208437468925,0.2501501369304199,0.043678208437468925
48447,0.09409049693320176,0.36272198087096413,0.09409049693320176
48448,0.020178990580825985,0.16298040557689306,0.020178990580825985
48449,0.13428700703887403,0.4348209606239031,0.13428700703887403
48450,0.13167173274072674,0.03341100743761027,0.13167173274072674
48451,0.1270306285419514,0.3595545785154125,0.1270306285419514
48452,0.0609229509130578,0.5943029879060264,0.0609229509130578
48453,0.05849652100608874,0.8529846806022038,0.05849652100608874
48454,0.029656415321110373,0.3334798163207156,0.029656415321110373
48455,0.09540079365793773,0.16744933445927396,0.09540079365793773
48456,0.0825207029737986,0.30782467801043395,0.0825207029737986
48457,0.11259518447740936,0.17623823134063732,0.11259518447740936
48458,0.24475088107911194,0.8989365399992888,0.24475088107911194
48459,0.09532663441001257,0.39377740591294136,0.09532663441001257
48460,0.023240248901100498,0.040947659391054506,0.023240248901100498
48461,0.023163577063456925,0.03298897527168481,0.023163577063456925
48462,0.11801640943495204,0.3415667952090283,0.11801640943495204
48463,0.05447413846870735,0.49783460785921446,0.05447413846870735
48464,0.019218143445090922,0.09655317480996387,0.019218143445090922
48465,0.07335918644719684,0.2157590579427385,0.07335918644719684
48466,0.04833818558481579,0.6508304634916384,0.04833818558481579
48467,0.061790089115912036,0.43011273553693086,0.061790089115912036
48468,0.185194060240187,0.5991853337695366,0.185194060240187
48469,0.11423541689281795,0.4502168971687683,0.11423541689281795
48470,0.06785422798494793,0.4389167794424124,0.06785422798494793
48471,0.2676552384471951,0.2683323934912885,0.2676552384471951
48472,0.09001652401256693,0.16485789601382633,0.09001652401256693
48473,0.37434845520085924,0.8755228461384685,0.37434845520085924
48474,0.073398763751611,0.1745361291342802,0.073398763751611
48475,0.16558149401706235,0.4890126942798296,0.16558149401706235
48476,0.06994675778331656,0.6041591524940922,0.06994675778331656
48477,0.4499175727354748,0.45476982898898655,0.4499175727354748
48478,0.0418662207265491,0.043084314191888406,0.0418662207265491
48479,0.04271485056599297,0.5150923725701138,0.04271485056599297
48480,0.01146025582578258,0.035858479171813014,0.01146025582578258
48481,0.07090671767879413,0.27056257361341834,0.07090671767879413
48482,0.0352140719501622,0.18329155006514858,0.0352140719501622
48483,0.1628225983069042,0.8847238820330006,0.1628225983069042
48484,0.07071576791347947,0.3312126309109733,0.07071576791347947
48485,0.8433879727701694,0.8577661569706873,0.8433879727701694
48486,0.034096786835574926,0.31043058150022473,0.034096786835574926
48487,0.2971397107199674,0.6537199254497897,0.2971397107199674
48488,0.06929558200398782,0.0791089506242114,0.06929558200398782
48489,0.13848834385910413,0.07366516462156893,0.13848834385910413
48490,0.05155647228464536,0.7053251589397802,0.05155647228464536
48491,0.0645188055145364,0.3848307504892922,0.0645188055145364
48492,0.3047246434220199,0.5624361662163585,0.3047246434220199
48493,0.049849884995141064,0.1287617497737095,0.049849884995141064
48494,0.09283130917407696,0.0813148616989767,0.09283130917407696
48495,0.036663747151733754,0.4291900110023445,0.036663747151733754
48496,0.02836096294399163,0.09893637260707136,0.02836096294399163
48497,0.07372534312278566,0.7887809021403352,0.07372534312278566
48498,0.03248574390958921,0.04765091594959617,0.03248574390958921
48499,0.07341607775897445,0.7510295442070594,0.07341607775897445
48500,0.061894289687049166,0.5961066933989021,0.061894289687049166
48501,0.32770922998116814,0.12921385190461546,0.32770922998116814
48502,0.0695117774770611,0.7264084223734131,0.0695117774770611
48503,0.03222511823358114,0.05260674744513348,0.03222511823358114
48504,0.05263410165189114,0.10092061135908945,0.05263410165189114
48505,0.0354006526104786,0.11957948597026315,0.0354006526104786
48506,0.3312154738883482,0.7483365078971587,0.3312154738883482
48507,0.059741271739546735,0.34820056312157566,0.059741271739546735
48508,0.67813546982608,0.8621348145421612,0.67813546982608
48509,0.30158170400618955,0.6789132387667445,0.30158170400618955
48510,0.13062202845706372,0.7013014935597346,0.13062202845706372
48511,0.07910991275321434,0.16790096689820588,0.07910991275321434
48512,0.09342674087025374,0.31818731552249924,0.09342674087025374
48513,0.06190020291211583,0.10816434816780786,0.06190020291211583
48514,0.08361611741947322,0.7023390830287097,0.08361611741947322
48515,0.24941832175180403,0.5538537939118993,0.24941832175180403
48516,0.04313181213110897,0.5051273742690542,0.04313181213110897
48517,0.06826368870202511,0.7148289995904009,0.06826368870202511
48518,0.18517307232942082,0.2689172092124596,0.18517307232942082
48519,0.0854896337781417,0.6984176586157188,0.0854896337781417
48520,0.06749227529145062,0.4659905507302873,0.06749227529145062
48521,0.04752435332296492,0.41132236860251475,0.04752435332296492
48522,0.16887632766865762,0.36469532042927194,0.16887632766865762
48523,0.041272746380139516,0.6617602140839971,0.041272746380139516
48524,0.6026888324537711,0.4570465925704966,0.6026888324537711
48525,0.3244052528959838,0.14557108630047347,0.3244052528959838
48526,0.2898145858652821,0.5657255369629481,0.2898145858652821
48527,0.21139105798240446,0.4178809577512491,0.21139105798240446
48528,0.1668670770522114,0.8308952673274093,0.1668670770522114
48529,0.10648469536554858,0.7938264347697588,0.10648469536554858
48530,0.17673359420383183,0.5042858550052588,0.17673359420383183
48531,0.2944648493545332,0.666885275293789,0.2944648493545332
48532,0.023631533849119823,0.34367992133836706,0.023631533849119823
48533,0.7772790782561847,0.4005805076878459,0.7772790782561847
48534,0.041940026835008526,0.1705939237573966,0.041940026835008526
48535,0.19353753708201604,0.11348636718578994,0.19353753708201604
48536,0.3338410134103873,0.25653213253311075,0.3338410134103873
48537,0.14365919427596488,0.1894557929982465,0.14365919427596488
48538,0.03898423095541604,0.34830196366070343,0.03898423095541604
48539,0.018914268763601378,0.03336474243590393,0.018914268763601378
48540,0.03886774402714781,0.40863859142670533,0.03886774402714781
48541,0.041780754658144445,0.021888136875610864,0.041780754658144445
48542,0.07756681458158333,0.2495049261431444,0.07756681458158333
48543,0.03233551503898046,0.1448593538267244,0.03233551503898046
48544,0.03610214621191239,0.06972164982820915,0.03610214621191239
48545,0.33497574343275616,0.2668478852467236,0.33497574343275616
48546,0.07667147517221025,0.11035293573662246,0.07667147517221025
48547,0.04119044823664419,0.2853252420193899,0.04119044823664419
48548,0.07053053227662821,0.3048028131360414,0.07053053227662821
48549,0.06724321618223966,0.8797776258654275,0.06724321618223966
48550,0.04150904954038693,0.5382176332304799,0.04150904954038693
48551,0.008706757772118049,0.3551299759447342,0.008706757772118049
48552,0.14218638552010832,0.7538847235985182,0.14218638552010832
48553,0.03868147276689726,0.270724693132706,0.03868147276689726
48554,0.0346745017350535,0.08343490267934181,0.0346745017350535
48555,0.3398409268859937,0.17132204328152933,0.3398409268859937
48556,0.012376608046452381,0.16853667361779615,0.012376608046452381
48557,0.531581763463368,0.5219742899747787,0.531581763463368
48558,0.06520832335569154,0.16009732374375604,0.06520832335569154
48559,0.021547617775030347,0.3279990371954893,0.021547617775030347
48560,0.20095344733885945,0.442596756720424,0.20095344733885945
48561,0.06337751728057646,0.6551182032822985,0.06337751728057646
48562,0.021463552994898685,0.029518022531123674,0.021463552994898685
48563,0.19289822569298629,0.24949235035762457,0.19289822569298629
48564,0.030865037619102684,0.18390638141306262,0.030865037619102684
48565,0.3100117708447865,0.48242455636407444,0.3100117708447865
48566,0.34044816313639575,0.5364709064024471,0.34044816313639575
48567,0.1647967971394335,0.3198010185905509,0.1647967971394335
48568,0.06244144858251527,0.28003927899533104,0.06244144858251527
48569,0.04273088558693689,0.05516509744634375,0.04273088558693689
48570,0.10273569254139317,0.20321021090090208,0.10273569254139317
48571,0.23530972229938865,0.6235848103379423,0.23530972229938865
48572,0.4639851108107957,0.7349255949252553,0.4639851108107957
48573,0.08591871882967368,0.2942862838818766,0.08591871882967368
48574,0.224892442294254,0.4474875457422877,0.224892442294254
48575,0.034339000378851035,0.21078809616315414,0.034339000378851035
48576,0.025122090202367248,0.11049652998708229,0.025122090202367248
48577,0.4476254605125373,0.8090128032654165,0.4476254605125373
48578,0.7519527654475858,0.8974970113901208,0.7519527654475858
48579,0.09303155811128645,0.4175714617892888,0.09303155811128645
48580,0.14274917818525504,0.37879354505788887,0.14274917818525504
48581,0.09619320002437066,0.8511525178560894,0.09619320002437066
48582,0.06452298913227696,0.585205777488778,0.06452298913227696
48583,0.023713757057176387,0.10605299821098023,0.023713757057176387
48584,0.6839620623775202,0.7551432460820624,0.6839620623775202
48585,0.0423529214979242,0.6290191411568278,0.0423529214979242
48586,0.25650744832794375,0.4825209785940069,0.25650744832794375
48587,0.11839491581994531,0.7481118974173252,0.11839491581994531
48588,0.10251037560716732,0.528382282392319,0.10251037560716732
48589,0.5893360094685849,0.6270213479968549,0.5893360094685849
48590,0.03820203780708221,0.20583787596435657,0.03820203780708221
48591,0.09615619582277954,0.11859086736580764,0.09615619582277954
48592,0.47731824523482275,0.7140576072601086,0.47731824523482275
48593,0.12262667604386536,0.3487385762845502,0.12262667604386536
48594,0.18268004144097463,0.8465738077770636,0.18268004144097463
48595,0.10068684360020544,0.2684141858039026,0.10068684360020544
48596,0.051806109965683265,0.35873659191311835,0.051806109965683265
48597,0.11758639961432626,0.6223218949593422,0.11758639961432626
48598,0.038550184136123954,0.5183287052937854,0.038550184136123954
48599,0.6811890987582222,0.8371730902735686,0.6811890987582222
48600,0.4754962978480998,0.8498622644598323,0.4754962978480998
48601,0.030293102830944666,0.3028825251824011,0.030293102830944666
48602,0.8421331743756796,0.536008724075121,0.8421331743756796
48603,0.03945858118560763,0.2838597854216551,0.03945858118560763
48604,0.38587006633400567,0.8323584671686832,0.38587006633400567
48605,0.015037766558165822,0.017746657394286748,0.015037766558165822
48606,0.9031839228541635,0.8860253826338262,0.9031839228541635
48607,0.2396429606256463,0.36125134757737704,0.2396429606256463
48608,0.02517764885879399,0.012335445236563313,0.02517764885879399
48609,0.0593594458425326,0.7898942197566698,0.0593594458425326
48610,0.027842964101028714,0.3657649219850174,0.027842964101028714
48611,0.26816521200376264,0.33885142484713143,0.26816521200376264
48612,0.05294928877034538,0.5844236803862493,0.05294928877034538
48613,0.20949050803524563,0.20010659810474052,0.20949050803524563
48614,0.23844653530500345,0.1507673196912436,0.23844653530500345
48615,0.09039005944566972,0.18881339845095502,0.09039005944566972
48616,0.542484011697967,0.6929805192953854,0.542484011697967
48617,0.7354091193997535,0.9329118051228936,0.7354091193997535
48618,0.06277873453330685,0.4763436320449039,0.06277873453330685
48619,0.1628996773928209,0.12208968046968759,0.1628996773928209
48620,0.40860951312009164,0.2786811849835227,0.40860951312009164
48621,0.13894803028591457,0.38306581614529006,0.13894803028591457
48622,0.041059009955350535,0.07832377577444702,0.041059009955350535
48623,0.10000473502286394,0.23100909506375955,0.10000473502286394
48624,0.1146420334323028,0.19225954529551262,0.1146420334323028
48625,0.0531592464342011,0.28049679893868235,0.0531592464342011
48626,0.0643967833509866,0.11755895929536264,0.0643967833509866
48627,0.032458572946415104,0.39647392252784763,0.032458572946415104
48628,0.0525262871862197,0.28540111278520813,0.0525262871862197
48629,0.03315897798630709,0.02662650790955137,0.03315897798630709
48630,0.027748842143968236,0.04556093996672593,0.027748842143968236
48631,0.26912034760082776,0.8155372757437902,0.26912034760082776
48632,0.04615182319616756,0.014849592705653626,0.04615182319616756
48633,0.04730446149889798,0.009157035335675592,0.04730446149889798
48634,0.018103823607734593,0.09926240852255742,0.018103823607734593
48635,0.021484652543260194,0.594550791470979,0.021484652543260194
48636,0.02867368969453135,0.11513212441078714,0.02867368969453135
48637,0.664919754958014,0.5359365348205133,0.664919754958014
48638,0.0823738454716113,0.21246483516209033,0.0823738454716113
48639,0.07707593907554472,0.18776529446298415,0.07707593907554472
48640,0.32579169315018686,0.3537861783943909,0.32579169315018686
48641,0.2680444145267683,0.6512026442378379,0.2680444145267683
48642,0.330046390282258,0.33053314152521107,0.330046390282258
48643,0.39747964905451694,0.9332028111691014,0.39747964905451694
48644,0.09029483846251209,0.13058737931163633,0.09029483846251209
48645,0.047966648656185204,0.8282721647876327,0.047966648656185204
48646,0.12231716634232871,0.386928124529426,0.12231716634232871
48647,0.0077882435777355185,0.007541731847680328,0.0077882435777355185
48648,0.09637399170677054,0.11667611478754528,0.09637399170677054
48649,0.018802672514103537,0.3238629676796907,0.018802672514103537
48650,0.3390101214034713,0.7318674665642948,0.3390101214034713
48651,0.07739357409037721,0.28247924469371327,0.07739357409037721
48652,0.8439333057423037,0.7180015114573374,0.8439333057423037
48653,0.02973777411657231,0.02168722042293861,0.02973777411657231
48654,0.03140956435372572,0.13596290077429296,0.03140956435372572
48655,0.04859191374542023,0.12865708960680713,0.04859191374542023
48656,0.40603426484508764,0.6016676330704559,0.40603426484508764
48657,0.08829222314903616,0.3234368563964234,0.08829222314903616
48658,0.09403250692421981,0.44000143985438916,0.09403250692421981
48659,0.1258009292528935,0.42362015505740586,0.1258009292528935
48660,0.02580628369494264,0.09555051870599662,0.02580628369494264
48661,0.03222392095951129,0.8009302364591161,0.03222392095951129
48662,0.08276975535283454,0.6825038316785066,0.08276975535283454
48663,0.24818697647299345,0.6544793398362714,0.24818697647299345
48664,0.040621975615693286,0.31253336593091663,0.040621975615693286
48665,0.04305805568789249,0.3200746538545058,0.04305805568789249
48666,0.08356584663936481,0.9031587580550994,0.08356584663936481
48667,0.08046227221901738,0.018028214692210106,0.08046227221901738
48668,0.04637484593819114,0.058340756629285985,0.04637484593819114
48669,0.02658093795105685,0.45212842912035145,0.02658093795105685
48670,0.2033550648993076,0.11361600502824092,0.2033550648993076
48671,0.18531087171982866,0.6218369704801198,0.18531087171982866
48672,0.1928317073153381,0.23587307322717144,0.1928317073153381
48673,0.07045850900588538,0.5252506517948444,0.07045850900588538
48674,0.0343688977251433,0.13405470442272138,0.0343688977251433
48675,0.03026516438625381,0.033834886488189636,0.03026516438625381
48676,0.38457518737845203,0.07993653565804035,0.38457518737845203
48677,0.08895017953944864,0.5232324428108648,0.08895017953944864
48678,0.024621191907000028,0.2632148637122094,0.024621191907000028
48679,0.37665351462158325,0.740007507105567,0.37665351462158325
48680,0.19942492815444043,0.12177630500291724,0.19942492815444043
48681,0.08241502710430748,0.6409711659718424,0.08241502710430748
48682,0.06981357889709869,0.11421150419874342,0.06981357889709869
48683,0.012019689564456565,0.13899575678996962,0.012019689564456565
48684,0.06450561566348194,0.06610419705759582,0.06450561566348194
48685,0.11016452423478204,0.05074582809255922,0.11016452423478204
48686,0.0861786787239068,0.7526334958832697,0.0861786787239068
48687,0.4900424543578243,0.7910197847645716,0.4900424543578243
48688,0.10996612806885575,0.40246818814035795,0.10996612806885575
48689,0.038069190630827254,0.2568739763785409,0.038069190630827254
48690,0.2054478318816966,0.5340130408637586,0.2054478318816966
48691,0.11791851354434786,0.8240795865186119,0.11791851354434786
48692,0.038153522183675674,0.7616063387401282,0.038153522183675674
48693,0.19184039866232686,0.2093948951081083,0.19184039866232686
48694,0.09057719329768021,0.9108612137996918,0.09057719329768021
48695,0.04660971670990491,0.6346126818604774,0.04660971670990491
48696,0.10683892518972364,0.3860798979903507,0.10683892518972364
48697,0.36615638406512124,0.7251131369821252,0.36615638406512124
48698,0.19208754291357413,0.20848967077915015,0.19208754291357413
48699,0.15824312742249386,0.7947103453362998,0.15824312742249386
48700,0.5673930014346343,0.8625308384373704,0.5673930014346343
48701,0.2606219311461918,0.3549389457279658,0.2606219311461918
48702,0.02592105371122125,0.03271985378447083,0.02592105371122125
48703,0.588955947741849,0.2832673231259887,0.588955947741849
48704,0.06589746207473116,0.059405043450207015,0.06589746207473116
48705,0.11639023648588766,0.43850290835576367,0.11639023648588766
48706,0.28720465046050264,0.8194042165083705,0.28720465046050264
48707,0.04368198215049678,0.1265186259369828,0.04368198215049678
48708,0.06727035590671644,0.24627199854078521,0.06727035590671644
48709,0.035585682869358405,0.8236637746577588,0.035585682869358405
48710,0.012920748156735263,0.04831202829563391,0.012920748156735263
48711,0.1047520247981139,0.8532069046317644,0.1047520247981139
48712,0.13034053324652817,0.262250060634883,0.13034053324652817
48713,0.10490803796733988,0.2427915041872598,0.10490803796733988
48714,0.03339856651034741,0.19926726016171092,0.03339856651034741
48715,0.09671697636724537,0.1278672563125135,0.09671697636724537
48716,0.13619525537841454,0.40943229149806637,0.13619525537841454
48717,0.4799239154730173,0.9172996641342999,0.4799239154730173
48718,0.08093377738903114,0.6948184600665498,0.08093377738903114
48719,0.5584041223682294,0.7200975286469584,0.5584041223682294
48720,0.020633182042742233,0.21973149243577805,0.020633182042742233
48721,0.9080509356660136,0.902413315053776,0.9080509356660136
48722,0.7123937599804694,0.630140864796042,0.7123937599804694
48723,0.08313245734649015,0.27980063510465863,0.08313245734649015
48724,0.0045545051670114875,0.015923442681646603,0.0045545051670114875
48725,0.04204034987050342,0.18595209910582813,0.04204034987050342
48726,0.5644666295693991,0.33513633986110214,0.5644666295693991
48727,0.15303654944278614,0.46294058320221154,0.15303654944278614
48728,0.31430469014070184,0.7692948741770295,0.31430469014070184
48729,0.1675406771337346,0.49799851758343616,0.1675406771337346
48730,0.6597716538734903,0.721570601496168,0.6597716538734903
48731,0.06982442431240912,0.3666032550213534,0.06982442431240912
48732,0.35725675528319273,0.7496429070232794,0.35725675528319273
48733,0.12834125346136177,0.337870497364822,0.12834125346136177
48734,0.009755549260367981,0.07718781085620009,0.009755549260367981
48735,0.784056268692283,0.8135647828043314,0.784056268692283
48736,0.02301162322638947,0.0891530465662595,0.02301162322638947
48737,0.329845445702187,0.43240269269426973,0.329845445702187
48738,0.07138392502685546,0.14564812916794362,0.07138392502685546
48739,0.14574248540624055,0.7496804997008906,0.14574248540624055
48740,0.14575412336417032,0.8061660674925617,0.14575412336417032
48741,0.07033503042176037,0.20742222074713446,0.07033503042176037
48742,0.025056041440880975,0.08666386586271851,0.025056041440880975
48743,0.01667959424388474,0.09429574450487128,0.01667959424388474
48744,0.018381218484057466,0.011950605732901498,0.018381218484057466
48745,0.06887525950135966,0.19185885318702,0.06887525950135966
48746,0.09383760450920907,0.17928572382095279,0.09383760450920907
48747,0.06914630632675292,0.08282419188697532,0.06914630632675292
48748,0.032793403021876916,0.34393102354912414,0.032793403021876916
48749,0.7721555018489461,0.903975471116505,0.7721555018489461
48750,0.10852500540679874,0.3325570642118754,0.10852500540679874
48751,0.07077458649464491,0.5779001115092932,0.07077458649464491
48752,0.09134628682431535,0.72278260923806,0.09134628682431535
48753,0.024929250595105073,0.030544120273913948,0.024929250595105073
48754,0.029580433828444195,0.10453709132940191,0.029580433828444195
48755,0.5543306902991343,0.6488540453599685,0.5543306902991343
48756,0.08481873844592953,0.39193982233671115,0.08481873844592953
48757,0.04880903822988526,0.04631102990924072,0.04880903822988526
48758,0.5545320346651306,0.6384622090406017,0.5545320346651306
48759,0.1527508810577309,0.4046250442638512,0.1527508810577309
48760,0.1461170161878826,0.8564414882062933,0.1461170161878826
48761,0.6554331094974122,0.7457437657573271,0.6554331094974122
48762,0.49545931185539777,0.4125757195790623,0.49545931185539777
48763,0.236295714693951,0.4046263238740796,0.236295714693951
48764,0.11247788440671247,0.1301224030096207,0.11247788440671247
48765,0.7772096435211918,0.7697374755063344,0.7772096435211918
48766,0.2187309189235774,0.1414154922496295,0.2187309189235774
48767,0.04902813059245122,0.29579977076694214,0.04902813059245122
48768,0.06827283932711052,0.3601187200024048,0.06827283932711052
48769,0.02358667794327553,0.2103340057836856,0.02358667794327553
48770,0.059410246579614516,0.4418008426479604,0.059410246579614516
48771,0.031074078050907603,0.4342985583785073,0.031074078050907603
48772,0.3626584436215824,0.35546004389194674,0.3626584436215824
48773,0.02106293486044962,0.04082245743200703,0.02106293486044962
48774,0.05316698371475436,0.23559926534677963,0.05316698371475436
48775,0.3451486911575426,0.6511144646366905,0.3451486911575426
48776,0.02180659359275086,0.05114810082897234,0.02180659359275086
48777,0.2607937103294927,0.7578457532390965,0.2607937103294927
48778,0.0437787855220085,0.1946040369539681,0.0437787855220085
48779,0.08519873828175858,0.8215510976868374,0.08519873828175858
48780,0.0376597101354948,0.16876526523377536,0.0376597101354948
48781,0.20647981280481037,0.4038316726319615,0.20647981280481037
48782,0.03707149672884857,0.6812688029563828,0.03707149672884857
48783,0.01558559131396249,0.023426762248555628,0.01558559131396249
48784,0.05873616710324917,0.3919866978588619,0.05873616710324917
48785,0.2855705188626778,0.7105147375149458,0.2855705188626778
48786,0.017862642158986246,0.17933788568425657,0.017862642158986246
48787,0.08816488239798621,0.06332851474129572,0.08816488239798621
48788,0.022870161312887976,0.1828595254509514,0.022870161312887976
48789,0.010980216750784469,0.02279309649190212,0.010980216750784469
48790,0.11494860690588461,0.8660593846248402,0.11494860690588461
48791,0.27585566100155756,0.19678124369384567,0.27585566100155756
48792,0.04190613632222809,0.14322010981877553,0.04190613632222809
48793,0.13282166493406625,0.28970259408893195,0.13282166493406625
48794,0.05906706951338334,0.745262792397259,0.05906706951338334
48795,0.3803301774288923,0.23150654509574362,0.3803301774288923
48796,0.04363074454288635,0.10442205559121666,0.04363074454288635
48797,0.44710803939040156,0.1919912625879684,0.44710803939040156
48798,0.05256694440084998,0.2961471879658556,0.05256694440084998
48799,0.029241802796504766,0.18502437419707315,0.029241802796504766
48800,0.060211948208772535,0.7889726396944533,0.060211948208772535
48801,0.08390543041745202,0.6810096012675082,0.08390543041745202
48802,0.04665500821836994,0.16420848855209036,0.04665500821836994
48803,0.023892364979110906,0.07363928122078262,0.023892364979110906
48804,0.15124808762143835,0.25185621850140183,0.15124808762143835
48805,0.5432841419163088,0.6115813671103892,0.5432841419163088
48806,0.03028164315469077,0.10821393473460883,0.03028164315469077
48807,0.0528221104187449,0.2830088991367241,0.0528221104187449
48808,0.7491400779895963,0.7081904214577666,0.7491400779895963
48809,0.1512712265826695,0.1611759439052799,0.1512712265826695
48810,0.23451977648122926,0.5520646557599335,0.23451977648122926
48811,0.19912600994076896,0.6509874061215339,0.19912600994076896
48812,0.07544824934197204,0.06819804211613029,0.07544824934197204
48813,0.06425165756961727,0.0662203256628916,0.06425165756961727
48814,0.8383578609375988,0.890507103925472,0.8383578609375988
48815,0.3357014243038289,0.27730638093390414,0.3357014243038289
48816,0.2245060393176159,0.41222943858558353,0.2245060393176159
48817,0.3846024952376425,0.18028623994252901,0.3846024952376425
48818,0.729647727692823,0.7662862981442597,0.729647727692823
48819,0.10305483668256032,0.6379734461753961,0.10305483668256032
48820,0.014826750372968546,0.09040984057245431,0.014826750372968546
48821,0.033004086628352684,0.7818667383721898,0.033004086628352684
48822,0.02508051566047184,0.15049528684536545,0.02508051566047184
48823,0.4354882687330196,0.43234072407248664,0.4354882687330196
48824,0.5954561416126478,0.15044793395272746,0.5954561416126478
48825,0.03165173485293654,0.30925045981535604,0.03165173485293654
48826,0.2357744268755622,0.5769739942342986,0.2357744268755622
48827,0.19229443259553589,0.12772793368925908,0.19229443259553589
48828,0.09238148763819765,0.09284242797128173,0.09238148763819765
48829,0.04419048959867733,0.16346562820987998,0.04419048959867733
48830,0.055390771241986166,0.17668179658682354,0.055390771241986166
48831,0.23148583694310446,0.5902632417614994,0.23148583694310446
48832,0.08248337378015068,0.3179013545632916,0.08248337378015068
48833,0.24737813436043335,0.16479851715590937,0.24737813436043335
48834,0.15125188741680082,0.22041973711072846,0.15125188741680082
48835,0.04002903129272179,0.22378791959125466,0.04002903129272179
48836,0.08554623863545796,0.5032459580514863,0.08554623863545796
48837,0.05543653933856707,0.30237659929727895,0.05543653933856707
48838,0.5360896168718746,0.5437731278327717,0.5360896168718746
48839,0.06307790528011283,0.3749675645204392,0.06307790528011283
48840,0.03031923389196523,0.044951032263688066,0.03031923389196523
48841,0.12946937888569923,0.547781025945389,0.12946937888569923
48842,0.17904184450938546,0.0678340241838023,0.17904184450938546
48843,0.05873569287364652,0.17329765625442833,0.05873569287364652
48844,0.78991180474111,0.4461026481935538,0.78991180474111
48845,0.02726057365420666,0.264608512263324,0.02726057365420666
48846,0.048787851283694526,0.5094801147160194,0.048787851283694526
48847,0.032415197841836774,0.34195025654305405,0.032415197841836774
48848,0.0404142303820522,0.5535404348964912,0.0404142303820522
48849,0.09099903857999185,0.3442302243295323,0.09099903857999185
48850,0.10465727518952402,0.5500268017917493,0.10465727518952402
48851,0.21962865341568544,0.10296297064877646,0.21962865341568544
48852,0.12424304136822241,0.7961842305581842,0.12424304136822241
48853,0.2456123915631952,0.4169442436440549,0.2456123915631952
48854,0.24045594249629576,0.39180023581364937,0.24045594249629576
48855,0.3487129975459882,0.2430868483375137,0.3487129975459882
48856,0.12166406295732916,0.7561248953528075,0.12166406295732916
48857,0.09093623604513307,0.2763254538011247,0.09093623604513307
48858,0.8216165781402368,0.48041868992356423,0.8216165781402368
48859,0.16056444695003688,0.8657092095124048,0.16056444695003688
48860,0.07393505267566367,0.6588995785189956,0.07393505267566367
48861,0.008961423512821693,0.059105614636290014,0.008961423512821693
48862,0.5613034550781293,0.3400418283717748,0.5613034550781293
48863,0.3313818425891429,0.643007897788184,0.3313818425891429
48864,0.10022023500859402,0.45510558178884736,0.10022023500859402
48865,0.033260635091744976,0.27004286797435095,0.033260635091744976
48866,0.07392880650586683,0.31982102282645924,0.07392880650586683
48867,0.059675979850910325,0.12532325574034253,0.059675979850910325
48868,0.03720693005216206,0.8905708617751186,0.03720693005216206
48869,0.07594734529021109,0.25007760874763924,0.07594734529021109
48870,0.04981981789028857,0.18771610728817512,0.04981981789028857
48871,0.05047951724504483,0.2958007101677534,0.05047951724504483
48872,0.2832917354191281,0.753894403090455,0.2832917354191281
48873,0.12206923888598595,0.25224936855256663,0.12206923888598595
48874,0.03028656213418039,0.25760004653244817,0.03028656213418039
48875,0.08546768028912215,0.07897541875864048,0.08546768028912215
48876,0.01770492896082447,0.061902510100877974,0.01770492896082447
48877,0.21918360646838,0.17013471895374604,0.21918360646838
48878,0.1292550208996412,0.24244582955694,0.1292550208996412
48879,0.6421604308200822,0.8544792653487984,0.6421604308200822
48880,0.14213328514567555,0.4764637478462118,0.14213328514567555
48881,0.26186855791818753,0.26416634024801977,0.26186855791818753
48882,0.171038215140495,0.25367648349761157,0.171038215140495
48883,0.09472377743420583,0.2522496505573279,0.09472377743420583
48884,0.020938481038418298,0.07818462581590671,0.020938481038418298
48885,0.026762815699287575,0.4688901937403277,0.026762815699287575
48886,0.3879757252393843,0.7244245538522242,0.3879757252393843
48887,0.13372436118542166,0.4565831446258422,0.13372436118542166
48888,0.1550201345157496,0.1634276055732772,0.1550201345157496
48889,0.07838582596630717,0.2345937351412785,0.07838582596630717
48890,0.043673871159654924,0.3320424970120247,0.043673871159654924
48891,0.026725751475158536,0.3553743711419692,0.026725751475158536
48892,0.06263854902473454,0.3904365997596331,0.06263854902473454
48893,0.4808568854006686,0.37404204410727043,0.4808568854006686
48894,0.6887456791005825,0.4333530172138338,0.6887456791005825
48895,0.11681109671300877,0.4500672612345618,0.11681109671300877
48896,0.5103612968726001,0.7848677896942878,0.5103612968726001
48897,0.14858240112392382,0.7137107184587476,0.14858240112392382
48898,0.07330763093989086,0.8089890732298776,0.07330763093989086
48899,0.13165235674645617,0.45077747492877585,0.13165235674645617
48900,0.1384391694416714,0.6858558308497131,0.1384391694416714
48901,0.04195210460134304,0.26411242839217647,0.04195210460134304
48902,0.06016112998031477,0.09851167568147991,0.06016112998031477
48903,0.4333131057333812,0.6807786294098035,0.4333131057333812
48904,0.09613263351317737,0.10668209081446767,0.09613263351317737
48905,0.6230905269662275,0.35902364643821777,0.6230905269662275
48906,0.025218707728152427,0.007936157347266378,0.025218707728152427
48907,0.3612366053926982,0.7054009934840999,0.3612366053926982
48908,0.12935199253878488,0.7729141049381408,0.12935199253878488
48909,0.05362926775356787,0.5034110438457626,0.05362926775356787
48910,0.07877067139693318,0.037462094050165484,0.07877067139693318
48911,0.106027532732568,0.8159214673137547,0.106027532732568
48912,0.0852744304319122,0.2038578344188557,0.0852744304319122
48913,0.046630731311194516,0.5661641618419381,0.046630731311194516
48914,0.026337658823176034,0.39552897288102434,0.026337658823176034
48915,0.07418936532482201,0.21496079478857266,0.07418936532482201
48916,0.66246845336884,0.8379545325237671,0.66246845336884
48917,0.021077768248954732,0.21874957490387426,0.021077768248954732
48918,0.25185439448163793,0.5303676831360417,0.25185439448163793
48919,0.05846392533116259,0.40674678269794734,0.05846392533116259
48920,0.045725137056661744,0.046480851784961766,0.045725137056661744
48921,0.23192623819240626,0.19571859755819873,0.23192623819240626
48922,0.015012008368478196,0.38782875199767275,0.015012008368478196
48923,0.05704244287570814,0.07008340229065098,0.05704244287570814
48924,0.041184861983651865,0.24375058541178068,0.041184861983651865
48925,0.012789791979116493,0.12190347107833613,0.012789791979116493
48926,0.12461944962906671,0.468809572994525,0.12461944962906671
48927,0.3236582559708663,0.4954634262337136,0.3236582559708663
48928,0.12432417026012585,0.28260265846085697,0.12432417026012585
48929,0.22331164813322038,0.8576991700840376,0.22331164813322038
48930,0.3897970061227991,0.12444404198931618,0.3897970061227991
48931,0.07757305501164138,0.11357136083131596,0.07757305501164138
48932,0.015216642150910654,0.021789610614645377,0.015216642150910654
48933,0.6967535668892908,0.895404246106871,0.6967535668892908
48934,0.014593659299541338,0.026180661653353844,0.014593659299541338
48935,0.19621512441434624,0.420245494789137,0.19621512441434624
48936,0.04118521699270513,0.37615948252139736,0.04118521699270513
48937,0.05755189043697225,0.15214024667326215,0.05755189043697225
48938,0.06319383720108528,0.21098495475030887,0.06319383720108528
48939,0.09999825906107894,0.016940910580863246,0.09999825906107894
48940,0.04612577786052249,0.03495214797416727,0.04612577786052249
48941,0.08775985314463283,0.0425328872447344,0.08775985314463283
48942,0.17367380819772482,0.2245161304180831,0.17367380819772482
48943,0.039408288489697685,0.5314464507926346,0.039408288489697685
48944,0.1477667858848007,0.4816022796738416,0.1477667858848007
48945,0.7304486552908045,0.8319093321336339,0.7304486552908045
48946,0.3867988225178758,0.48647975382195274,0.3867988225178758
48947,0.24632918989906555,0.6217111482626889,0.24632918989906555
48948,0.13428578568473595,0.5717720401988764,0.13428578568473595
48949,0.13805095851406926,0.18176665081807272,0.13805095851406926
48950,0.033155988035351636,0.13883917117888323,0.033155988035351636
48951,0.025556278033192062,0.0787277389806352,0.025556278033192062
48952,0.023298466444350102,0.036945916562910464,0.023298466444350102
48953,0.056033576199831035,0.32404508173864277,0.056033576199831035
48954,0.10773759535716983,0.019384001924311698,0.10773759535716983
48955,0.02729595426364232,0.14805935388775127,0.02729595426364232
48956,0.10034855261637726,0.33490838246262694,0.10034855261637726
48957,0.090324755310392,0.25577135415764607,0.090324755310392
48958,0.00948520607514575,0.00492971483909579,0.00948520607514575
48959,0.021521385048333407,0.026783159300612317,0.021521385048333407
48960,0.11409641345121198,0.4489414439036345,0.11409641345121198
48961,0.03960298649741489,0.016715508528355093,0.03960298649741489
48962,0.18664413427785614,0.23243603781623887,0.18664413427785614
48963,0.039003213895365645,0.6095127616802043,0.039003213895365645
48964,0.07846214174547272,0.7298021818183169,0.07846214174547272
48965,0.08293245667281227,0.7989164087413317,0.08293245667281227
48966,0.03498213281408425,0.2519823277374772,0.03498213281408425
48967,0.28622784623873315,0.3712244834362791,0.28622784623873315
48968,0.40412278473028346,0.6445778889997045,0.40412278473028346
48969,0.041487913470722365,0.19521741645660617,0.041487913470722365
48970,0.20618685817015883,0.6704509316209899,0.20618685817015883
48971,0.044474247984847906,0.7016678505826526,0.044474247984847906
48972,0.12183038596653092,0.16832009053961738,0.12183038596653092
48973,0.09138171586176863,0.13069500249374355,0.09138171586176863
48974,0.029698623275238666,0.027663521370710556,0.029698623275238666
48975,0.15564309086844594,0.7717830122623063,0.15564309086844594
48976,0.3012880252245157,0.3297035306836034,0.3012880252245157
48977,0.12493839363210756,0.6932343148546771,0.12493839363210756
48978,0.17978682520193245,0.08016800659014976,0.17978682520193245
48979,0.06337246970152222,0.1922320863642898,0.06337246970152222
48980,0.08737441233262423,0.15504813922741498,0.08737441233262423
48981,0.5092554228436196,0.2124728283011425,0.5092554228436196
48982,0.04315762999619464,0.4220412879048115,0.04315762999619464
48983,0.06826625026180336,0.7398352139252837,0.06826625026180336
48984,0.8330505204248623,0.06944374768336878,0.8330505204248623
48985,0.0934900430514028,0.07057897501588228,0.0934900430514028
48986,0.3239234503724039,0.298921258327266,0.3239234503724039
48987,0.09700351388991163,0.3537961034719707,0.09700351388991163
48988,0.015462649520659882,0.0836035440475021,0.015462649520659882
48989,0.05021594496992813,0.16246708624754796,0.05021594496992813
48990,0.004704776064630665,0.003180237645589844,0.004704776064630665
48991,0.1640869937347274,0.18664823036160536,0.1640869937347274
48992,0.07119286518742793,0.7047330540505718,0.07119286518742793
48993,0.7451716120008238,0.8087535998730897,0.7451716120008238
48994,0.12147252954263005,0.041339986775209794,0.12147252954263005
48995,0.12908986812773765,0.6152506310704852,0.12908986812773765
48996,0.05828205388883201,0.28250606063632716,0.05828205388883201
48997,0.055261168598718505,0.6287422020850962,0.055261168598718505
48998,0.06906401785143228,0.25864157848863584,0.06906401785143228
48999,0.09393905692561762,0.3052694987533354,0.09393905692561762
49000,0.32284249822807104,0.9469821091686355,0.32284249822807104
49001,0.1702060300366931,0.5515854670721633,0.1702060300366931
49002,0.06800020716955464,0.7403657746862412,0.06800020716955464
49003,0.06301879585467565,0.038201664459396004,0.06301879585467565
49004,0.19307582991181382,0.7002052035234618,0.19307582991181382
49005,0.2872606092298321,0.161946923223438,0.2872606092298321
49006,0.09087560254858087,0.3785840128046257,0.09087560254858087
49007,0.026667432697212563,0.13852706260747313,0.026667432697212563
49008,0.02428258592339925,0.035153426764318714,0.02428258592339925
49009,0.1797611478159688,0.8249425186116686,0.1797611478159688
49010,0.06465871224482866,0.07970293601697792,0.06465871224482866
49011,0.06138366166237995,0.1192937335487683,0.06138366166237995
49012,0.025038728608968774,0.3917249236691968,0.025038728608968774
49013,0.02258356949248306,0.5115301060206461,0.02258356949248306
49014,0.049117202738847426,0.23313257154295614,0.049117202738847426
49015,0.05748913891262169,0.29090594626622795,0.05748913891262169
49016,0.08758076558182254,0.1650648133401975,0.08758076558182254
49017,0.11831457163264399,0.21565613367959052,0.11831457163264399
49018,0.08377307599713694,0.3543673113134025,0.08377307599713694
49019,0.3649531972133504,0.597632267735426,0.3649531972133504
49020,0.03042944798775473,0.08580820426097722,0.03042944798775473
49021,0.007994905562854135,0.33925714535519247,0.007994905562854135
49022,0.0654634146532306,0.35218989283985735,0.0654634146532306
49023,0.18358389331861827,0.38593890671613157,0.18358389331861827
49024,0.06235803154728024,0.4353220399498072,0.06235803154728024
49025,0.029482614420895063,0.08985351496739173,0.029482614420895063
49026,0.2753520086522964,0.34034331674788904,0.2753520086522964
49027,0.3579787881229597,0.7573916318105239,0.3579787881229597
49028,0.02388253380348472,0.11206753100395739,0.02388253380348472
49029,0.1940187601347852,0.3467535494673426,0.1940187601347852
49030,0.10367616139096213,0.5973842613583161,0.10367616139096213
49031,0.5728709009390517,0.4815955966938792,0.5728709009390517
49032,0.08030450496152883,0.36292760125398715,0.08030450496152883
49033,0.015534522282422974,0.23026988528352066,0.015534522282422974
49034,0.01779241897436124,0.8397116413060125,0.01779241897436124
49035,0.1831398866660791,0.24173262112726904,0.1831398866660791
49036,0.07736964024470142,0.48510202299450667,0.07736964024470142
49037,0.08019005686777439,0.55800574237876,0.08019005686777439
49038,0.061452375913927146,0.3720112002137526,0.061452375913927146
49039,0.3208603565155468,0.744370129864167,0.3208603565155468
49040,0.044641714224420224,0.40019059992784617,0.044641714224420224
49041,0.11022761486369155,0.28018818620988145,0.11022761486369155
49042,0.03453932446480818,0.8686498416373931,0.03453932446480818
49043,0.018827000890537075,0.19158328621930323,0.018827000890537075
49044,0.039603424162587705,0.036931771707139294,0.039603424162587705
49045,0.010818641011536356,0.11261241386055541,0.010818641011536356
49046,0.0487002000442135,0.5468670096404803,0.0487002000442135
49047,0.6697922691603048,0.6034839070457698,0.6697922691603048
49048,0.022403090718430305,0.14981303343076394,0.022403090718430305
49049,0.050730334693645525,0.025264335410613268,0.050730334693645525
49050,0.03050048664332621,0.09577372109592559,0.03050048664332621
49051,0.05448330609495343,0.08573202809243725,0.05448330609495343
49052,0.25589080252012125,0.8448086924693197,0.25589080252012125
49053,0.06747539242485215,0.5640943526561913,0.06747539242485215
49054,0.23253608850997115,0.5981235569578857,0.23253608850997115
49055,0.035317561174988125,0.07215659712304681,0.035317561174988125
49056,0.22590249558492195,0.5448662427207671,0.22590249558492195
49057,0.2458579291555747,0.6240818264990989,0.2458579291555747
49058,0.8969063605502767,0.8692690301292071,0.8969063605502767
49059,0.023109225862206734,0.1127809963580342,0.023109225862206734
49060,0.14322166509863984,0.5526778657973256,0.14322166509863984
49061,0.6021238522488167,0.6452182382846944,0.6021238522488167
49062,0.038519677800790034,0.478512899713221,0.038519677800790034
49063,0.7029573677822308,0.6960292453168078,0.7029573677822308
49064,0.52648255073114,0.3244145725041722,0.52648255073114
49065,0.7187349497864123,0.5872714190862401,0.7187349497864123
49066,0.058028848701717275,0.3638290130483526,0.058028848701717275
49067,0.05746094716422528,0.4607671585598952,0.05746094716422528
49068,0.35078453257103775,0.762608960056072,0.35078453257103775
49069,0.06070134941977831,0.1074480762591299,0.06070134941977831
49070,0.07204293922947615,0.6101861838774381,0.07204293922947615
49071,0.6870326829810276,0.926083912156678,0.6870326829810276
49072,0.11817320276137673,0.6181368918216137,0.11817320276137673
49073,0.06531572483992486,0.2421302272728585,0.06531572483992486
49074,0.08319433018239451,0.8107155792368174,0.08319433018239451
49075,0.19591870622409968,0.4130810907863891,0.19591870622409968
49076,0.030798603531348976,0.10268759508423667,0.030798603531348976
49077,0.15791165662889986,0.06374058817461628,0.15791165662889986
49078,0.03947631970680424,0.5473970299495654,0.03947631970680424
49079,0.04977028732260411,0.2630556004654454,0.04977028732260411
49080,0.10577763149005315,0.11227004137867616,0.10577763149005315
49081,0.3761524638845267,0.7539632248784603,0.3761524638845267
49082,0.06498156442682061,0.15400062214964358,0.06498156442682061
49083,0.043254582067059205,0.46727033288873243,0.043254582067059205
49084,0.0313677841569243,0.07248035037086113,0.0313677841569243
49085,0.02180985110510429,0.06649086675243698,0.02180985110510429
49086,0.017308364797964187,0.04997697177461067,0.017308364797964187
49087,0.28770914729731617,0.25150507211260903,0.28770914729731617
49088,0.1905057242813586,0.8285228136267022,0.1905057242813586
49089,0.7437361474183047,0.5256049410538853,0.7437361474183047
49090,0.06461796569657935,0.12557905749722154,0.06461796569657935
49091,0.20943085896117963,0.3158926136484425,0.20943085896117963
49092,0.11023255644137918,0.3396917902640868,0.11023255644137918
49093,0.017586382298793928,0.1459406603174523,0.017586382298793928
49094,0.7214626143620635,0.6838930988777727,0.7214626143620635
49095,0.022845050452213283,0.5165371228211743,0.022845050452213283
49096,0.028286635324758582,0.21411003713136675,0.028286635324758582
49097,0.17479053897612298,0.6434711932557585,0.17479053897612298
49098,0.039247408043862446,0.23050026458733738,0.039247408043862446
49099,0.20771769076452437,0.5091318375091541,0.20771769076452437
49100,0.056155320699724,0.1061318609676249,0.056155320699724
49101,0.021860557848718317,0.6236135683284785,0.021860557848718317
49102,0.07498600812481787,0.40075235434808154,0.07498600812481787
49103,0.16618758276236228,0.04930291836721603,0.16618758276236228
49104,0.06694805060978239,0.2605476789537118,0.06694805060978239
49105,0.13755673626379183,0.25654295905909386,0.13755673626379183
49106,0.06606735791267933,0.20067285390898096,0.06606735791267933
49107,0.15741256772577442,0.31420999711895914,0.15741256772577442
49108,0.05983905569810301,0.07671911256894003,0.05983905569810301
49109,0.014672232970007587,0.1505516736718952,0.014672232970007587
49110,0.07082621142368108,0.18223760121507632,0.07082621142368108
49111,0.015482985040045258,0.02225988159241606,0.015482985040045258
49112,0.7840455346132725,0.9624246678177697,0.7840455346132725
49113,0.045931161204040345,0.06846843405526364,0.045931161204040345
49114,0.12993345527254338,0.4330175070565272,0.12993345527254338
49115,0.09385712222976977,0.10010092375455154,0.09385712222976977
49116,0.6384387959411779,0.28046958584697296,0.6384387959411779
49117,0.01028113868137703,0.008040786944196538,0.01028113868137703
49118,0.07495526812147987,0.482260602163454,0.07495526812147987
49119,0.3885756519075076,0.21831686510799284,0.3885756519075076
49120,0.09593824934035684,0.18273060904836763,0.09593824934035684
49121,0.08879892458623591,0.3202418947194026,0.08879892458623591
49122,0.010598423836784358,0.10743560918187148,0.010598423836784358
49123,0.7587517148477193,0.06699115148888893,0.7587517148477193
49124,0.0886671378550131,0.05503263023096764,0.0886671378550131
49125,0.025125313363890962,0.0916645456258754,0.025125313363890962
49126,0.05641039431132633,0.7120736172348205,0.05641039431132633
49127,0.09122515526695645,0.6052153620746551,0.09122515526695645
49128,0.051131079734360506,0.30296079276570137,0.051131079734360506
49129,0.00856310284175523,0.07497768300561385,0.00856310284175523
49130,0.3065975029647437,0.07315976635600413,0.3065975029647437
49131,0.33297696077714156,0.4497235406042955,0.33297696077714156
49132,0.05100546528664956,0.8455146804300159,0.05100546528664956
49133,0.0343900601470324,0.032211161403590566,0.0343900601470324
49134,0.012458546362439262,0.17535947023397833,0.012458546362439262
49135,0.017677484664895105,0.08272859608608535,0.017677484664895105
49136,0.19731904984872356,0.5725995004550064,0.19731904984872356
49137,0.051043211201876146,0.09158007590683996,0.051043211201876146
49138,0.03399086447704981,0.1268614742198166,0.03399086447704981
49139,0.04490797290980901,0.04572501699090516,0.04490797290980901
49140,0.02965307956053241,0.48247115582328665,0.02965307956053241
49141,0.1726142613841281,0.09568026393901653,0.1726142613841281
49142,0.05460372914216237,0.2826137447928889,0.05460372914216237
49143,0.031102135145660133,0.01616643588187007,0.031102135145660133
49144,0.5502806059731976,0.33750830669649634,0.5502806059731976
49145,0.10430894686404808,0.3321578825892363,0.10430894686404808
49146,0.04249517797712192,0.19556213861036104,0.04249517797712192
49147,0.07164135184985432,0.2568613119427861,0.07164135184985432
49148,0.8789003543082679,0.94166405524545,0.8789003543082679
49149,0.26193712707101896,0.7474691586200671,0.26193712707101896
49150,0.14187767790508474,0.0945389259695597,0.14187767790508474
49151,0.06012494245779565,0.48515062794894803,0.06012494245779565
49152,0.11947948033284979,0.7176335680469419,0.11947948033284979
49153,0.227748634396349,0.5088215157889452,0.227748634396349
49154,0.08850885601101859,0.14282236469389717,0.08850885601101859
49155,0.09078518126077278,0.7104077749986618,0.09078518126077278
49156,0.26945289425239555,0.318805901538037,0.26945289425239555
49157,0.11492990246060475,0.7649858527556698,0.11492990246060475
49158,0.5505997691218347,0.8267204789247216,0.5505997691218347
49159,0.34992234336917116,0.14337893825957557,0.34992234336917116
49160,0.12281652705982947,0.09811326650878399,0.12281652705982947
49161,0.02571024866031141,0.08869421667835817,0.02571024866031141
49162,0.10089706730459737,0.13535003061365436,0.10089706730459737
49163,0.07171759484594256,0.04648112509306981,0.07171759484594256
49164,0.012019373714092691,0.0069848113384456045,0.012019373714092691
49165,0.06695688000397035,0.24271967365378885,0.06695688000397035
49166,0.029708814944259206,0.4588334616330154,0.029708814944259206
49167,0.03179620064828988,0.11081891792944099,0.03179620064828988
49168,0.07165614454943353,0.24197069459118087,0.07165614454943353
49169,0.03996474966033051,0.0759874455929426,0.03996474966033051
49170,0.0733279607190514,0.1436447072014788,0.0733279607190514
49171,0.581646950260458,0.5010284296614261,0.581646950260458
49172,0.05568341258953476,0.6911825570894262,0.05568341258953476
49173,0.38449512000527564,0.541477336659689,0.38449512000527564
49174,0.21221542259705115,0.6747854915555879,0.21221542259705115
49175,0.16278998721613835,0.8236869345360491,0.16278998721613835
49176,0.03144156718800047,0.44632954671705555,0.03144156718800047
49177,0.5845563831595592,0.7235075813240565,0.5845563831595592
49178,0.04733825268478375,0.18005021594163287,0.04733825268478375
49179,0.43547860508669994,0.5112603659383377,0.43547860508669994
49180,0.7835203918385024,0.4214667206425148,0.7835203918385024
49181,0.1740891450144624,0.6716344865102992,0.1740891450144624
49182,0.04438990182687105,0.31792301467920214,0.04438990182687105
49183,0.022846858830518096,0.7468983810500454,0.022846858830518096
49184,0.0348677451343531,0.14674345833073,0.0348677451343531
49185,0.45808703811264695,0.36426429729970594,0.45808703811264695
49186,0.03880027852594119,0.4911299054618383,0.03880027852594119
49187,0.02444245234285508,0.2265196327889368,0.02444245234285508
49188,0.4012209865563806,0.6193428801858529,0.4012209865563806
49189,0.05661094307723994,0.4688280631600067,0.05661094307723994
49190,0.04415540636519828,0.16712335813753415,0.04415540636519828
49191,0.1287249730961774,0.47899004112123605,0.1287249730961774
49192,0.1780755930098777,0.22911841949237366,0.1780755930098777
49193,0.03105787514207133,0.31837203811508646,0.03105787514207133
49194,0.031942927563067026,0.0806739977908218,0.031942927563067026
49195,0.06696093203015469,0.20344885794794038,0.06696093203015469
49196,0.04941549475800909,0.6679583699991931,0.04941549475800909
49197,0.048971430677270195,0.1120164492517055,0.048971430677270195
49198,0.1124318800582695,0.6094163201696735,0.1124318800582695
49199,0.018463725810203207,0.03310790293385568,0.018463725810203207
49200,0.07776475965055298,0.47183705257309044,0.07776475965055298
49201,0.44911367438449856,0.5495520505365816,0.44911367438449856
49202,0.04067644523187939,0.41518252320996063,0.04067644523187939
49203,0.34077167161961547,0.480150926475035,0.34077167161961547
49204,0.02150516135223679,0.11482090789823124,0.02150516135223679
49205,0.06757684770901388,0.859428065001776,0.06757684770901388
49206,0.08989256190370662,0.1359675812100305,0.08989256190370662
49207,0.6061063177727718,0.8807817954426215,0.6061063177727718
49208,0.12600325459975065,0.51317066508898,0.12600325459975065
49209,0.047840382682524545,0.7034465772435284,0.047840382682524545
49210,0.3024623159176719,0.42944614975033407,0.3024623159176719
49211,0.08327482306243678,0.4789040886382282,0.08327482306243678
49212,0.15323118272333885,0.2660511233537083,0.15323118272333885
49213,0.14238386935519703,0.36526908687071075,0.14238386935519703
49214,0.16129563259255061,0.859054339002045,0.16129563259255061
49215,0.1495022255638592,0.7944408387214182,0.1495022255638592
49216,0.5006578697685337,0.414614614879088,0.5006578697685337
49217,0.20088708114323234,0.2578684665773186,0.20088708114323234
49218,0.347449959729696,0.6308950743415496,0.347449959729696
49219,0.061120236290278844,0.19475561424239726,0.061120236290278844
49220,0.04833445621123395,0.15799445868512824,0.04833445621123395
49221,0.04255195039091078,0.197650354326933,0.04255195039091078
49222,0.20537533585224954,0.33186710708682277,0.20537533585224954
49223,0.09732454462760608,0.2623179621724499,0.09732454462760608
49224,0.16445890054413118,0.40125140897661665,0.16445890054413118
49225,0.532038139350136,0.8626456790770226,0.532038139350136
49226,0.053550756465675566,0.5096654083374481,0.053550756465675566
49227,0.1773619326103883,0.08930294589659366,0.1773619326103883
49228,0.08237777844587456,0.056099355130815876,0.08237777844587456
49229,0.023067085911521956,0.09634910362512418,0.023067085911521956
49230,0.23602802348173918,0.044557800924731855,0.23602802348173918
49231,0.3821656141642667,0.4658782167716214,0.3821656141642667
49232,0.21961704313901895,0.45643762264686266,0.21961704313901895
49233,0.11636223917876926,0.09817027025009344,0.11636223917876926
49234,0.09774210357656914,0.47543667541658535,0.09774210357656914
49235,0.3389997578263499,0.9050567627150706,0.3389997578263499
49236,0.15312263966751333,0.4240523078199474,0.15312263966751333
49237,0.5896374576697869,0.8185720199285182,0.5896374576697869
49238,0.4017520553410017,0.9023727578052303,0.4017520553410017
49239,0.2696616582378976,0.7023819003118699,0.2696616582378976
49240,0.3042352650852638,0.24742041210998583,0.3042352650852638
49241,0.22405586369657593,0.6791867278195638,0.22405586369657593
49242,0.10459323319018543,0.4931640000851238,0.10459323319018543
49243,0.1792262289164092,0.02028316674690291,0.1792262289164092
49244,0.034931550462518154,0.04630561040003014,0.034931550462518154
49245,0.7982998566299501,0.8750662442768781,0.7982998566299501
49246,0.4438005564754228,0.8243377685113336,0.4438005564754228
49247,0.5746455609795537,0.33983010842835576,0.5746455609795537
49248,0.023959370630640436,0.09861883165941074,0.023959370630640436
49249,0.13614197361318559,0.3301152765487716,0.13614197361318559
49250,0.020530680765000104,0.1508508330834642,0.020530680765000104
49251,0.05422586578180558,0.0915344888818069,0.05422586578180558
49252,0.0637365907425367,0.7209060855787405,0.0637365907425367
49253,0.037249990288325534,0.2090825735119024,0.037249990288325534
49254,0.6338737440340354,0.20058047097008946,0.6338737440340354
49255,0.0921187785726353,0.5168075071493284,0.0921187785726353
49256,0.028225086836177544,0.4088396410684308,0.028225086836177544
49257,0.017808528114305517,0.05989366075451569,0.017808528114305517
49258,0.16699118604062493,0.10079702929774509,0.16699118604062493
49259,0.24021684850284,0.07634531150585085,0.24021684850284
49260,0.28169401008489947,0.20269395411049979,0.28169401008489947
49261,0.0904613054932588,0.18312596241561305,0.0904613054932588
49262,0.017356216029981997,0.24692086637087732,0.017356216029981997
49263,0.04588999643567052,0.03146125106227664,0.04588999643567052
49264,0.045388556751397455,0.314609179067415,0.045388556751397455
49265,0.1286314985851882,0.34430807136976277,0.1286314985851882
49266,0.0178192584092333,0.04893086472369746,0.0178192584092333
49267,0.3630140156465907,0.25336419506047925,0.3630140156465907
49268,0.039391705305692436,0.05669086104865512,0.039391705305692436
49269,0.07603091387766005,0.11313430732156597,0.07603091387766005
49270,0.035678151119921134,0.1172941409629805,0.035678151119921134
49271,0.1282427350697601,0.7832393713675715,0.1282427350697601
49272,0.13619359758169847,0.3466712750769008,0.13619359758169847
49273,0.4244650395855028,0.1553533617611326,0.4244650395855028
49274,0.0756354757372753,0.059134735798149596,0.0756354757372753
49275,0.11969476488538297,0.8779108172011763,0.11969476488538297
49276,0.3591349757978244,0.7903591844355301,0.3591349757978244
49277,0.15072460905937457,0.041744982130985445,0.15072460905937457
49278,0.5946726674789524,0.8869628531631325,0.5946726674789524
49279,0.060525510626521915,0.13913320539218307,0.060525510626521915
49280,0.08050231664900226,0.09095324090129679,0.08050231664900226
49281,0.053947983056933976,0.11478786109963099,0.053947983056933976
49282,0.04780949957924551,0.051110012420821804,0.04780949957924551
49283,0.13765790980682113,0.2744246967119699,0.13765790980682113
49284,0.03090537045465077,0.13430969538373555,0.03090537045465077
49285,0.08974685881635346,0.31549468639665634,0.08974685881635346
49286,0.05102886180495473,0.41243761921270516,0.05102886180495473
49287,0.534488913050405,0.6134228162473172,0.534488913050405
49288,0.0522805416079377,0.1261705827715692,0.0522805416079377
49289,0.08076894452985756,0.3699254551655232,0.08076894452985756
49290,0.504821995397164,0.30506396088739807,0.504821995397164
49291,0.19639117445754212,0.3525667740644722,0.19639117445754212
49292,0.039480226994496305,0.4624136718522197,0.039480226994496305
49293,0.12040302756791994,0.3208667942606395,0.12040302756791994
49294,0.14620039636331014,0.35646035019314426,0.14620039636331014
49295,0.5361190882240763,0.21445161121165723,0.5361190882240763
49296,0.02109240820447148,0.2515397247703294,0.02109240820447148
49297,0.05074794778576387,0.6009659610980683,0.05074794778576387
49298,0.06314448649804275,0.603108817694781,0.06314448649804275
49299,0.24751900174450128,0.5960965366603743,0.24751900174450128
49300,0.13524358998232264,0.5277125835252424,0.13524358998232264
49301,0.05027192931791969,0.023974612057636784,0.05027192931791969
49302,0.07458808053128795,0.154536991896824,0.07458808053128795
49303,0.17471207908479655,0.35845894368208603,0.17471207908479655
49304,0.03618894785221103,0.20762825498108198,0.03618894785221103
49305,0.10310826211564689,0.12860054494769058,0.10310826211564689
49306,0.04549237987144354,0.6163828123595817,0.04549237987144354
49307,0.10721995990332991,0.3834594760784992,0.10721995990332991
49308,0.057241227141299623,0.8399057591102166,0.057241227141299623
49309,0.12640852567624578,0.3833203343088549,0.12640852567624578
49310,0.01107691961888337,0.29466655844274847,0.01107691961888337
49311,0.040816571683201706,0.4910273567100972,0.040816571683201706
49312,0.09321832727570545,0.40194467995989924,0.09321832727570545
49313,0.11532761745277932,0.5013803874842282,0.11532761745277932
49314,0.25942866663538244,0.8204541793269017,0.25942866663538244
49315,0.006956920151458528,0.0068019564483560195,0.006956920151458528
49316,0.2227293082948947,0.7718039237140918,0.2227293082948947
49317,0.12930019237607973,0.6791729316021143,0.12930019237607973
49318,0.1752612558935749,0.1157631280323477,0.1752612558935749
49319,0.04994235159837128,0.03915064329353135,0.04994235159837128
49320,0.10228770850925546,0.4233479675286105,0.10228770850925546
49321,0.1769858029747937,0.5639112418938779,0.1769858029747937
49322,0.033478602385325996,0.4756948282335243,0.033478602385325996
49323,0.5078548338820817,0.7621124072247881,0.5078548338820817
49324,0.080789869614333,0.15957422508500083,0.080789869614333
49325,0.057270327644932194,0.5876495273631327,0.057270327644932194
49326,0.02586855689731346,0.05782298625437559,0.02586855689731346
49327,0.05321201533546401,0.09878525737687072,0.05321201533546401
49328,0.06743439788144336,0.42236753569844354,0.06743439788144336
49329,0.11698362315110387,0.6719983863712121,0.11698362315110387
49330,0.03494752103271866,0.11627673348938071,0.03494752103271866
49331,0.1602004070765602,0.08606005305477471,0.1602004070765602
49332,0.025779767141328895,0.662234991802741,0.025779767141328895
49333,0.013102131644783186,0.08086036982144926,0.013102131644783186
49334,0.13125193975933144,0.7723289456711507,0.13125193975933144
49335,0.13496781619336426,0.5693104793048577,0.13496781619336426
49336,0.051998005885946226,0.062338640716835335,0.051998005885946226
49337,0.1699804449559438,0.23980090117554492,0.1699804449559438
49338,0.04274491191933163,0.04977157849036173,0.04274491191933163
49339,0.15143959344868801,0.3459076639598232,0.15143959344868801
49340,0.05458682584993548,0.03602614846836485,0.05458682584993548
49341,0.0660546795874683,0.0925832302037475,0.0660546795874683
49342,0.08143553474179886,0.28302156508272797,0.08143553474179886
49343,0.02090331503512463,0.11902104239614354,0.02090331503512463
49344,0.046209538486320596,0.37629860486683236,0.046209538486320596
49345,0.5065160410744971,0.6572738438471312,0.5065160410744971
49346,0.3921208628334595,0.3761220855932064,0.3921208628334595
49347,0.2609282848299212,0.44813451404459226,0.2609282848299212
49348,0.11201663286186757,0.5855055060569512,0.11201663286186757
49349,0.03650205685220176,0.060352205096443186,0.03650205685220176
49350,0.09796962317828564,0.5676012674704917,0.09796962317828564
49351,0.07201403398078739,0.14105871388023494,0.07201403398078739
49352,0.11087916519545364,0.4330577743397248,0.11087916519545364
49353,0.08335845764755413,0.5282590609572374,0.08335845764755413
49354,0.04154246825052142,0.2465221619339773,0.04154246825052142
49355,0.09074203770941713,0.3262418584054447,0.09074203770941713
49356,0.1129845649190209,0.352626755222684,0.1129845649190209
49357,0.18334183243832056,0.47805932208358104,0.18334183243832056
49358,0.12116556942901044,0.843247192461321,0.12116556942901044
49359,0.26486817880618935,0.4280546179569921,0.26486817880618935
49360,0.047758440793118175,0.2384865441098293,0.047758440793118175
49361,0.022561674084144747,0.03387487599898405,0.022561674084144747
49362,0.013598584784501086,0.031118759806867,0.013598584784501086
49363,0.2463851202429568,0.4198715991541758,0.2463851202429568
49364,0.0539710908573392,0.2944183814926145,0.0539710908573392
49365,0.4302061413174906,0.4753476578332968,0.4302061413174906
49366,0.6562427323144935,0.6489099598454056,0.6562427323144935
49367,0.06509735085371438,0.2495966474473988,0.06509735085371438
49368,0.26833091137749543,0.5745963774797107,0.26833091137749543
49369,0.08723717245534339,0.7751083145433904,0.08723717245534339
49370,0.7588317029069392,0.7161647982949542,0.7588317029069392
49371,0.3799883732003093,0.12660547258860452,0.3799883732003093
49372,0.07062325500288978,0.14377900196699947,0.07062325500288978
49373,0.05770595304710102,0.3620047581284994,0.05770595304710102
49374,0.015166672945552911,0.022468681047635317,0.015166672945552911
49375,0.16096346079157545,0.33481724298275023,0.16096346079157545
49376,0.018701634298227122,0.14870985198835382,0.018701634298227122
49377,0.012935321455141967,0.1723250882557685,0.012935321455141967
49378,0.08745638711727668,0.6061035334605089,0.08745638711727668
49379,0.0212818912539795,0.14657596708720705,0.0212818912539795
49380,0.6726503812709628,0.8102914105821645,0.6726503812709628
49381,0.1556443402029384,0.10470314230007273,0.1556443402029384
49382,0.02206887744997326,0.03571763546102399,0.02206887744997326
49383,0.10632294824169107,0.558130819146925,0.10632294824169107
49384,0.014664423871834264,0.18459699006892566,0.014664423871834264
49385,0.07227208368058634,0.32199319441142066,0.07227208368058634
49386,0.03657098024514152,0.17135655534665128,0.03657098024514152
49387,0.06252175605912665,0.14913283811155878,0.06252175605912665
49388,0.07702893907204637,0.5147196927106548,0.07702893907204637
49389,0.09217420102881248,0.652055799144105,0.09217420102881248
49390,0.0554180657196459,0.19558788215842726,0.0554180657196459
49391,0.06642508646838517,0.09886518191173803,0.06642508646838517
49392,0.06210691872264405,0.4247911594975279,0.06210691872264405
49393,0.039314076220188114,0.2193693243751014,0.039314076220188114
49394,0.2199740544002002,0.33764425466808606,0.2199740544002002
49395,0.37654490549111624,0.7245547221463488,0.37654490549111624
49396,0.0554431507608516,0.45654584275016774,0.0554431507608516
49397,0.14507596607431392,0.527211933402136,0.14507596607431392
49398,0.0436290635046931,0.11121937264785668,0.0436290635046931
49399,0.07736728085568108,0.05789051214120518,0.07736728085568108
49400,0.0248676086631428,0.10644078886024592,0.0248676086631428
49401,0.15446402464322057,0.5515772061745187,0.15446402464322057
49402,0.2597227143336862,0.6362565493115887,0.2597227143336862
49403,0.4198041561194987,0.361939324037095,0.4198041561194987
49404,0.02718872451426169,0.2744125659748879,0.02718872451426169
49405,0.03653422500704228,0.1748318099349844,0.03653422500704228
49406,0.3593623349740885,0.24938048972571702,0.3593623349740885
49407,0.05171866654152888,0.2651264479952961,0.05171866654152888
49408,0.09415655275399962,0.2764192650170111,0.09415655275399962
49409,0.027967815807416526,0.4887188797764563,0.027967815807416526
49410,0.0692050768193965,0.32129973121042044,0.0692050768193965
49411,0.06664038647156288,0.5476152897291263,0.06664038647156288
49412,0.30830979238010886,0.32863582900695676,0.30830979238010886
49413,0.062171632069699924,0.11539932520112793,0.062171632069699924
49414,0.050894923616101644,0.05692799858299428,0.050894923616101644
49415,0.41561662201405436,0.75697096209467,0.41561662201405436
49416,0.7371378026478711,0.9147968333672056,0.7371378026478711
49417,0.05218158439869328,0.20997074038195743,0.05218158439869328
49418,0.19322796284378116,0.47261108356977566,0.19322796284378116
49419,0.20139982617761304,0.9470098367074608,0.20139982617761304
49420,0.07269320213685963,0.5626329666771577,0.07269320213685963
49421,0.03423249170349683,0.30316285050163694,0.03423249170349683
49422,0.3296047594429471,0.5903551791278366,0.3296047594429471
49423,0.04551688093055977,0.12529683918043125,0.04551688093055977
49424,0.01849907746198928,0.023633332979866313,0.01849907746198928
49425,0.04793730414348699,0.0903561149758556,0.04793730414348699
49426,0.12562157709496144,0.739722804913022,0.12562157709496144
49427,0.06145976399889765,0.11712604238467143,0.06145976399889765
49428,0.06349604419570473,0.7187995682730298,0.06349604419570473
49429,0.3541332580728001,0.6766345931964435,0.3541332580728001
49430,0.016717413696991597,0.04899114936081656,0.016717413696991597
49431,0.06330601871659923,0.4657899331318119,0.06330601871659923
49432,0.053573797550436286,0.25472891352618243,0.053573797550436286
49433,0.2536885243020228,0.4184962307700981,0.2536885243020228
49434,0.07474751416333772,0.11330395976825655,0.07474751416333772
49435,0.12098401877180837,0.5629409997376196,0.12098401877180837
49436,0.04405789862405676,0.18811604520743574,0.04405789862405676
49437,0.19815626337636355,0.39595490937760736,0.19815626337636355
49438,0.06458385859039867,0.14290254455306756,0.06458385859039867
49439,0.0273982720604892,0.0569999712869072,0.0273982720604892
49440,0.04129915785074403,0.4936986182922551,0.04129915785074403
49441,0.172190567678322,0.8398473801941105,0.172190567678322
49442,0.025866631580960853,0.03958446317248351,0.025866631580960853
49443,0.027993860418008235,0.013498461856736713,0.027993860418008235
49444,0.2562916695873051,0.6328906012848635,0.2562916695873051
49445,0.1161345167191565,0.23261342225457546,0.1161345167191565
49446,0.06582604430995456,0.14397155207426857,0.06582604430995456
49447,0.29843589649631497,0.3153701723736494,0.29843589649631497
49448,0.4777977431523933,0.7988311778738253,0.4777977431523933
49449,0.34855038364178015,0.6978603444642887,0.34855038364178015
49450,0.059958902215152786,0.4680797117036858,0.059958902215152786
49451,0.10326426125473677,0.7770570101548512,0.10326426125473677
49452,0.16986932491653153,0.1964912203440755,0.16986932491653153
49453,0.10369113816620412,0.05541660824969747,0.10369113816620412
49454,0.47655347942858106,0.8502811997995549,0.47655347942858106
49455,0.1355335852644174,0.6905934268383376,0.1355335852644174
49456,0.07907309806959466,0.14478901719188242,0.07907309806959466
49457,0.3599089811066878,0.8441967929887918,0.3599089811066878
49458,0.09209351890594643,0.1457711634346996,0.09209351890594643
49459,0.07351443113825928,0.5552144860499044,0.07351443113825928
49460,0.09996372812871844,0.2895623520342777,0.09996372812871844
49461,0.5938983008276775,0.16043671640851942,0.5938983008276775
49462,0.0892575322670902,0.48496878785683284,0.0892575322670902
49463,0.6985570291376146,0.806519113267398,0.6985570291376146
49464,0.028622213686842368,0.03306599897018609,0.028622213686842368
49465,0.1840658382902921,0.7562540928790275,0.1840658382902921
49466,0.030650827664939224,0.04226846783590462,0.030650827664939224
49467,0.09816596188102207,0.6597263000823184,0.09816596188102207
49468,0.6684448278542033,0.7753948126815979,0.6684448278542033
49469,0.03585809996020016,0.12530202459297116,0.03585809996020016
49470,0.06772777382705568,0.32791950594507885,0.06772777382705568
49471,0.03349042167043226,0.7525232494393707,0.03349042167043226
49472,0.07884513075367995,0.04235384390394919,0.07884513075367995
49473,0.5392618032557946,0.5636674299396919,0.5392618032557946
49474,0.09426345802934875,0.4916503528208339,0.09426345802934875
49475,0.17682803826766963,0.2596963827880329,0.17682803826766963
49476,0.02534522396364094,0.1838434331212799,0.02534522396364094
49477,0.04158544143619723,0.736777402512502,0.04158544143619723
49478,0.5808646169113518,0.4847550361764062,0.5808646169113518
49479,0.14223896633077857,0.3583224861983695,0.14223896633077857
49480,0.20166859259557737,0.15470484367888504,0.20166859259557737
49481,0.030633131221009028,0.3456849239225764,0.030633131221009028
49482,0.04863310632501406,0.3197352335651743,0.04863310632501406
49483,0.04894177923712919,0.2978411347670063,0.04894177923712919
49484,0.02586621552072782,0.08991955284641212,0.02586621552072782
49485,0.05376693906271868,0.03758411520695084,0.05376693906271868
49486,0.3612726633841891,0.2772392399923712,0.3612726633841891
49487,0.04439157697684551,0.08926747677661756,0.04439157697684551
49488,0.32254439102423826,0.3727675083648779,0.32254439102423826
49489,0.028005102971025698,0.28480468579757967,0.028005102971025698
49490,0.014470856804093104,0.03390264855586059,0.014470856804093104
49491,0.062360843503269724,0.15448683971328708,0.062360843503269724
49492,0.13205616603244943,0.4199823447998176,0.13205616603244943
49493,0.2503448158037044,0.24083316080346961,0.2503448158037044
49494,0.023830782943758143,0.12673859364174903,0.023830782943758143
49495,0.2592458151875317,0.5297508279550661,0.2592458151875317
49496,0.14269193916647935,0.44723089168777097,0.14269193916647935
49497,0.03994560237733857,0.14757556818361886,0.03994560237733857
49498,0.043953305760437864,0.13747784689722548,0.043953305760437864
49499,0.039330573574203186,0.40516428526954845,0.039330573574203186
49500,0.10809216125858154,0.7994222814337092,0.10809216125858154
49501,0.05067949321278958,0.25602181697765436,0.05067949321278958
49502,0.4571551710743781,0.5486441454927299,0.4571551710743781
49503,0.0288041947984605,0.1367041425987622,0.0288041947984605
49504,0.13045250166873318,0.6085098957409127,0.13045250166873318
49505,0.021785644069298556,0.8262632428619364,0.021785644069298556
49506,0.17531990317039528,0.4735706879064178,0.17531990317039528
49507,0.08248940423947629,0.4404232377189781,0.08248940423947629
49508,0.039914351448532365,0.23122035493988122,0.039914351448532365
49509,0.05300150423721737,0.27741424640073054,0.05300150423721737
49510,0.03955770628239859,0.2316723442108487,0.03955770628239859
49511,0.4378615877866809,0.2983884588103306,0.4378615877866809
49512,0.2509319232929159,0.3486584177964788,0.2509319232929159
49513,0.060708949011747844,0.17115584496756125,0.060708949011747844
49514,0.0558453522081018,0.225347617361714,0.0558453522081018
49515,0.1147283141814229,0.5935195199603323,0.1147283141814229
49516,0.5593997362020797,0.4301102913306161,0.5593997362020797
49517,0.08907336099472553,0.7384818857233016,0.08907336099472553
49518,0.05945059842475918,0.5898920560636528,0.05945059842475918
49519,0.26701478641597687,0.8062709222121615,0.26701478641597687
49520,0.38090285733367735,0.5022890958196725,0.38090285733367735
49521,0.20697645916822,0.46991737940440415,0.20697645916822
49522,0.22888978370131635,0.39101112808012767,0.22888978370131635
49523,0.08629549074791329,0.46157535884106404,0.08629549074791329
49524,0.04704055390716315,0.08341792862168995,0.04704055390716315
49525,0.022068135291184968,0.08196715287417285,0.022068135291184968
49526,0.5737519896448485,0.636973995626614,0.5737519896448485
49527,0.046714167351180426,0.7955786334261279,0.046714167351180426
49528,0.022218760611347414,0.3073497300812686,0.022218760611347414
49529,0.0443195752616118,0.022808707195887856,0.0443195752616118
49530,0.5402633991104552,0.6974106958559708,0.5402633991104552
49531,0.0841763528879856,0.3222630917248641,0.0841763528879856
49532,0.04408352035903581,0.2751902496904832,0.04408352035903581
49533,0.3944713370290678,0.6644099767627564,0.3944713370290678
49534,0.14205197142349352,0.2311840620506763,0.14205197142349352
49535,0.02191001829032967,0.010475809063380338,0.02191001829032967
49536,0.5489644566690964,0.47308914180220557,0.5489644566690964
49537,0.6735067276837559,0.8807527853078774,0.6735067276837559
49538,0.056164042211668784,0.27774376944356416,0.056164042211668784
49539,0.2243940878830866,0.2969884480221097,0.2243940878830866
49540,0.11014110637172168,0.35047466959527995,0.11014110637172168
49541,0.014209562298699303,0.006335592270532958,0.014209562298699303
49542,0.06656836535968307,0.1302015841893695,0.06656836535968307
49543,0.11844561843985267,0.13560797295961918,0.11844561843985267
49544,0.015672808399058227,0.023179966819402837,0.015672808399058227
49545,0.062470993260525284,0.1519225521557952,0.062470993260525284
49546,0.10132131198339894,0.27366491288834205,0.10132131198339894
49547,0.05926318598314275,0.41748401365093507,0.05926318598314275
49548,0.8222171584574408,0.4234009993990626,0.8222171584574408
49549,0.19228322855992422,0.12197581219670364,0.19228322855992422
49550,0.03098485132853548,0.2994319394500704,0.03098485132853548
49551,0.44774938769090156,0.4383137369728241,0.44774938769090156
49552,0.02042069102099297,0.20384217747312905,0.02042069102099297
49553,0.039426587678142284,0.11068651425515029,0.039426587678142284
49554,0.41164204534946247,0.808208789929591,0.41164204534946247
49555,0.1283647962815236,0.30160379041095725,0.1283647962815236
49556,0.07731927297630488,0.06800086961378006,0.07731927297630488
49557,0.14158407989672023,0.3070830657972278,0.14158407989672023
49558,0.16424458307451592,0.21556733597973723,0.16424458307451592
49559,0.008376361661952152,0.20345041490716445,0.008376361661952152
49560,0.0513846254567081,0.8987269963825468,0.0513846254567081
49561,0.027901813430732496,0.08540762930095523,0.027901813430732496
49562,0.4282261296395024,0.5403855152734521,0.4282261296395024
49563,0.26110301357416393,0.8512873615536559,0.26110301357416393
49564,0.036163426990555324,0.3014054059300724,0.036163426990555324
49565,0.016382399258120434,0.29178546006209405,0.016382399258120434
49566,0.06430304902097575,0.5411238379194806,0.06430304902097575
49567,0.0988801149998515,0.3373083664718573,0.0988801149998515
49568,0.4272506785738767,0.7962967551270141,0.4272506785738767
49569,0.06954208143845873,0.37754168347748823,0.06954208143845873
49570,0.09440040844986568,0.39090312199700494,0.09440040844986568
49571,0.04160485549837746,0.07144583676105937,0.04160485549837746
49572,0.034618428823850966,0.09580106133523827,0.034618428823850966
49573,0.012767394877370128,0.13419124508090077,0.012767394877370128
49574,0.16423786314610755,0.16625410260882387,0.16423786314610755
49575,0.08668198539383076,0.8895477468766236,0.08668198539383076
49576,0.23499029503594615,0.49944375957348863,0.23499029503594615
49577,0.11121464646931915,0.3057628775939849,0.11121464646931915
49578,0.09777862748405734,0.06023090512511003,0.09777862748405734
49579,0.140235972002429,0.3567183746633119,0.140235972002429
49580,0.35736371356404334,0.23658074149812616,0.35736371356404334
49581,0.04303857658730053,0.4058793103655927,0.04303857658730053
49582,0.3660307086492077,0.5440254599991261,0.3660307086492077
49583,0.65998514705154,0.6131710326821909,0.65998514705154
49584,0.015555650722934886,0.2813708979268673,0.015555650722934886
49585,0.05500439794637518,0.0990891759924144,0.05500439794637518
49586,0.015525223602053806,0.00846534760952229,0.015525223602053806
49587,0.4368353077873858,0.6979740466388582,0.4368353077873858
49588,0.07097579211051862,0.5915638042433452,0.07097579211051862
49589,0.5781847972181783,0.8296270627655417,0.5781847972181783
49590,0.04038814262340509,0.17657971000329584,0.04038814262340509
49591,0.3942134497768942,0.4381146656728707,0.3942134497768942
49592,0.050891797173860054,0.4349014527147646,0.050891797173860054
49593,0.03577970641496172,0.22799656320012313,0.03577970641496172
49594,0.03782270212409285,0.705738246108526,0.03782270212409285
49595,0.016866581848344327,0.5972803604419844,0.016866581848344327
49596,0.014278352185888639,0.014457700759276262,0.014278352185888639
49597,0.06921023916061364,0.5601241128809092,0.06921023916061364
49598,0.04209629813278571,0.3870119985298064,0.04209629813278571
49599,0.02211659864343285,0.051948823025735044,0.02211659864343285
49600,0.8540250370663339,0.7896506634881151,0.8540250370663339
49601,0.03337252203529278,0.49076665575156025,0.03337252203529278
49602,0.05352510906273456,0.2589316537275207,0.05352510906273456
49603,0.049134766995042066,0.28293864205761105,0.049134766995042066
49604,0.06426669245860915,0.38741160336128816,0.06426669245860915
49605,0.04679344938440785,0.09655967948291377,0.04679344938440785
49606,0.06020023823205521,0.4100751435189184,0.06020023823205521
49607,0.06219920356218105,0.48089910454250545,0.06219920356218105
49608,0.04772934295912192,0.43247004003894973,0.04772934295912192
49609,0.06287427699873302,0.4149645841953934,0.06287427699873302
49610,0.05322827753485378,0.36127243616455984,0.05322827753485378
49611,0.04386350542666948,0.4435473887329476,0.04386350542666948
49612,0.05824956087388214,0.19584944337463653,0.05824956087388214
49613,0.2390215072791083,0.5473482044857304,0.2390215072791083
49614,0.4228816321600048,0.3190407560990481,0.4228816321600048
49615,0.09004234912794915,0.6718081176969695,0.09004234912794915
49616,0.13216293861244527,0.5878664331155304,0.13216293861244527
49617,0.3067216395495818,0.41612618710127436,0.3067216395495818
49618,0.5906045274158057,0.9305202283658361,0.5906045274158057
49619,0.06769858729582445,0.5175899717500855,0.06769858729582445
49620,0.04134229041032856,0.6225198386008037,0.04134229041032856
49621,0.1029887307025659,0.2596476544795733,0.1029887307025659
49622,0.08901243386852413,0.09851619339466472,0.08901243386852413
49623,0.04459260368057919,0.20034288805624922,0.04459260368057919
49624,0.03934470948585584,0.45563604404278796,0.03934470948585584
49625,0.054475529655820434,0.02994121819106818,0.054475529655820434
49626,0.1106964601760044,0.803521638961211,0.1106964601760044
49627,0.11281254587959526,0.13826201309441968,0.11281254587959526
49628,0.10900302157035932,0.09900053387944725,0.10900302157035932
49629,0.08970888881575476,0.1917695988567302,0.08970888881575476
49630,0.026989683015259044,0.03867991158258751,0.026989683015259044
49631,0.17020215372175274,0.42904298487102116,0.17020215372175274
49632,0.09387522873586919,0.28608551765533585,0.09387522873586919
49633,0.021054227396657757,0.8747503272416131,0.021054227396657757
49634,0.0936733338524652,0.3654849648964851,0.0936733338524652
49635,0.4579517474197695,0.8569052415827502,0.4579517474197695
49636,0.12808804603856874,0.10095136218502146,0.12808804603856874
49637,0.3162281121461593,0.6295657625710234,0.3162281121461593
49638,0.09145093269066996,0.14302656761122012,0.09145093269066996
49639,0.07862210799421185,0.19970193063177885,0.07862210799421185
49640,0.7079594468228843,0.6664475693583357,0.7079594468228843
49641,0.08248738618528723,0.2512694452326423,0.08248738618528723
49642,0.18205985682711365,0.35738599232206947,0.18205985682711365
49643,0.05457647289822259,0.018447843104297184,0.05457647289822259
49644,0.12072974496426135,0.4979365301430569,0.12072974496426135
49645,0.6874548009463012,0.9136147630529754,0.6874548009463012
49646,0.08305279583132393,0.0915351426543465,0.08305279583132393
49647,0.22383682551860026,0.21818438220816885,0.22383682551860026
49648,0.17308100218505384,0.8651384505771156,0.17308100218505384
49649,0.03226047459710977,0.0374131556329741,0.03226047459710977
49650,0.06967457356164188,0.7652939639016466,0.06967457356164188
49651,0.013155375018041138,0.01545932585563041,0.013155375018041138
49652,0.23397841263050728,0.15869703083343992,0.23397841263050728
49653,0.058189462361750606,0.04116971892542019,0.058189462361750606
49654,0.036387776997597966,0.8155984872095565,0.036387776997597966
49655,0.0572431298109896,0.22798936846312318,0.0572431298109896
49656,0.051443588390658844,0.29094182937386415,0.051443588390658844
49657,0.0859989091578605,0.644450421135098,0.0859989091578605
49658,0.06540346179512413,0.3544064551772087,0.06540346179512413
49659,0.3432065359910425,0.47655739395106256,0.3432065359910425
49660,0.1413967213784854,0.26747932345866343,0.1413967213784854
49661,0.05579419346332651,0.1846504286959591,0.05579419346332651
49662,0.07589315082561027,0.13213158840333647,0.07589315082561027
49663,0.3570982130432071,0.45206873913182904,0.3570982130432071
49664,0.09532294219498377,0.21257096398472075,0.09532294219498377
49665,0.31424536909942763,0.4827575647706874,0.31424536909942763
49666,0.0767405545536072,0.3811209387438553,0.0767405545536072
49667,0.04262831241391887,0.823560353822905,0.04262831241391887
49668,0.01632829912056491,0.15187732029523204,0.01632829912056491
49669,0.04410522539893122,0.8750062035476712,0.04410522539893122
49670,0.03420689496566941,0.08475415050272249,0.03420689496566941
49671,0.09925589806793207,0.8583546386072144,0.09925589806793207
49672,0.07540088072183036,0.340260226561728,0.07540088072183036
49673,0.052213135436822954,0.2491597090339875,0.052213135436822954
49674,0.02334774930811275,0.49826680398594597,0.02334774930811275
49675,0.2332620831175427,0.38290956777972085,0.2332620831175427
49676,0.19489569487214867,0.5587951015244272,0.19489569487214867
49677,0.10172699897589019,0.27396993851731033,0.10172699897589019
49678,0.22983909772481745,0.44955126116592387,0.22983909772481745
49679,0.027968629729011128,0.09742562843169504,0.027968629729011128
49680,0.7687814312032015,0.9109146262583934,0.7687814312032015
49681,0.1845562412248457,0.49611961804264915,0.1845562412248457
49682,0.3649238521751318,0.6876115402800812,0.3649238521751318
49683,0.5587778670182293,0.5945877520146865,0.5587778670182293
49684,0.5585161142460975,0.608131400726985,0.5585161142460975
49685,0.022209498628404642,0.06314804369529868,0.022209498628404642
49686,0.06870024987931317,0.34139349896298776,0.06870024987931317
49687,0.41463073654253463,0.47726637079192313,0.41463073654253463
49688,0.03913207912988898,0.7880260632266619,0.03913207912988898
49689,0.037074820281338176,0.088674658929247,0.037074820281338176
49690,0.030815635107110835,0.3506960345510747,0.030815635107110835
49691,0.08811256379453168,0.6655079786314236,0.08811256379453168
49692,0.3096617060647883,0.4814565043829687,0.3096617060647883
49693,0.15395302119585627,0.21618490595090625,0.15395302119585627
49694,0.07756600525793407,0.45391393230686766,0.07756600525793407
49695,0.5101078595506269,0.5179741205817542,0.5101078595506269
49696,0.02059481756630216,0.5193878520875498,0.02059481756630216
49697,0.04155060536687718,0.39386699321573654,0.04155060536687718
49698,0.10520695196218632,0.3157043166741796,0.10520695196218632
49699,0.15423721267346874,0.21286110924059645,0.15423721267346874
49700,0.7304938722870397,0.9208597121678408,0.7304938722870397
49701,0.03888408077816093,0.022775585312391846,0.03888408077816093
49702,0.27237497568943075,0.8567446749093408,0.27237497568943075
49703,0.03315113695471019,0.19382700398532968,0.03315113695471019
49704,0.00414656119037315,0.005039094325296003,0.00414656119037315
49705,0.12611568727245598,0.24645357503867424,0.12611568727245598
49706,0.07810838402257225,0.8488685902131147,0.07810838402257225
49707,0.13221917795693952,0.782759888544253,0.13221917795693952
49708,0.06871098611543078,0.11314034166421565,0.06871098611543078
49709,0.0342265059385074,0.041811725954339955,0.0342265059385074
49710,0.16579652181801874,0.42091883588883844,0.16579652181801874
49711,0.21727451545363946,0.7983193909928826,0.21727451545363946
49712,0.01333866916317402,0.039241305282106224,0.01333866916317402
49713,0.48441451090256066,0.39924990208257183,0.48441451090256066
49714,0.33626914130324537,0.7914551077768095,0.33626914130324537
49715,0.04848281098672265,0.05633516278671702,0.04848281098672265
49716,0.07383850117250895,0.43965843062897225,0.07383850117250895
49717,0.32974842208741656,0.2796574070231505,0.32974842208741656
49718,0.028849240522018735,0.3132427958040018,0.028849240522018735
49719,0.5280622856907999,0.5460104146468971,0.5280622856907999
49720,0.06674982865458352,0.5006900159421315,0.06674982865458352
49721,0.1686737993837133,0.16690492470909665,0.1686737993837133
49722,0.02915658089125085,0.10483630855450025,0.02915658089125085
49723,0.18230848198416721,0.6281080785621717,0.18230848198416721
49724,0.7458788600922975,0.4938711891397218,0.7458788600922975
49725,0.05006834593036242,0.26730545825938845,0.05006834593036242
49726,0.03481211481482593,0.02629463178898971,0.03481211481482593
49727,0.04525106195069281,0.11154434031743357,0.04525106195069281
49728,0.08254034003926601,0.12434114647911693,0.08254034003926601
49729,0.02208265985267431,0.167382728283348,0.02208265985267431
49730,0.5502106347058864,0.5561565119722406,0.5502106347058864
49731,0.024989491659810043,0.05717040945569372,0.024989491659810043
49732,0.1672576224804544,0.14889282264567805,0.1672576224804544
49733,0.09885681688982645,0.1555869131088549,0.09885681688982645
49734,0.07955584783794495,0.34831118291924884,0.07955584783794495
49735,0.038668293063727543,0.17893212978300496,0.038668293063727543
49736,0.05160601202623549,0.07250388434289284,0.05160601202623549
49737,0.07353815912077132,0.16137946043043874,0.07353815912077132
49738,0.06350908722862755,0.47421658377628945,0.06350908722862755
49739,0.041723727041939634,0.11863928620227418,0.041723727041939634
49740,0.005143039004541262,0.028751625097431097,0.005143039004541262
49741,0.053894101589531875,0.11042231271628397,0.053894101589531875
49742,0.09431300260664308,0.28863362225754846,0.09431300260664308
49743,0.20977275439220028,0.6049195710740195,0.20977275439220028
49744,0.0514927266797494,0.1128592586189952,0.0514927266797494
49745,0.027862047818294617,0.05825295452643244,0.027862047818294617
49746,0.0323383585131742,0.07667250856039558,0.0323383585131742
49747,0.030663056554976108,0.46886414480062855,0.030663056554976108
49748,0.09250710464285793,0.4305288965248827,0.09250710464285793
49749,0.1547127564690612,0.8243048771247904,0.1547127564690612
49750,0.3314746115913732,0.32650813312083693,0.3314746115913732
49751,0.22838204182683866,0.4735033191653618,0.22838204182683866
49752,0.054540547323707396,0.13375392346066242,0.054540547323707396
49753,0.017875668656950512,0.19603005375427107,0.017875668656950512
49754,0.015046874954634203,0.16472275047123416,0.015046874954634203
49755,0.20659114909843534,0.4040852389007741,0.20659114909843534
49756,0.028420228948095975,0.3126953862801233,0.028420228948095975
49757,0.035182915672796265,0.24674741776601214,0.035182915672796265
49758,0.19662044236389536,0.18471825133435493,0.19662044236389536
49759,0.35982595095313263,0.842397819598546,0.35982595095313263
49760,0.28445751752662707,0.5499315904023981,0.28445751752662707
49761,0.04057910631529198,0.0668537888599147,0.04057910631529198
49762,0.09736758628934485,0.32203320013063397,0.09736758628934485
49763,0.11268719193169568,0.4210833752055676,0.11268719193169568
49764,0.6637746540439694,0.8556676685780957,0.6637746540439694
49765,0.042943123379874375,0.1822585388201571,0.042943123379874375
49766,0.23537461983790126,0.21508944764541074,0.23537461983790126
49767,0.025574756389033993,0.07494157116965097,0.025574756389033993
49768,0.10052113125161759,0.5682402896031954,0.10052113125161759
49769,0.12539880273842255,0.3798326398414409,0.12539880273842255
49770,0.34625667171244434,0.6475479549628357,0.34625667171244434
49771,0.5747297769251345,0.8372487765070379,0.5747297769251345
49772,0.040252924090212534,0.24744811909093387,0.040252924090212534
49773,0.10774526490489918,0.32038489503323697,0.10774526490489918
49774,0.06770487702981645,0.7545439906483858,0.06770487702981645
49775,0.04283509328687604,0.29354061367369916,0.04283509328687604
49776,0.032547359920198714,0.20921589683601827,0.032547359920198714
49777,0.4425935734908742,0.16584490267875968,0.4425935734908742
49778,0.08066873338673897,0.12533147056583424,0.08066873338673897
49779,0.11586660792709869,0.7539103194010229,0.11586660792709869
49780,0.021620967097231766,0.06971872257989944,0.021620967097231766
49781,0.02023623240309514,0.027269731093598502,0.02023623240309514
49782,0.05915139011642554,0.22402024889057373,0.05915139011642554
49783,0.11283692617870042,0.5462040449191253,0.11283692617870042
49784,0.06974768730115628,0.6123427374623478,0.06974768730115628
49785,0.06480515265082078,0.19349529910830482,0.06480515265082078
49786,0.04720771694948024,0.8279309932247108,0.04720771694948024
49787,0.03696990628028711,0.2949709708000223,0.03696990628028711
49788,0.046528686420813745,0.10000470961342485,0.046528686420813745
49789,0.12413023304306124,0.24393415060876536,0.12413023304306124
49790,0.04915856514141514,0.12812806751791642,0.04915856514141514
49791,0.7748636272719615,0.4277968219098219,0.7748636272719615
49792,0.23699428642003603,0.8309163636369405,0.23699428642003603
49793,0.18550031222084673,0.274347360436353,0.18550031222084673
49794,0.48733898738277015,0.5188293498295801,0.48733898738277015
49795,0.034811682883763025,0.16920110605683467,0.034811682883763025
49796,0.04096708947461587,0.4976773166261243,0.04096708947461587
49797,0.2391423149973168,0.8748592517569604,0.2391423149973168
49798,0.12909965583159463,0.10702742369703182,0.12909965583159463
49799,0.10298916398093645,0.3410909302402722,0.10298916398093645
49800,0.03351354316257892,0.49498893452403736,0.03351354316257892
49801,0.6386736209925933,0.8405711900605727,0.6386736209925933
49802,0.3056551539242465,0.276418015479918,0.3056551539242465
49803,0.08857540391905316,0.2427597524425064,0.08857540391905316
49804,0.633114476192177,0.2797842228296944,0.633114476192177
49805,0.07000759620753058,0.4370763862401822,0.07000759620753058
49806,0.054150468350294495,0.1569704076159297,0.054150468350294495
49807,0.05881960610363386,0.26395460687871874,0.05881960610363386
49808,0.6640936862634245,0.8470510060086149,0.6640936862634245
49809,0.22060576361756606,0.27948558465340545,0.22060576361756606
49810,0.014741014340405525,0.1288329089096227,0.014741014340405525
49811,0.11822414879379184,0.25863448694660635,0.11822414879379184
49812,0.2729017567853457,0.6147920259293609,0.2729017567853457
49813,0.050746265190365146,0.26339943916728115,0.050746265190365146
49814,0.024727550050133315,0.03229614331055952,0.024727550050133315
49815,0.06207611209519327,0.3122510412263533,0.06207611209519327
49816,0.09607265879124248,0.35341089734270675,0.09607265879124248
49817,0.09881714093389657,0.8282623720886142,0.09881714093389657
49818,0.28043709151118307,0.42251987353484494,0.28043709151118307
49819,0.246320703058924,0.23475001725238823,0.246320703058924
49820,0.8095949532388828,0.8943539685881169,0.8095949532388828
49821,0.5709391424376565,0.3293163554092198,0.5709391424376565
49822,0.04769627733052151,0.04736973464309996,0.04769627733052151
49823,0.027775858992846472,0.1141487907457033,0.027775858992846472
49824,0.03483380372703675,0.2031335797843432,0.03483380372703675
49825,0.08550550969759775,0.16664106445046217,0.08550550969759775
49826,0.3331573564881506,0.26229086642384125,0.3331573564881506
49827,0.4757844280772287,0.5510479207195135,0.4757844280772287
49828,0.22132353168185567,0.497891997270716,0.22132353168185567
49829,0.6775325437933978,0.8448289580347212,0.6775325437933978
49830,0.1336186698807609,0.5439340661720965,0.1336186698807609
49831,0.7044573377358475,0.4918019984581706,0.7044573377358475
49832,0.12027926243448797,0.695917194435857,0.12027926243448797
49833,0.056562016416389437,0.5638565975231836,0.056562016416389437
49834,0.13308094441049703,0.6698893205577666,0.13308094441049703
49835,0.03218598002471241,0.15161783045436666,0.03218598002471241
49836,0.14192228537082566,0.8165739776756198,0.14192228537082566
49837,0.03238318131022991,0.3868019916382395,0.03238318131022991
49838,0.16233772424919757,0.5078712001107121,0.16233772424919757
49839,0.20608747745039613,0.21915717792731643,0.20608747745039613
49840,0.21298324223082452,0.3352129847883642,0.21298324223082452
49841,0.08228979013678318,0.48955404313263734,0.08228979013678318
49842,0.08232464261848538,0.3063349296082156,0.08232464261848538
49843,0.03941863845297075,0.620594570253062,0.03941863845297075
49844,0.0946952369057893,0.31039876158872853,0.0946952369057893
49845,0.3955098743944182,0.4152574154810142,0.3955098743944182
49846,0.043662833424025785,0.16180849677546905,0.043662833424025785
49847,0.14233358689322712,0.8054625128555394,0.14233358689322712
49848,0.028896649073086405,0.1760695722790108,0.028896649073086405
49849,0.08844373404657631,0.36581815452521477,0.08844373404657631
49850,0.0969578140253987,0.6592588216129475,0.0969578140253987
49851,0.03254477314205228,0.35718695916846327,0.03254477314205228
49852,0.0695141812916223,0.2405659954332982,0.0695141812916223
49853,0.07270658596590632,0.06966972676665906,0.07270658596590632
49854,0.06960194537373496,0.39981291648244716,0.06960194537373496
49855,0.3803656554838349,0.9025732091297366,0.3803656554838349
49856,0.06738994461202132,0.3722024049239986,0.06738994461202132
49857,0.14157310263185413,0.37096825833623337,0.14157310263185413
49858,0.02812942126010182,0.34203498444642566,0.02812942126010182
49859,0.5152794587862849,0.6532122637037477,0.5152794587862849
49860,0.047602466906146515,0.22937510067404482,0.047602466906146515
49861,0.2033203962347636,0.8561804838581275,0.2033203962347636
49862,0.2221889212325404,0.753357617979929,0.2221889212325404
49863,0.043554997346534965,0.3034069351207822,0.043554997346534965
49864,0.08185267896174706,0.22545934115803673,0.08185267896174706
49865,0.1848173193891383,0.31770115630155565,0.1848173193891383
49866,0.184433344703773,0.5666051450742655,0.184433344703773
49867,0.050648188935656244,0.3107711379569059,0.050648188935656244
49868,0.09341641754892803,0.5228177840018625,0.09341641754892803
49869,0.187373973850543,0.8986389396398158,0.187373973850543
49870,0.2505511886514178,0.776246703975103,0.2505511886514178
49871,0.09029741110678724,0.279361634506262,0.09029741110678724
49872,0.07392475161272148,0.4802266296519856,0.07392475161272148
49873,0.11419378425529665,0.8745446056935564,0.11419378425529665
49874,0.05580632081904257,0.2950249431522673,0.05580632081904257
49875,0.03006691791327062,0.23262383949599819,0.03006691791327062
49876,0.4222953580211731,0.9392311952247477,0.4222953580211731
49877,0.2105715884056634,0.45333770187242955,0.2105715884056634
49878,0.022367321468187807,0.10020566733105588,0.022367321468187807
49879,0.055049357261814924,0.2384613471154484,0.055049357261814924
49880,0.033002540128872396,0.05710727396917864,0.033002540128872396
49881,0.1732896476746753,0.18495068439845863,0.1732896476746753
49882,0.15749469072064642,0.7554141578963668,0.15749469072064642
49883,0.045462993205309,0.8754996054937579,0.045462993205309
49884,0.21136648640819766,0.519005103898621,0.21136648640819766
49885,0.38362059308129104,0.893581614174123,0.38362059308129104
49886,0.10689910884998588,0.48485030004198515,0.10689910884998588
49887,0.7016730803753434,0.34887540327817085,0.7016730803753434
49888,0.03596808925033002,0.3074455559912753,0.03596808925033002
49889,0.10057761766952567,0.386592924991324,0.10057761766952567
49890,0.04361147152995436,0.2087957088903858,0.04361147152995436
49891,0.053210532446183116,0.35373990205657646,0.053210532446183116
49892,0.034147094897872585,0.2980006144361417,0.034147094897872585
49893,0.4913066137461785,0.6841507556837063,0.4913066137461785
49894,0.1047064316161133,0.1859096075589149,0.1047064316161133
49895,0.1162366671650854,0.7929194750714709,0.1162366671650854
49896,0.04532309062218237,0.09735920495540493,0.04532309062218237
49897,0.025018486046239935,0.2031941976873905,0.025018486046239935
49898,0.08064571407410431,0.29658442658847334,0.08064571407410431
49899,0.4599130513170436,0.15827434228086212,0.4599130513170436
49900,0.03471733542196462,0.34457804368772554,0.03471733542196462
49901,0.15041200020774043,0.6197958535711251,0.15041200020774043
49902,0.033166613910424116,0.2886957125724965,0.033166613910424116
49903,0.03460022424898955,0.15299357424376647,0.03460022424898955
49904,0.04268158050523142,0.26906781551403003,0.04268158050523142
49905,0.6331391510320373,0.8728141563367147,0.6331391510320373
49906,0.08373835265589728,0.07357176021484643,0.08373835265589728
49907,0.040343687296623354,0.555747490611682,0.040343687296623354
49908,0.03231193918056223,0.010563297247220759,0.03231193918056223
49909,0.13090357184252524,0.7186105212756161,0.13090357184252524
49910,0.06548624266784611,0.07299841314153631,0.06548624266784611
49911,0.051364789068036265,0.49346567634735744,0.051364789068036265
49912,0.05401487036989429,0.25226398500252867,0.05401487036989429
49913,0.04423957421951187,0.04152166046986921,0.04423957421951187
49914,0.0096987173130837,0.10030298832435876,0.0096987173130837
49915,0.03270930006213643,0.03337458907642342,0.03270930006213643
49916,0.1138145462540676,0.34726855876493823,0.1138145462540676
49917,0.8781254002144264,0.9158093478270307,0.8781254002144264
49918,0.08742428201925401,0.3550574084833419,0.08742428201925401
49919,0.021380458842237604,0.05477760736246531,0.021380458842237604
49920,0.7170751553789461,0.9235785264533072,0.7170751553789461
49921,0.43371265240278184,0.1622581124777033,0.43371265240278184
49922,0.6181380969256485,0.7986225854066714,0.6181380969256485
49923,0.0721060989505654,0.5454103846651264,0.0721060989505654
49924,0.039483415719342954,0.47787211321613043,0.039483415719342954
49925,0.15676437539802113,0.2968395607687833,0.15676437539802113
49926,0.038124895619777444,0.0803613498216773,0.038124895619777444
49927,0.032006008362031414,0.16172765262591968,0.032006008362031414
49928,0.2972883869422498,0.21731679353841604,0.2972883869422498
49929,0.06267513920911384,0.16871398904357782,0.06267513920911384
49930,0.07732200514134924,0.4260050825210874,0.07732200514134924
49931,0.3923198040101098,0.2700234871145623,0.3923198040101098
49932,0.037650494996215075,0.4624986279822768,0.037650494996215075
49933,0.20129234491224524,0.4574267470840769,0.20129234491224524
49934,0.0371383261015886,0.34125028400603513,0.0371383261015886
49935,0.09526789609374664,0.17449424667136018,0.09526789609374664
49936,0.282100095183158,0.309398556593429,0.282100095183158
49937,0.10458136786882431,0.4219288694134805,0.10458136786882431
49938,0.5006604925559163,0.22460414124806583,0.5006604925559163
49939,0.022621680445030063,0.19997267483735856,0.022621680445030063
49940,0.6317236342115488,0.7266888179088645,0.6317236342115488
49941,0.5214049784261484,0.7083903565161591,0.5214049784261484
49942,0.04159362971680821,0.1930711458078445,0.04159362971680821
49943,0.08334710119390058,0.2333169989805967,0.08334710119390058
49944,0.3209599941230334,0.702180568283925,0.3209599941230334
49945,0.050216040997397314,0.08789978459566104,0.050216040997397314
49946,0.09151030137086667,0.2400429109236314,0.09151030137086667
49947,0.11491771247917228,0.26165185195721224,0.11491771247917228
49948,0.06407149501576626,0.5857588936817707,0.06407149501576626
49949,0.8333235140495586,0.5528338185413434,0.8333235140495586
49950,0.03372909569556426,0.16707284154420748,0.03372909569556426
49951,0.08532547853949825,0.2735880705207379,0.08532547853949825
49952,0.7409149141779338,0.907446979032926,0.7409149141779338
49953,0.05057611543478017,0.27035902291609315,0.05057611543478017
49954,0.04078897598132692,0.22700584387254802,0.04078897598132692
49955,0.41845319305070844,0.44930896827380695,0.41845319305070844
49956,0.022923718872963666,0.026680455253921136,0.022923718872963666
49957,0.06358015244939413,0.10290152560372808,0.06358015244939413
49958,0.04771270812001727,0.2827930384143136,0.04771270812001727
49959,0.13460052779728432,0.3880502022143363,0.13460052779728432
49960,0.10825447265191535,0.6450780936460833,0.10825447265191535
49961,0.04027710100830547,0.7747926307298848,0.04027710100830547
49962,0.02405797445651525,0.08981910010939946,0.02405797445651525
49963,0.7333384870096421,0.8538021078409869,0.7333384870096421
49964,0.09429159687724484,0.33800159155608267,0.09429159687724484
49965,0.04685227963290107,0.3920579034625039,0.04685227963290107
49966,0.0905028617882069,0.14878737285536495,0.0905028617882069
49967,0.08870352778463869,0.5761020982052704,0.08870352778463869
49968,0.027289282802109835,0.014042316351209292,0.027289282802109835
49969,0.03378900046556752,0.264780804649906,0.03378900046556752
49970,0.21368227168516393,0.3543888763094168,0.21368227168516393
49971,0.14854679585095584,0.8372145910145418,0.14854679585095584
49972,0.02563412694487274,0.24501200121293992,0.02563412694487274
49973,0.1641897624057517,0.8596445747528862,0.1641897624057517
49974,0.04764650795121873,0.21164424893741024,0.04764650795121873
49975,0.42262676877489114,0.21555407484776895,0.42262676877489114
49976,0.29450806156563475,0.27285511948635555,0.29450806156563475
49977,0.5228055368296642,0.4788596951942324,0.5228055368296642
49978,0.04846860580723285,0.4663251930878249,0.04846860580723285
49979,0.7046740118404663,0.6576713091623271,0.7046740118404663
49980,0.06835490927229647,0.5948944033864155,0.06835490927229647
49981,0.04604769189689071,0.061322153611570444,0.04604769189689071
49982,0.08091043933648545,0.6962534709896032,0.08091043933648545
49983,0.027243832282238704,0.05160765584086732,0.027243832282238704
49984,0.1893136397619755,0.5224467042142843,0.1893136397619755
49985,0.020386886556807052,0.44147770224898625,0.020386886556807052
49986,0.30539925746028607,0.3744407003542363,0.30539925746028607
49987,0.21791602958832615,0.125713488336609,0.21791602958832615
49988,0.5430966518979968,0.4135226102905707,0.5430966518979968
49989,0.09417837737124345,0.42872026454605167,0.09417837737124345
49990,0.10201121592500272,0.3283709223376622,0.10201121592500272
49991,0.3317753960833357,0.7635202521244789,0.3317753960833357
49992,0.028601888197287817,0.21785461643157925,0.028601888197287817
49993,0.15732000527736847,0.56091783675224,0.15732000527736847
49994,0.020942370228611052,0.33533837343524486,0.020942370228611052
49995,0.1618048027289753,0.12433887597154326,0.1618048027289753
49996,0.11304161322051699,0.4558046332881125,0.11304161322051699
49997,0.043635848314304664,0.712647660916234,0.043635848314304664
49998,0.2020650475801318,0.24274126599858825,0.2020650475801318
49999,0.04253054987211356,0.06393979873189883,0.04253054987211356
50000,0.046195697120250144,0.15346475174296026,0.046195697120250144
50001,0.01426713676549345,0.05611029000300061,0.01426713676549345
50002,0.5688106726561455,0.49261329929397263,0.5688106726561455
50003,0.09519409603941655,0.28570821804160346,0.09519409603941655
50004,0.12618032115129887,0.31973408414704974,0.12618032115129887
50005,0.2871733434722051,0.8529433640303837,0.2871733434722051
50006,0.2976660780511674,0.12925772454835022,0.2976660780511674
50007,0.04276818771310381,0.3071323458061063,0.04276818771310381
50008,0.06808630794022393,0.05666027538087565,0.06808630794022393
50009,0.011990097862106038,0.037299523492650095,0.011990097862106038
50010,0.043998065216426914,0.297239320209378,0.043998065216426914
50011,0.013229414291209975,0.11065279042126745,0.013229414291209975
50012,0.27069205002583213,0.8421863856888304,0.27069205002583213
50013,0.24965616518710942,0.5944945680570883,0.24965616518710942
50014,0.05987576480663011,0.2771928365935961,0.05987576480663011
50015,0.11902346933053401,0.1624809659504291,0.11902346933053401
50016,0.026797911946970038,0.0405494699900538,0.026797911946970038
50017,0.05356905297466297,0.14768737613478078,0.05356905297466297
50018,0.20271358534706055,0.1795866396485279,0.20271358534706055
50019,0.11907742563959636,0.76528669394535,0.11907742563959636
50020,0.047404980442050236,0.596843662166527,0.047404980442050236
50021,0.054239802364244596,0.12773248838028084,0.054239802364244596
50022,0.053389523246342156,0.38572302329779495,0.053389523246342156
50023,0.4022985149807764,0.2373832690888462,0.4022985149807764
50024,0.6936305674050262,0.7801003991370851,0.6936305674050262
50025,0.09257263297392475,0.35040520025225075,0.09257263297392475
50026,0.05365348065462326,0.4593165610845417,0.05365348065462326
50027,0.05104288543044027,0.6184651784453595,0.05104288543044027
50028,0.04102124406360565,0.057581869515913965,0.04102124406360565
50029,0.16672985957481506,0.8330635553035735,0.16672985957481506
50030,0.023395303927496443,0.02532137461413173,0.023395303927496443
50031,0.06310060961049296,0.39726483996363293,0.06310060961049296
50032,0.008764643477083042,0.1474075719737752,0.008764643477083042
50033,0.11360951082128448,0.4176775361633435,0.11360951082128448
50034,0.025127462902504033,0.07368070330603826,0.025127462902504033
50035,0.10125779953562715,0.6430290566410278,0.10125779953562715
50036,0.04355427435666548,0.6969664068955679,0.04355427435666548
50037,0.1261955024221382,0.6894262781585251,0.1261955024221382
50038,0.07495795230757968,0.15366696863668994,0.07495795230757968
50039,0.07908528622928755,0.5518056976863656,0.07908528622928755
50040,0.1677475917016728,0.31302960431585075,0.1677475917016728
50041,0.038447274067665654,0.49557026386144226,0.038447274067665654
50042,0.05178349725683868,0.3520945592735748,0.05178349725683868
50043,0.09364676482585205,0.16876717419931841,0.09364676482585205
50044,0.06335828114141964,0.0624784446116787,0.06335828114141964
50045,0.5824040625386008,0.5583257126338939,0.5824040625386008
50046,0.02696338287558799,0.425990255380189,0.02696338287558799
50047,0.032684316445774714,0.2130732538330109,0.032684316445774714
50048,0.057243607042184855,0.285758121586848,0.057243607042184855
50049,0.3532929051020135,0.35320293265373787,0.3532929051020135
50050,0.13817799983857493,0.579578837373201,0.13817799983857493
50051,0.2247541937424806,0.7225889075822598,0.2247541937424806
50052,0.10036586277349922,0.38659245642698903,0.10036586277349922
50053,0.05402796588867552,0.34636073357968944,0.05402796588867552
50054,0.38576500880025755,0.7300232724800078,0.38576500880025755
50055,0.030821527210590755,0.23574136850820746,0.030821527210590755
50056,0.020463531090057968,0.1403827110957661,0.020463531090057968
50057,0.1181158590957269,0.36908231671849234,0.1181158590957269
50058,0.013841484266071239,0.017789386473909083,0.013841484266071239
50059,0.028857539518244192,0.05301052339431131,0.028857539518244192
50060,0.06026939776049587,0.40073557507950347,0.06026939776049587
50061,0.03363103629774924,0.09409509740333613,0.03363103629774924
50062,0.023732036870985927,0.046015393131169785,0.023732036870985927
50063,0.02676461142049811,0.16519872064639027,0.02676461142049811
50064,0.043478886748899125,0.16354935285210206,0.043478886748899125
50065,0.029522820440276213,0.05634072415530444,0.029522820440276213
50066,0.28480719569263907,0.29943748618698146,0.28480719569263907
50067,0.12120741530622481,0.6784382082929782,0.12120741530622481
50068,0.39944012409442575,0.66225836206916,0.39944012409442575
50069,0.0669324533246213,0.5192954318586631,0.0669324533246213
50070,0.03743609753860119,0.20067956963304237,0.03743609753860119
50071,0.030685669487528516,0.3359771238834796,0.030685669487528516
50072,0.4653053773715261,0.7131419131625009,0.4653053773715261
50073,0.2962063977322964,0.5590596076424144,0.2962063977322964
50074,0.06973728438818051,0.5177400796980082,0.06973728438818051
50075,0.7783786362174554,0.4495220038930349,0.7783786362174554
50076,0.5021059089420424,0.6396001868492139,0.5021059089420424
50077,0.5335660475996941,0.891058900450884,0.5335660475996941
50078,0.16957455906125418,0.17468289616354754,0.16957455906125418
50079,0.019131338854668778,0.07408672054880418,0.019131338854668778
50080,0.0897185867119567,0.15100946071196836,0.0897185867119567
50081,0.7831555426101791,0.8196134954984295,0.7831555426101791
50082,0.38733212752709456,0.3341581025073601,0.38733212752709456
50083,0.3596138419669813,0.5386139215845194,0.3596138419669813
50084,0.06463018330687328,0.09973470394525925,0.06463018330687328
50085,0.35181542618442907,0.36813939164797793,0.35181542618442907
50086,0.08423796719816931,0.32466113828606774,0.08423796719816931
50087,0.1156203896156701,0.18379337825487027,0.1156203896156701
50088,0.04854408125958277,0.1109710238472096,0.04854408125958277
50089,0.14683740638210827,0.2932465069915234,0.14683740638210827
50090,0.020022218648019046,0.12925559293915484,0.020022218648019046
50091,0.06958511617463731,0.3324644170011145,0.06958511617463731
50092,0.03688353866077876,0.11894064899427485,0.03688353866077876
50093,0.6154774690457332,0.5795908969848313,0.6154774690457332
50094,0.4076372953284023,0.41142062470924257,0.4076372953284023
50095,0.31522375647712686,0.8199532291538657,0.31522375647712686
50096,0.07341268565525749,0.18029879251811912,0.07341268565525749
50097,0.2554328505486905,0.8018372309326902,0.2554328505486905
50098,0.1706467727886934,0.7210332575999628,0.1706467727886934
50099,0.2983829202249599,0.7650182391253606,0.2983829202249599
50100,0.03925273515889795,0.33112137548952014,0.03925273515889795
50101,0.11311950852623036,0.6645053498661653,0.11311950852623036
50102,0.08272077351105575,0.2164313710557682,0.08272077351105575
50103,0.5518879891210191,0.7382659126442456,0.5518879891210191
50104,0.018013929376570845,0.333384918455494,0.018013929376570845
50105,0.03952170849503262,0.8890290343013874,0.03952170849503262
50106,0.04226147966670283,0.04271087783402779,0.04226147966670283
50107,0.04058258689728562,0.07452791684870863,0.04058258689728562
50108,0.04637890400830633,0.3159694474625986,0.04637890400830633
50109,0.04954285324034313,0.14808352039633732,0.04954285324034313
50110,0.47439558943955373,0.8491021581992909,0.47439558943955373
50111,0.16175014909221364,0.29008006731295516,0.16175014909221364
50112,0.27975962584480163,0.4793925670699683,0.27975962584480163
50113,0.025429075063502234,0.10334473078305204,0.025429075063502234
50114,0.04843552771925505,0.11956783105751774,0.04843552771925505
50115,0.0685391616752974,0.43420277645127303,0.0685391616752974
50116,0.3299616999378639,0.17072510447096678,0.3299616999378639
50117,0.09462870472464904,0.202745764471362,0.09462870472464904
50118,0.0148800015028142,0.1531049643696432,0.0148800015028142
50119,0.02025739887392538,0.020926728763131293,0.02025739887392538
50120,0.06098130021406916,0.07459570508359188,0.06098130021406916
50121,0.17280613535035758,0.28587704604671016,0.17280613535035758
50122,0.4645814894441641,0.6811160514145996,0.4645814894441641
50123,0.008970718258461217,0.05345295001623109,0.008970718258461217
50124,0.05233298467704529,0.07244398315850732,0.05233298467704529
50125,0.3605234149557029,0.3595785921760513,0.3605234149557029
50126,0.05485024847051754,0.7113025100707089,0.05485024847051754
50127,0.6577554432816974,0.5863050525289355,0.6577554432816974
50128,0.1023105227105894,0.6928923370316356,0.1023105227105894
50129,0.06826830231853576,0.22116163142125683,0.06826830231853576
50130,0.044924187521422076,0.2750463256992767,0.044924187521422076
50131,0.20391868389800955,0.42261545289815744,0.20391868389800955
50132,0.5540457510339,0.7175303412519722,0.5540457510339
50133,0.017398203639008434,0.14155240333100996,0.017398203639008434
50134,0.05907983995976268,0.47962287543438753,0.05907983995976268
50135,0.014449251184914266,0.0857795295803911,0.014449251184914266
50136,0.09858669424347886,0.39934813011390935,0.09858669424347886
50137,0.26059287427582406,0.3369360046700997,0.26059287427582406
50138,0.019924524745843185,0.16665508507490864,0.019924524745843185
50139,0.11871168009702092,0.7652342037669267,0.11871168009702092
50140,0.028947466206064545,0.07253808175255862,0.028947466206064545
50141,0.06362461257910705,0.072797996949229,0.06362461257910705
50142,0.1114396194994629,0.34647365465377067,0.1114396194994629
50143,0.3444446993306336,0.5413800664685381,0.3444446993306336
50144,0.10016915732692665,0.2734984998705542,0.10016915732692665
50145,0.016185466405081533,0.2543473932244265,0.016185466405081533
50146,0.29019994995062554,0.616499256127613,0.29019994995062554
50147,0.14032663257876105,0.2483173305056828,0.14032663257876105
50148,0.21032490936863107,0.2770381448394353,0.21032490936863107
50149,0.03537045785701748,0.1109346022097035,0.03537045785701748
50150,0.07450327242655216,0.21087795799352255,0.07450327242655216
50151,0.00598307087464162,0.056959944900341154,0.00598307087464162
50152,0.03705687616198789,0.4004288827392814,0.03705687616198789
50153,0.05529852356653816,0.12914897126879954,0.05529852356653816
50154,0.01603908279317955,0.5128096014582185,0.01603908279317955
50155,0.055184790993971035,0.1385131189781065,0.055184790993971035
50156,0.006614118850465121,0.053418717073341865,0.006614118850465121
50157,0.07493274892495246,0.2642447374605151,0.07493274892495246
50158,0.8451752441194276,0.7942270120581253,0.8451752441194276
50159,0.046751482035007424,0.895893073437797,0.046751482035007424
50160,0.013290931098356516,0.22520479407909869,0.013290931098356516
50161,0.12539569174133275,0.4952705668193859,0.12539569174133275
50162,0.08079963363318687,0.17899348384767075,0.08079963363318687
50163,0.0117975515280781,0.1527788147156221,0.0117975515280781
50164,0.06441617822874621,0.2817865007213987,0.06441617822874621
50165,0.049666242430904284,0.21222213515091476,0.049666242430904284
50166,0.16970854580189612,0.3760586590692029,0.16970854580189612
50167,0.06503981846984815,0.8213973453265324,0.06503981846984815
50168,0.025843056990360273,0.3289015953512332,0.025843056990360273
50169,0.010854006333895305,0.04005283856412756,0.010854006333895305
50170,0.06064082609731684,0.2809230222181673,0.06064082609731684
50171,0.10783010504663387,0.17873432346309165,0.10783010504663387
50172,0.03553757924819482,0.5967150865730726,0.03553757924819482
50173,0.26094430565987287,0.19156455722120533,0.26094430565987287
50174,0.08185506871909545,0.38186915012851225,0.08185506871909545
50175,0.19986333319747954,0.913724795632361,0.19986333319747954
50176,0.0697405333333914,0.1537220209189214,0.0697405333333914
50177,0.1919618523227244,0.06771412770891563,0.1919618523227244
50178,0.07048233961452148,0.49225078548674006,0.07048233961452148
50179,0.0255289145862937,0.2674403393321751,0.0255289145862937
50180,0.02776179052291803,0.019321839503622255,0.02776179052291803
50181,0.04794050856879515,0.11005055111023102,0.04794050856879515
50182,0.11265513952254126,0.1273026467772124,0.11265513952254126
50183,0.920624040095862,0.9361833283332421,0.920624040095862
50184,0.03667576006130708,0.19678257604784932,0.03667576006130708
50185,0.4060434755125469,0.01950247847712168,0.4060434755125469
50186,0.05162414049628014,0.16687312270547655,0.05162414049628014
50187,0.6571988810569781,0.8045243650461138,0.6571988810569781
50188,0.03615017529131429,0.16206038557386374,0.03615017529131429
50189,0.05827248926650826,0.05339036545247985,0.05827248926650826
50190,0.022229984785228855,0.40318101405148615,0.022229984785228855
50191,0.6214265346914722,0.5441673873772912,0.6214265346914722
50192,0.008026670964974112,0.007164850642156211,0.008026670964974112
50193,0.08972305359635983,0.36804233772214534,0.08972305359635983
50194,0.09677426663333166,0.3550077510355667,0.09677426663333166
50195,0.14486788819287272,0.7842513370171078,0.14486788819287272
50196,0.07348410420899136,0.40124604474554554,0.07348410420899136
50197,0.19756723765965012,0.25133932589797897,0.19756723765965012
50198,0.28220376445217543,0.6261029502191527,0.28220376445217543
50199,0.13382289691006563,0.6380186669547254,0.13382289691006563
50200,0.3191495287769807,0.7944750809786919,0.3191495287769807
50201,0.08176896334435578,0.9073280935587504,0.08176896334435578
50202,0.21613913193882642,0.3659205269636481,0.21613913193882642
50203,0.04602098626983449,0.04673116551534198,0.04602098626983449
50204,0.02383690014642142,0.07686989608596816,0.02383690014642142
50205,0.8406926681011632,0.9178848389974814,0.8406926681011632
50206,0.22854961339053653,0.4423729141792338,0.22854961339053653
50207,0.07796621323588732,0.20267548473586622,0.07796621323588732
50208,0.061969492175923464,0.4964187481723631,0.061969492175923464
50209,0.049513812975084795,0.11730001297736312,0.049513812975084795
50210,0.11971503807697365,0.4250102462348598,0.11971503807697365
50211,0.23911751532089087,0.8643719155682319,0.23911751532089087
50212,0.42383427253763345,0.8215437062997986,0.42383427253763345
50213,0.09283319157682873,0.24756609690839798,0.09283319157682873
50214,0.14845674052013177,0.5177883577106783,0.14845674052013177
50215,0.0728698750667451,0.1061719701205491,0.0728698750667451
50216,0.5917516689985503,0.9042051448862124,0.5917516689985503
50217,0.02689378745517377,0.11447139696002827,0.02689378745517377
50218,0.11988537285887998,0.1421813914359276,0.11988537285887998
50219,0.06502976231525452,0.1911894703022889,0.06502976231525452
50220,0.0397529785546312,0.31325963154115927,0.0397529785546312
50221,0.04005393163442978,0.2885658113975538,0.04005393163442978
50222,0.11119633632762399,0.2220655578293845,0.11119633632762399
50223,0.06524248331998214,0.05396637023326345,0.06524248331998214
50224,0.1279481833609567,0.853962454411751,0.1279481833609567
50225,0.530034313798564,0.7263029261949375,0.530034313798564
50226,0.08954128432570739,0.2989522411781093,0.08954128432570739
50227,0.28650893220516577,0.34284292971916636,0.28650893220516577
50228,0.02356521518730565,0.31634720244844666,0.02356521518730565
50229,0.0847366067234367,0.5273253278272744,0.0847366067234367
50230,0.02903099908729161,0.2692092405506134,0.02903099908729161
50231,0.4504278751517564,0.5914454701513867,0.4504278751517564
50232,0.04123923429412069,0.7233934896153059,0.04123923429412069
50233,0.5473970269716858,0.5494886242018437,0.5473970269716858
50234,0.35402210809574325,0.6416182863748702,0.35402210809574325
50235,0.0586561134443263,0.3177612747466247,0.0586561134443263
50236,0.038965203168310904,0.2110199180518119,0.038965203168310904
50237,0.04988560683867526,0.11419127482991782,0.04988560683867526
50238,0.754208880588294,0.8779582288387778,0.754208880588294
50239,0.0733467868449678,0.6442622681502643,0.0733467868449678
50240,0.02104287300094274,0.3620417224618377,0.02104287300094274
50241,0.02082228817518009,0.04777695656032041,0.02082228817518009
50242,0.13467221975922639,0.4544849594084483,0.13467221975922639
50243,0.027313632236747043,0.07979595865937604,0.027313632236747043
50244,0.10049907796414957,0.08930733005770838,0.10049907796414957
50245,0.10067966252111289,0.6106642763934902,0.10067966252111289
50246,0.09819333252681303,0.05060737221666833,0.09819333252681303
50247,0.2550191719114993,0.6191827550072844,0.2550191719114993
50248,0.17970075034757668,0.2882412817753329,0.17970075034757668
50249,0.14582278138796687,0.6372842927216594,0.14582278138796687
50250,0.29674744643756906,0.7216883196731263,0.29674744643756906
50251,0.019252627514549044,0.20997528451637487,0.019252627514549044
50252,0.15194153232002258,0.35173918995780457,0.15194153232002258
50253,0.250826007896875,0.9578144940400773,0.250826007896875
50254,0.07648621261633716,0.8208530069414698,0.07648621261633716
50255,0.09516300913044086,0.19488640155810275,0.09516300913044086
50256,0.06029932489141996,0.306812923513531,0.06029932489141996
50257,0.40292702840851696,0.6635677517677838,0.40292702840851696
50258,0.03853625891568882,0.1684225952579385,0.03853625891568882
50259,0.08466891399056273,0.816287309820279,0.08466891399056273
50260,0.05667554149762611,0.2926279072924182,0.05667554149762611
50261,0.8400993344175347,0.7343901984381579,0.8400993344175347
50262,0.05147043278215145,0.10450368266073129,0.05147043278215145
50263,0.04308019075312819,0.30439080471825397,0.04308019075312819
50264,0.017066800637277838,0.05670697149879247,0.017066800637277838
50265,0.579134409628509,0.6232454877295263,0.579134409628509
50266,0.07771969976625052,0.4779441379756283,0.07771969976625052
50267,0.10055076527421743,0.5787963490126309,0.10055076527421743
50268,0.07678173027666069,0.5236292558034373,0.07678173027666069
50269,0.2670203945616355,0.3209291824975101,0.2670203945616355
50270,0.11557488097335937,0.3627157672415946,0.11557488097335937
50271,0.021071856442426196,0.10111176397230662,0.021071856442426196
50272,0.040849058758629736,0.1686620335370025,0.040849058758629736
50273,0.08214492673997395,0.5154070773181108,0.08214492673997395
50274,0.2635370748504508,0.7697195860314268,0.2635370748504508
50275,0.052382246842537415,0.3642378233666706,0.052382246842537415
50276,0.01343613946600895,0.0548486878651171,0.01343613946600895
50277,0.01749758028405968,0.0767430399057313,0.01749758028405968
50278,0.40241861174704946,0.7237575810635738,0.40241861174704946
50279,0.06698430797980323,0.20216675467030848,0.06698430797980323
50280,0.055304427860721705,0.12652458059643298,0.055304427860721705
50281,0.024538649250550392,0.07185027344836487,0.024538649250550392
50282,0.02795423963268953,0.11124849423677252,0.02795423963268953
50283,0.2909203709998558,0.8884787583847846,0.2909203709998558
50284,0.134688228152355,0.27467388448952756,0.134688228152355
50285,0.3664082441663767,0.8172561386184322,0.3664082441663767
50286,0.014956784523294001,0.050230687034459855,0.014956784523294001
50287,0.18049275010429525,0.2025733145368612,0.18049275010429525
50288,0.04774308355027947,0.2815832989316174,0.04774308355027947
50289,0.2753217086096924,0.48406253716295106,0.2753217086096924
50290,0.04631171827621029,0.05154001081863808,0.04631171827621029
50291,0.5989935455069555,0.5399272582482951,0.5989935455069555
50292,0.09661506521375605,0.3342599261803658,0.09661506521375605
50293,0.1389404281263556,0.31610127822774997,0.1389404281263556
50294,0.1285950250003865,0.73839554365889,0.1285950250003865
50295,0.13350306352486133,0.09177350991998409,0.13350306352486133
50296,0.5922239518528453,0.5620553443895215,0.5922239518528453
50297,0.027642339424037543,0.355824789400123,0.027642339424037543
50298,0.03740156434058533,0.4071660337854612,0.03740156434058533
50299,0.055253528197441684,0.15811785649557136,0.055253528197441684
50300,0.21823478845508304,0.7954049540633689,0.21823478845508304
50301,0.023169917770441698,0.010423184806737163,0.023169917770441698
50302,0.5585167917736643,0.5359930403742514,0.5585167917736643
50303,0.5665954933198745,0.7629942090376074,0.5665954933198745
50304,0.4979532083736054,0.5498911684948649,0.4979532083736054
50305,0.08253960669552561,0.28461667221427867,0.08253960669552561
50306,0.014157762541004487,0.0647595868868276,0.014157762541004487
50307,0.04892410860396887,0.4212517864837494,0.04892410860396887
50308,0.14554734763416968,0.7368898414829906,0.14554734763416968
50309,0.04480467982173771,0.4876845852321825,0.04480467982173771
50310,0.5930100355852486,0.38239679978286567,0.5930100355852486
50311,0.5795446031268634,0.672189491053559,0.5795446031268634
50312,0.07334410722571415,0.11628941734053357,0.07334410722571415
50313,0.08459015473028547,0.06838684422160317,0.08459015473028547
50314,0.6745814969284298,0.7005566891637817,0.6745814969284298
50315,0.08442267006358797,0.5935892620304551,0.08442267006358797
50316,0.2449232864645331,0.6622863595085409,0.2449232864645331
50317,0.068767595034934,0.1550134077923304,0.068767595034934
50318,0.04372520725398456,0.2833702596184119,0.04372520725398456
50319,0.02653112390111075,0.4037593539439522,0.02653112390111075
50320,0.19538022170126496,0.4933942174951796,0.19538022170126496
50321,0.17564291814753977,0.7310512455113392,0.17564291814753977
50322,0.1055426065947782,0.33597123700740117,0.1055426065947782
50323,0.24686913464673685,0.5198370461135874,0.24686913464673685
50324,0.04685564052959965,0.2894238218117342,0.04685564052959965
50325,0.0964833026295931,0.6693190018375698,0.0964833026295931
50326,0.05555042208678095,0.2889494084072317,0.05555042208678095
50327,0.12590322719047567,0.8566484477803736,0.12590322719047567
50328,0.01069341988140564,0.3117186279039282,0.01069341988140564
50329,0.0957077030317086,0.4164120953015759,0.0957077030317086
50330,0.5431871994952839,0.5837587310582938,0.5431871994952839
50331,0.13441766405068292,0.19236307783583687,0.13441766405068292
50332,0.24512490511902818,0.6871564338488128,0.24512490511902818
50333,0.7385179295231216,0.6816430000886912,0.7385179295231216
50334,0.07966404085969002,0.6274937725458483,0.07966404085969002
50335,0.5138403880496792,0.4683614732321932,0.5138403880496792
50336,0.11139246111970025,0.8438998167049835,0.11139246111970025
50337,0.011561816436985964,0.020340690981374192,0.011561816436985964
50338,0.2789827239331904,0.7235886636350808,0.2789827239331904
50339,0.03281039743603133,0.4967712497361724,0.03281039743603133
50340,0.02923677600736621,0.053891978671844865,0.02923677600736621
50341,0.02304038195491035,0.06582249022938474,0.02304038195491035
50342,0.10445217088676319,0.27018420082049327,0.10445217088676319
50343,0.4664320976041453,0.4010113235537574,0.4664320976041453
50344,0.058893171022806536,0.6600790887010024,0.058893171022806536
50345,0.5125943698246168,0.5755334837500754,0.5125943698246168
50346,0.11626968385918467,0.5321073085944263,0.11626968385918467
50347,0.0666158757715919,0.3008577041629168,0.0666158757715919
50348,0.09995686869473176,0.04829983953997267,0.09995686869473176
50349,0.05046133265853438,0.0880669485643229,0.05046133265853438
50350,0.041218503923008055,0.04824412079255188,0.041218503923008055
50351,0.07179334814012311,0.16646844229969254,0.07179334814012311
50352,0.041664333774348625,0.05913000678474228,0.041664333774348625
50353,0.04116965587145507,0.35268462634618186,0.04116965587145507
50354,0.5613717676187474,0.21537271238840305,0.5613717676187474
50355,0.028062861485769884,0.1219506860406187,0.028062861485769884
50356,0.3776178662012151,0.07174661630789696,0.3776178662012151
50357,0.03915181128276888,0.0686290692381567,0.03915181128276888
50358,0.022988866152833635,0.31866846304273955,0.022988866152833635
50359,0.024003938933484577,0.14653760007819822,0.024003938933484577
50360,0.0071716208333409285,0.042534184838827385,0.0071716208333409285
50361,0.014686444259370103,0.12475350787571249,0.014686444259370103
50362,0.6890404933091219,0.6328327824803602,0.6890404933091219
50363,0.0679127547257888,0.2312962609942343,0.0679127547257888
50364,0.5139917031585702,0.8028534676886899,0.5139917031585702
50365,0.07379396411596185,0.3925136922963973,0.07379396411596185
50366,0.25637129015759297,0.37624972698631926,0.25637129015759297
50367,0.029018532685065983,0.16487149028971365,0.029018532685065983
50368,0.013017448403070704,0.5305870847340914,0.013017448403070704
50369,0.039464248950237396,0.12767898975337652,0.039464248950237396
50370,0.41255604019665704,0.6226650990646702,0.41255604019665704
50371,0.09014355321035983,0.23563513043435136,0.09014355321035983
50372,0.061834807143769294,0.23196821264917025,0.061834807143769294
50373,0.053761044617803504,0.24216501476478758,0.053761044617803504
50374,0.2122510014121426,0.40985370665573057,0.2122510014121426
50375,0.14916798127913455,0.2315081853812164,0.14916798127913455
50376,0.13462672498685063,0.24073464114909796,0.13462672498685063
50377,0.23114973835668484,0.6828487919959176,0.23114973835668484
50378,0.026267629551648308,0.046338692301509256,0.026267629551648308
50379,0.23155979873260246,0.6150332109047509,0.23155979873260246
50380,0.15717531678536695,0.3290413845476316,0.15717531678536695
50381,0.01667728958052874,0.0709057206237892,0.01667728958052874
50382,0.0896424624372155,0.4306759875883227,0.0896424624372155
50383,0.13766351917107678,0.5150091121987709,0.13766351917107678
50384,0.053295641327168054,0.14554306623424304,0.053295641327168054
50385,0.026544452164168876,0.23400990365550783,0.026544452164168876
50386,0.7070345503065862,0.46561990775481227,0.7070345503065862
50387,0.02911831857037521,0.05731344751892581,0.02911831857037521
50388,0.010183988421549833,0.22163310969341826,0.010183988421549833
50389,0.019442356687789195,0.06337101192189028,0.019442356687789195
50390,0.13340283258211177,0.5765452173781693,0.13340283258211177
50391,0.06165553896195908,0.5641573471205868,0.06165553896195908
50392,0.08607194999293173,0.05414033900969278,0.08607194999293173
50393,0.10247847014594363,0.6974471652437928,0.10247847014594363
50394,0.18891883969686418,0.36090365630535653,0.18891883969686418
50395,0.665786989737134,0.4343232452575825,0.665786989737134
50396,0.050676947814693354,0.07081251829930342,0.050676947814693354
50397,0.20146827063427217,0.4205690487964419,0.20146827063427217
50398,0.05839441299696251,0.27701111927442484,0.05839441299696251
50399,0.09911530775527108,0.8121650649789179,0.09911530775527108
50400,0.04800219398986241,0.7947308462075718,0.04800219398986241
50401,0.26731842153783564,0.08344899217103352,0.26731842153783564
50402,0.26668466551640574,0.8043202913449831,0.26668466551640574
50403,0.08089667778947472,0.23604621620687033,0.08089667778947472
50404,0.10780537888302756,0.28065928920123917,0.10780537888302756
50405,0.49726910621309384,0.46775955516552814,0.49726910621309384
50406,0.10798252095194194,0.6455485794074123,0.10798252095194194
50407,0.04653543428135935,0.2969219896122569,0.04653543428135935
50408,0.10575429977339859,0.45711779213992093,0.10575429977339859
50409,0.24473783453277884,0.7315779988093033,0.24473783453277884
50410,0.03838784806736534,0.052192879380973736,0.03838784806736534
50411,0.3110704699045059,0.6499762602061628,0.3110704699045059
50412,0.35852878328858956,0.3793754018980833,0.35852878328858956
50413,0.17604778643617633,0.1672355136981932,0.17604778643617633
50414,0.050046260215648924,0.08900714940090458,0.050046260215648924
50415,0.09962909275681359,0.10780535615403085,0.09962909275681359
50416,0.05278653404219064,0.2566582169824606,0.05278653404219064
50417,0.08077338662910076,0.37374291617807887,0.08077338662910076
50418,0.2765777225510735,0.7418474158912666,0.2765777225510735
50419,0.08959151761067427,0.11664685695426434,0.08959151761067427
50420,0.06717904135967025,0.4350402571235673,0.06717904135967025
50421,0.08470460256483116,0.2059917953981208,0.08470460256483116
50422,0.11798092750657697,0.32962522273342604,0.11798092750657697
50423,0.22190471625435335,0.8378795714718624,0.22190471625435335
50424,0.525406795710249,0.6722010662385013,0.525406795710249
50425,0.08281150127107065,0.8933755307847133,0.08281150127107065
50426,0.029831010456587093,0.8472900035375549,0.029831010456587093
50427,0.07808420798951925,0.10671928587376582,0.07808420798951925
50428,0.6341444979338382,0.6133296752086491,0.6341444979338382
50429,0.07310203417007378,0.3144387047172456,0.07310203417007378
50430,0.02860740196468372,0.046182232559545074,0.02860740196468372
50431,0.02325085329951508,0.1375804183912661,0.02325085329951508
50432,0.043343417351852334,0.7509119405888917,0.043343417351852334
50433,0.057535329237301494,0.09732668110907765,0.057535329237301494
50434,0.05951814775762005,0.44550984240208263,0.05951814775762005
50435,0.49757322632915657,0.5527214687042071,0.49757322632915657
50436,0.08960406979916011,0.7097684751090821,0.08960406979916011
50437,0.06222596595905646,0.272293340801724,0.06222596595905646
50438,0.4583813064944984,0.4208620705239339,0.4583813064944984
50439,0.1454420365868882,0.5562335033572398,0.1454420365868882
50440,0.09684528263530187,0.1780020176894799,0.09684528263530187
50441,0.499247652952157,0.8805598532952154,0.499247652952157
50442,0.021118196584012518,0.07743162823774044,0.021118196584012518
50443,0.2396264036174762,0.262830724649872,0.2396264036174762
50444,0.5800170834328973,0.9083735888640515,0.5800170834328973
50445,0.37022215401155883,0.3234301596009734,0.37022215401155883
50446,0.13172932116103808,0.17262436999950112,0.13172932116103808
50447,0.1570193611336698,0.45274880439471843,0.1570193611336698
50448,0.3371264688766849,0.7006261106611503,0.3371264688766849
50449,0.49407606499744866,0.7477520614255151,0.49407606499744866
50450,0.3614920513898273,0.23721047430021613,0.3614920513898273
50451,0.7384974531658287,0.8880346581710888,0.7384974531658287
50452,0.02716466987334112,0.5959218439555196,0.02716466987334112
50453,0.4060152806783417,0.22216532183557677,0.4060152806783417
50454,0.08405603833745776,0.6668562393963346,0.08405603833745776
50455,0.3474350306922102,0.6942727566323639,0.3474350306922102
50456,0.0510671386331072,0.16991289967257467,0.0510671386331072
50457,0.03825908846432837,0.06435308056266797,0.03825908846432837
50458,0.060075849178661545,0.7039567145568555,0.060075849178661545
50459,0.285170059783776,0.48936999478832227,0.285170059783776
50460,0.09132721887241353,0.2390809878807001,0.09132721887241353
50461,0.5803129670781961,0.6706787723763356,0.5803129670781961
50462,0.21007775507692275,0.5566757525237221,0.21007775507692275
50463,0.06762438943131492,0.09206410720535238,0.06762438943131492
50464,0.01931133949502511,0.10524474278499787,0.01931133949502511
50465,0.01889812922150997,0.12355542417587698,0.01889812922150997
50466,0.08658223657009903,0.1552460011370267,0.08658223657009903
50467,0.6629943361373517,0.6424997405883835,0.6629943361373517
50468,0.03601360975155825,0.20446497072171801,0.03601360975155825
50469,0.25526185841171023,0.31456994255344634,0.25526185841171023
50470,0.06524477723375424,0.17276235855930588,0.06524477723375424
50471,0.47235001803023313,0.45664176580562865,0.47235001803023313
50472,0.08437119466471095,0.5252915253950056,0.08437119466471095
50473,0.4081314729498933,0.41807646790688163,0.4081314729498933
50474,0.6506794286608821,0.8577573338120194,0.6506794286608821
50475,0.06281001255997662,0.6289483886212978,0.06281001255997662
50476,0.06029914208700537,0.2030295974763443,0.06029914208700537
50477,0.1020684131418867,0.3533015483322592,0.1020684131418867
50478,0.01933901269710111,0.11539777134022318,0.01933901269710111
50479,0.02176676306473432,0.07759783943804174,0.02176676306473432
50480,0.06668462974697764,0.26561497387784744,0.06668462974697764
50481,0.13744978445541187,0.6609147142765242,0.13744978445541187
50482,0.2141926860305195,0.1794416312817982,0.2141926860305195
50483,0.009189086914164677,0.06925257323953474,0.009189086914164677
50484,0.10750755692958122,0.14534087844379234,0.10750755692958122
50485,0.003492768686312895,0.042512843085452556,0.003492768686312895
50486,0.05499937653658381,0.8644319238642718,0.05499937653658381
50487,0.03520375514414933,0.049725054063984725,0.03520375514414933
50488,0.4460469415975188,0.8597748508509586,0.4460469415975188
50489,0.09329202481340738,0.4444584217506679,0.09329202481340738
50490,0.03287608536897816,0.10501765761442809,0.03287608536897816
50491,0.022653226893761015,0.07342884856204511,0.022653226893761015
50492,0.06327998677706706,0.27569736134631423,0.06327998677706706
50493,0.026045244685285532,0.2742893512623901,0.026045244685285532
50494,0.10971460509209105,0.04946987482881979,0.10971460509209105
50495,0.25044469675050235,0.597682335066753,0.25044469675050235
50496,0.16903911559951176,0.7570534860936178,0.16903911559951176
50497,0.06830933365512593,0.08941785405602257,0.06830933365512593
50498,0.0663216280301401,0.3214394818519939,0.0663216280301401
50499,0.07133631412955106,0.21969115832808897,0.07133631412955106
50500,0.2758008199384037,0.3468260799866039,0.2758008199384037
50501,0.05230708926269704,0.19540541794700772,0.05230708926269704
50502,0.11076426477521471,0.41932206652527415,0.11076426477521471
50503,0.008884773667655459,0.04866704601877688,0.008884773667655459
50504,0.18430960545326142,0.7726347315695935,0.18430960545326142
50505,0.00842346356806251,0.019435259790505123,0.00842346356806251
50506,0.05529353763622694,0.21121342773332533,0.05529353763622694
50507,0.07125760612236585,0.034290508229280495,0.07125760612236585
50508,0.024360998816330606,0.053402858475471104,0.024360998816330606
50509,0.4381054205088472,0.18944675954929158,0.4381054205088472
50510,0.014925383887460349,0.09154872263548143,0.014925383887460349
50511,0.005436276359222778,0.7207279699194878,0.005436276359222778
50512,0.1082788953860856,0.48647015860476583,0.1082788953860856
50513,0.4113005653255207,0.1909081209624605,0.4113005653255207
50514,0.5905444727799313,0.8723730107097815,0.5905444727799313
50515,0.032496087021719355,0.06686402409837561,0.032496087021719355
50516,0.20890271193102267,0.10487946821310097,0.20890271193102267
50517,0.029934234591536706,0.0780004540214294,0.029934234591536706
50518,0.08021573114012812,0.4705101890870446,0.08021573114012812
50519,0.0887529588403388,0.017787343960547403,0.0887529588403388
50520,0.026985958835362533,0.17320142679609424,0.026985958835362533
50521,0.5085282760816311,0.23843789724932396,0.5085282760816311
50522,0.46897743828330074,0.8742762430282988,0.46897743828330074
50523,0.15911417806835654,0.4466442297806864,0.15911417806835654
50524,0.09190819788130843,0.34201207590023314,0.09190819788130843
50525,0.05787302544781076,0.554232369920548,0.05787302544781076
50526,0.059503804122884495,0.5330682655273657,0.059503804122884495
50527,0.07042383259281618,0.2047322650928109,0.07042383259281618
50528,0.031463560817296,0.1509368290107527,0.031463560817296
50529,0.03398898998207527,0.07584790876036936,0.03398898998207527
50530,0.11992601314698519,0.9286342247806822,0.11992601314698519
50531,0.28886337430651504,0.4889391808188426,0.28886337430651504
50532,0.09636244909597845,0.18800879728419845,0.09636244909597845
50533,0.11889790992738702,0.26210301041390793,0.11889790992738702
50534,0.021793458942377195,0.03438203562891057,0.021793458942377195
50535,0.17409566852680633,0.17146357960530859,0.17409566852680633
50536,0.06367126249121619,0.11802104555393585,0.06367126249121619
50537,0.0706686366856816,0.10687383416478607,0.0706686366856816
50538,0.13404610673517633,0.3077696777117301,0.13404610673517633
50539,0.09005733454376365,0.1274636580010044,0.09005733454376365
50540,0.17650849882566733,0.5395944855604738,0.17650849882566733
50541,0.04247940904921021,0.5361278401471182,0.04247940904921021
50542,0.13044608653292897,0.44473664587840495,0.13044608653292897
50543,0.385960252616335,0.5512073593772449,0.385960252616335
50544,0.04937468351590359,0.012058428691189404,0.04937468351590359
50545,0.47769227816260995,0.5631975921700976,0.47769227816260995
50546,0.10283842845603305,0.3052459456685549,0.10283842845603305
50547,0.06360938821479137,0.13803540337089862,0.06360938821479137
50548,0.4195887340219186,0.4243916424555882,0.4195887340219186
50549,0.15782768479074008,0.050039781519372634,0.15782768479074008
50550,0.17686419703597586,0.7320263911518712,0.17686419703597586
50551,0.03418524730670427,0.7674449908877083,0.03418524730670427
50552,0.4201458828002301,0.618705837544668,0.4201458828002301
50553,0.011977849498310057,0.13205121850657048,0.011977849498310057
50554,0.06567806051291065,0.3740238791791229,0.06567806051291065
50555,0.7724269104362774,0.5227278796131927,0.7724269104362774
50556,0.054402266330752076,0.15136724745876978,0.054402266330752076
50557,0.07190500051942982,0.22909060180893318,0.07190500051942982
50558,0.01188624881495393,0.14393338818020307,0.01188624881495393
50559,0.5166282068856317,0.7989595287503224,0.5166282068856317
50560,0.07571997824268577,0.808813840597852,0.07571997824268577
50561,0.06490144621027036,0.15467011428325855,0.06490144621027036
50562,0.04666181275469611,0.4248379194356828,0.04666181275469611
50563,0.08147594165282414,0.12020445167885042,0.08147594165282414
50564,0.22088274327099996,0.5321608646455931,0.22088274327099996
50565,0.07720483646107029,0.8924072930420536,0.07720483646107029
50566,0.03443659831010584,0.40446864142868627,0.03443659831010584
50567,0.8111127840110416,0.27168626094047854,0.8111127840110416
50568,0.06340697620345002,0.31737557597477734,0.06340697620345002
50569,0.009344911032772974,0.009174895437627296,0.009344911032772974
50570,0.19696932811010046,0.2987253876293438,0.19696932811010046
50571,0.1797728261623993,0.3765868372331644,0.1797728261623993
50572,0.08062201419407389,0.20113493159303727,0.08062201419407389
50573,0.014292564873712537,0.3373053306774727,0.014292564873712537
50574,0.08978478870250067,0.42877615492157245,0.08978478870250067
50575,0.010277630417911689,0.05291320066745934,0.010277630417911689
50576,0.0922082457592323,0.28236230388036343,0.0922082457592323
50577,0.08632416234794325,0.5868321163269545,0.08632416234794325
50578,0.02455667085993485,0.06646558076568956,0.02455667085993485
50579,0.02751165138575969,0.13876940960263437,0.02751165138575969
50580,0.19057417048595798,0.27101594353160013,0.19057417048595798
50581,0.5189208161429448,0.8521961110089501,0.5189208161429448
50582,0.07046404390426848,0.30596369507254895,0.07046404390426848
50583,0.0987977406260274,0.2646113041313688,0.0987977406260274
50584,0.09016865493448804,0.4321901103347441,0.09016865493448804
50585,0.05843812308643968,0.13124406237152306,0.05843812308643968
50586,0.07269650330150408,0.7536199504590926,0.07269650330150408
50587,0.05624522019883053,0.19733432010176852,0.05624522019883053
50588,0.11244017225354493,0.13371017194530305,0.11244017225354493
50589,0.06645883193179838,0.5808344061456758,0.06645883193179838
50590,0.8426301706586856,0.7787739088393042,0.8426301706586856
50591,0.0577475318688354,0.2439894577243668,0.0577475318688354
50592,0.18338372354241037,0.7643188059000544,0.18338372354241037
50593,0.09709172248127301,0.5462655831428906,0.09709172248127301
50594,0.06668904330645815,0.20055994548204714,0.06668904330645815
50595,0.03016218781913237,0.38867970108180816,0.03016218781913237
50596,0.13083167764288606,0.3244581795120679,0.13083167764288606
50597,0.13920938978938335,0.30454349726076585,0.13920938978938335
50598,0.07563292180115887,0.21953374754113006,0.07563292180115887
50599,0.17820300978614512,0.9369133727563231,0.17820300978614512
50600,0.7539426727333868,0.37559193549877623,0.7539426727333868
50601,0.09649169682017915,0.09793774410320323,0.09649169682017915
50602,0.5268587742451529,0.6245534790985797,0.5268587742451529
50603,0.01194174934177168,0.05248978092789954,0.01194174934177168
50604,0.37621986892945897,0.5066043962023044,0.37621986892945897
50605,0.35469224730742294,0.24362302723047582,0.35469224730742294
50606,0.045547806556846586,0.03750693181224566,0.045547806556846586
50607,0.24437513476292827,0.13584605642167225,0.24437513476292827
50608,0.025574004374500824,0.023082435722018856,0.025574004374500824
50609,0.08362872757333129,0.11147233894257788,0.08362872757333129
50610,0.0906214447516462,0.298091864536101,0.0906214447516462
50611,0.10400490525090815,0.20808137094682888,0.10400490525090815
50612,0.04303391465741801,0.3019931671082401,0.04303391465741801
50613,0.06854213121984609,0.4681051936571581,0.06854213121984609
50614,0.14273978669511683,0.27179667883346725,0.14273978669511683
50615,0.08876271229569184,0.10945889700961971,0.08876271229569184
50616,0.04731296199129522,0.13475047176441626,0.04731296199129522
50617,0.13595192574522452,0.875819726724043,0.13595192574522452
50618,0.16050428166534594,0.09789467120619035,0.16050428166534594
50619,0.06594379718283744,0.2704573139843985,0.06594379718283744
50620,0.12342961481106696,0.7844663217142851,0.12342961481106696
50621,0.06092930136053474,0.42751410781015386,0.06092930136053474
50622,0.01609947356443846,0.0980781605998956,0.01609947356443846
50623,0.06831737590045515,0.07906724676168458,0.06831737590045515
50624,0.14141012187161311,0.2315850209458026,0.14141012187161311
50625,0.03243432323925754,0.08518511254102629,0.03243432323925754
50626,0.06890687743708247,0.09727352367012548,0.06890687743708247
50627,0.02625564731450634,0.19137432284615868,0.02625564731450634
50628,0.29872245422210647,0.17040293182134025,0.29872245422210647
50629,0.2252881561769641,0.6173587400500755,0.2252881561769641
50630,0.03723319134529497,0.8483442073317078,0.03723319134529497
50631,0.10845002133437191,0.3666442158936118,0.10845002133437191
50632,0.13298832468022753,0.5338550896424581,0.13298832468022753
50633,0.08674800600881521,0.3368168498348738,0.08674800600881521
50634,0.4143495285016239,0.5500986949699426,0.4143495285016239
50635,0.20891161609311942,0.4637481637580276,0.20891161609311942
50636,0.07959921474414991,0.3521726597926047,0.07959921474414991
50637,0.05971856929040557,0.08227340015696494,0.05971856929040557
50638,0.1226847989986951,0.27560688956568913,0.1226847989986951
50639,0.2771805274098979,0.5340245839912253,0.2771805274098979
50640,0.11688873257257115,0.2486198573598675,0.11688873257257115
50641,0.014388957120998356,0.03664895860294579,0.014388957120998356
50642,0.07151379193039299,0.14380693792629134,0.07151379193039299
50643,0.3029286251307241,0.751880756691668,0.3029286251307241
50644,0.0288687474920632,0.2863947098763293,0.0288687474920632
50645,0.04979422871215563,0.34339088535171247,0.04979422871215563
50646,0.2143625833188154,0.43194820758585717,0.2143625833188154
50647,0.02521924185205506,0.11264010429160021,0.02521924185205506
50648,0.06598396451593833,0.31737617432783616,0.06598396451593833
50649,0.06730113028989068,0.10671435521782899,0.06730113028989068
50650,0.06605184632839725,0.49201465287712876,0.06605184632839725
50651,0.34837182741649453,0.5154337958502627,0.34837182741649453
50652,0.16193807516533262,0.15634229482249137,0.16193807516533262
50653,0.4442933097420964,0.5307452079069035,0.4442933097420964
50654,0.04313631161639887,0.07344527608323267,0.04313631161639887
50655,0.5996568797121006,0.6980229548799628,0.5996568797121006
50656,0.022517966087348223,0.03254813282613243,0.022517966087348223
50657,0.02143475621717569,0.03227073771481522,0.02143475621717569
50658,0.04031538182833022,0.3822700805828189,0.04031538182833022
50659,0.07288129383080735,0.502031344505053,0.07288129383080735
50660,0.5979583360481057,0.41331963988854736,0.5979583360481057
50661,0.2598754911242717,0.514112712793295,0.2598754911242717
50662,0.16158225426605982,0.5143849761637882,0.16158225426605982
50663,0.7459892150003835,0.8089872881845085,0.7459892150003835
50664,0.07063965889821114,0.029956288648772037,0.07063965889821114
50665,0.1515705155245283,0.28696852902103626,0.1515705155245283
50666,0.342234448496678,0.623662689055718,0.342234448496678
50667,0.7306042087007317,0.3372267439681381,0.7306042087007317
50668,0.1291133129357598,0.2171017987771801,0.1291133129357598
50669,0.6044266181361929,0.8087114980019361,0.6044266181361929
50670,0.36355343498080656,0.4023887775321082,0.36355343498080656
50671,0.11263756287500902,0.4237531490756049,0.11263756287500902
50672,0.05050153630629429,0.7471774643447563,0.05050153630629429
50673,0.08032239484915613,0.3963044476122047,0.08032239484915613
50674,0.026851618374955963,0.2904114305568286,0.026851618374955963
50675,0.22616745529623755,0.258188700215127,0.22616745529623755
50676,0.21250534301632104,0.46080114544288625,0.21250534301632104
50677,0.21796790472399652,0.42545491408619807,0.21796790472399652
50678,0.03220978049553636,0.20122703260341882,0.03220978049553636
50679,0.07793264579921816,0.02922071915451926,0.07793264579921816
50680,0.16250990545164343,0.19076237092400664,0.16250990545164343
50681,0.009699893324652297,0.025384583492642922,0.009699893324652297
50682,0.40347429405052737,0.39208912459497075,0.40347429405052737
50683,0.03613111830824645,0.3063918626137729,0.03613111830824645
50684,0.0393695762699665,0.08590119931924506,0.0393695762699665
50685,0.3927856134587003,0.32949818056112706,0.3927856134587003
50686,0.2616305558348197,0.7546465091912159,0.2616305558348197
50687,0.05126249084505313,0.0402798650275928,0.05126249084505313
50688,0.5027352589534864,0.5379123350203547,0.5027352589534864
50689,0.024515598260585962,0.2048042443738363,0.024515598260585962
50690,0.6411145744783524,0.8213968068169865,0.6411145744783524
50691,0.4646407718250956,0.3740386693827308,0.4646407718250956
50692,0.12317177347778457,0.24627688705285333,0.12317177347778457
50693,0.10377730457487401,0.9024636947483858,0.10377730457487401
50694,0.0568993538509442,0.9336923036356075,0.0568993538509442
50695,0.029788001692870797,0.03220004326811366,0.029788001692870797
50696,0.0717104296763462,0.32244481768222616,0.0717104296763462
50697,0.06881582452933574,0.7265736987209359,0.06881582452933574
50698,0.027945402212836336,0.15726445451267737,0.027945402212836336
50699,0.12732331457425708,0.41984006708787347,0.12732331457425708
50700,0.02899600420111405,0.17061212851998572,0.02899600420111405
50701,0.10557369345444213,0.587465858156641,0.10557369345444213
50702,0.12286488328417534,0.8070752546658398,0.12286488328417534
50703,0.04326195037888241,0.5233757296834392,0.04326195037888241
50704,0.32567112796690906,0.42653095086535153,0.32567112796690906
50705,0.06075740179784011,0.8515294834941075,0.06075740179784011
50706,0.046875020541213855,0.28427454695951443,0.046875020541213855
50707,0.016037176740217107,0.036805676061762486,0.016037176740217107
50708,0.4491880172183842,0.4824687638441142,0.4491880172183842
50709,0.05086938799038741,0.4403308759787076,0.05086938799038741
50710,0.27771435228715086,0.47684619357888,0.27771435228715086
50711,0.09174508726268127,0.16782283683762877,0.09174508726268127
50712,0.04830875427805074,0.10099136209270901,0.04830875427805074
50713,0.03500144987657061,0.06310606336361488,0.03500144987657061
50714,0.23217334773216963,0.6624974726230829,0.23217334773216963
50715,0.08635733428268963,0.6062431030682544,0.08635733428268963
50716,0.7722069046601325,0.5511501582984728,0.7722069046601325
50717,0.0888624322739459,0.40543333903402906,0.0888624322739459
50718,0.5798136498531747,0.6431307517042416,0.5798136498531747
50719,0.12645228326751867,0.4077848441793747,0.12645228326751867
50720,0.32835999814159017,0.3927992408715978,0.32835999814159017
50721,0.28123252813804583,0.3775670091041826,0.28123252813804583
50722,0.15843101812966395,0.35169373361093964,0.15843101812966395
50723,0.12346930805991707,0.6513587899870702,0.12346930805991707
50724,0.3668130731685793,0.3296255794461078,0.3668130731685793
50725,0.027975925659007646,0.2011785356338898,0.027975925659007646
50726,0.012811310192192457,0.024414915394369154,0.012811310192192457
50727,0.029901550722839003,0.05183471839268874,0.029901550722839003
50728,0.1229244941439015,0.887812253811862,0.1229244941439015
50729,0.01840569602041327,0.039549946859053504,0.01840569602041327
50730,0.03255879703567346,0.10995780506099287,0.03255879703567346
50731,0.06461674920425035,0.49350830793568157,0.06461674920425035
50732,0.11754244233364324,0.6560858006494171,0.11754244233364324
50733,0.1426877711306943,0.4697188147632371,0.1426877711306943
50734,0.1685107228218577,0.46590690968852605,0.1685107228218577
50735,0.0407685254997933,0.1870096018202103,0.0407685254997933
50736,0.01828108190740636,0.05798981281704457,0.01828108190740636
50737,0.015850979252493673,0.08625981565481797,0.015850979252493673
50738,0.15825028740037284,0.4125707615398627,0.15825028740037284
50739,0.3097861016302573,0.20852728018940644,0.3097861016302573
50740,0.15708022598448798,0.9097005077528937,0.15708022598448798
50741,0.050923370693573174,0.3373900959606739,0.050923370693573174
50742,0.11290195085186136,0.18731101121712296,0.11290195085186136
50743,0.18102056957665139,0.6525423546743501,0.18102056957665139
50744,0.1113121629368717,0.28649024126606204,0.1113121629368717
50745,0.02489114465657399,0.20428815276177092,0.02489114465657399
50746,0.14304390874386605,0.034525083286504284,0.14304390874386605
50747,0.023053762928638453,0.05464539328437002,0.023053762928638453
50748,0.10323245951940863,0.118194875016319,0.10323245951940863
50749,0.07316530522898199,0.16111347559881203,0.07316530522898199
50750,0.024638484843871974,0.026242712694631996,0.024638484843871974
50751,0.043536262434161956,0.17448190531377739,0.043536262434161956
50752,0.07819121743537327,0.13282033046834693,0.07819121743537327
50753,0.09768564017091423,0.10980399605019076,0.09768564017091423
50754,0.07624763016557881,0.14803085456001472,0.07624763016557881
50755,0.18485111256210782,0.7057613318185909,0.18485111256210782
50756,0.8139598014129841,0.928493208786653,0.8139598014129841
50757,0.4029734618105808,0.4794936423738386,0.4029734618105808
50758,0.026741511235167666,0.012749788005989474,0.026741511235167666
50759,0.07801902925405725,0.2722433140101136,0.07801902925405725
50760,0.05518283503673138,0.07024390597492175,0.05518283503673138
50761,0.4107443924720751,0.22601847627168348,0.4107443924720751
50762,0.03112100263647611,0.2831222978614301,0.03112100263647611
50763,0.012665714367825714,0.011970785835114092,0.012665714367825714
50764,0.08370498066746832,0.7721710285292732,0.08370498066746832
50765,0.03203960595777614,0.11080310969366255,0.03203960595777614
50766,0.03140556435323791,0.16031897634240314,0.03140556435323791
50767,0.19270697502771053,0.08708028801637484,0.19270697502771053
50768,0.057243015326188945,0.3384957553949608,0.057243015326188945
50769,0.2825632641096721,0.11618131265057967,0.2825632641096721
50770,0.038156140335941925,0.11918854509087072,0.038156140335941925
50771,0.03445827080253345,0.6599745494708592,0.03445827080253345
50772,0.2787193596412534,0.13138931700026385,0.2787193596412534
50773,0.33819741976417883,0.6611257847723067,0.33819741976417883
50774,0.05942402756163794,0.1704483060538201,0.05942402756163794
50775,0.37479504440233197,0.1356490086445941,0.37479504440233197
50776,0.5903095721272243,0.707328662923321,0.5903095721272243
50777,0.13688281989913073,0.7110531123349256,0.13688281989913073
50778,0.2124636681902148,0.271447278637841,0.2124636681902148
50779,0.2526890520974689,0.43080589764352145,0.2526890520974689
50780,0.2645346409440625,0.23486185192404874,0.2645346409440625
50781,0.05697652379377496,0.21768164741674684,0.05697652379377496
50782,0.813065392263968,0.8446802595592645,0.813065392263968
50783,0.04058169108659091,0.06145361245442906,0.04058169108659091
50784,0.10613516052871526,0.7025652027683859,0.10613516052871526
50785,0.36669610791667656,0.5951137323551032,0.36669610791667656
50786,0.1072882649745109,0.2291642791457047,0.1072882649745109
50787,0.035031598053372526,0.8935325978553444,0.035031598053372526
50788,0.011478534943267399,0.09213711489828531,0.011478534943267399
50789,0.23080885794599645,0.4060079606452291,0.23080885794599645
50790,0.042703478151059286,0.31309478913573896,0.042703478151059286
50791,0.4987394277728804,0.44540636518617266,0.4987394277728804
50792,0.10950694215950499,0.4762144367797808,0.10950694215950499
50793,0.10488887546101779,0.7709280081679788,0.10488887546101779
50794,0.08549028183300982,0.07179666580423341,0.08549028183300982
50795,0.1581297001902231,0.29456577160699726,0.1581297001902231
50796,0.07594437100160427,0.049836164735942316,0.07594437100160427
50797,0.08850477177902862,0.4572159178769255,0.08850477177902862
50798,0.126243458887011,0.4070526307260529,0.126243458887011
50799,0.13226538052639197,0.260513896343347,0.13226538052639197
50800,0.061753493849877154,0.060495082573021275,0.061753493849877154
50801,0.048918888203683064,0.20731505226574903,0.048918888203683064
50802,0.04806092035853692,0.08917301532180115,0.04806092035853692
50803,0.022971964470079462,0.05617250223323183,0.022971964470079462
50804,0.6189267346468419,0.08429566702236917,0.6189267346468419
50805,0.026492019008775593,0.1567343004644626,0.026492019008775593
50806,0.04443261167404834,0.09490913805102866,0.04443261167404834
50807,0.05034842292788203,0.571617258688512,0.05034842292788203
50808,0.023904378290539093,0.22424838663973998,0.023904378290539093
50809,0.07453965324159413,0.8586454618440389,0.07453965324159413
50810,0.09506034432412429,0.3704781274185953,0.09506034432412429
50811,0.5059574737851991,0.8380181428822617,0.5059574737851991
50812,0.01605451861998324,0.09270122535202109,0.01605451861998324
50813,0.05014089133722845,0.5441078321038102,0.05014089133722845
50814,0.21897300978509224,0.3310101337960516,0.21897300978509224
50815,0.4829698796168745,0.6902982167135678,0.4829698796168745
50816,0.6096513465402494,0.9012105941437981,0.6096513465402494
50817,0.14369526973221894,0.6081106061450438,0.14369526973221894
50818,0.11583027867561865,0.12466265386678856,0.11583027867561865
50819,0.19589421719359437,0.4895486038900122,0.19589421719359437
50820,0.1506065943743685,0.8447179553821492,0.1506065943743685
50821,0.0472835059753998,0.09635576710152693,0.0472835059753998
50822,0.11308931175602609,0.4382138642160644,0.11308931175602609
50823,0.09251902569824351,0.06056059851023378,0.09251902569824351
50824,0.03197182668665877,0.41397584050046865,0.03197182668665877
50825,0.16260131486296797,0.241511661186392,0.16260131486296797
50826,0.034352278568531736,0.5242129042702741,0.034352278568531736
50827,0.12781486564428668,0.19037191156440347,0.12781486564428668
50828,0.10301836174406755,0.12409097118540902,0.10301836174406755
50829,0.050364140378069834,0.5446003540316187,0.050364140378069834
50830,0.054415733582564914,0.2508183108935964,0.054415733582564914
50831,0.04688001831955207,0.6407168311579661,0.04688001831955207
50832,0.08188507158349821,0.1408814032419383,0.08188507158349821
50833,0.09231037431630659,0.32076793221927524,0.09231037431630659
50834,0.2602696039339251,0.31567179919798366,0.2602696039339251
50835,0.166730181753214,0.6004163587802965,0.166730181753214
50836,0.03990549868732651,0.02506527394063214,0.03990549868732651
50837,0.022834419613585524,0.03637866561444614,0.022834419613585524
50838,0.12308941289327983,0.41198737078278674,0.12308941289327983
50839,0.14141691178467614,0.09793016320683302,0.14141691178467614
50840,0.07585005958238764,0.14062709323230757,0.07585005958238764
50841,0.40083692143629546,0.2639076850349489,0.40083692143629546
50842,0.06610990659651883,0.18482602801432435,0.06610990659651883
50843,0.015889413058430564,0.015165910455041016,0.015889413058430564
50844,0.03296306101569002,0.13359285986063127,0.03296306101569002
50845,0.020755093945981778,0.0770112424060228,0.020755093945981778
50846,0.04083840636009963,0.6136940340053935,0.04083840636009963
50847,0.13299897948765818,0.04170748509566694,0.13299897948765818
50848,0.5064766438430566,0.19724868710322227,0.5064766438430566
50849,0.12035368764215695,0.03865682079776995,0.12035368764215695
50850,0.08225466529764418,0.06933501237601372,0.08225466529764418
50851,0.006619515496577062,0.021336835480694226,0.006619515496577062
50852,0.12562836445915537,0.1555459191436157,0.12562836445915537
50853,0.019026853300727696,0.06120162433029488,0.019026853300727696
50854,0.054182636713048134,0.1870844121261384,0.054182636713048134
50855,0.027021508173466373,0.22864984807688601,0.027021508173466373
50856,0.6596025340700247,0.8549106495468493,0.6596025340700247
50857,0.041086052379194715,0.39251893858269177,0.041086052379194715
50858,0.0365161961506948,0.1167512810053312,0.0365161961506948
50859,0.05598398355004001,0.015892941831088456,0.05598398355004001
50860,0.027293091578062343,0.030339687727822487,0.027293091578062343
50861,0.09095211603298069,0.5724702191852303,0.09095211603298069
50862,0.22675706649573793,0.3840428585128269,0.22675706649573793
50863,0.029571921050445944,0.20732570323979269,0.029571921050445944
50864,0.08221366426559727,0.14022433754466546,0.08221366426559727
50865,0.1998334952176969,0.34610517650389133,0.1998334952176969
50866,0.09412753407364818,0.21782148195060388,0.09412753407364818
50867,0.32220088772219774,0.06487242686727569,0.32220088772219774
50868,0.06898343406489464,0.5952171642977439,0.06898343406489464
50869,0.05178551252225336,0.11410452178794712,0.05178551252225336
50870,0.15354082421148257,0.33209650670055174,0.15354082421148257
50871,0.019067094198848337,0.39579317442121487,0.019067094198848337
50872,0.03172388855087877,0.21509353561545966,0.03172388855087877
50873,0.5239421908094688,0.8889703850739178,0.5239421908094688
50874,0.7223747997759116,0.8641943625858383,0.7223747997759116
50875,0.17099566551114348,0.799157050034308,0.17099566551114348
50876,0.05638811003833782,0.3215579195087141,0.05638811003833782
50877,0.47181662702787475,0.7483349380259811,0.47181662702787475
50878,0.26132841567698367,0.5174821331571364,0.26132841567698367
50879,0.07601788594239631,0.1566485321868086,0.07601788594239631
50880,0.0517115414005165,0.2005419909993306,0.0517115414005165
50881,0.02882577831024898,0.17876724752267897,0.02882577831024898
50882,0.682801908252461,0.7779341837307199,0.682801908252461
50883,0.017186429292186955,0.14532685816585125,0.017186429292186955
50884,0.022185948540636553,0.022507721213047702,0.022185948540636553
50885,0.46464514603387536,0.8907095905289669,0.46464514603387536
50886,0.1396795888735224,0.673948779634595,0.1396795888735224
50887,0.11399404848345766,0.3785498891406695,0.11399404848345766
50888,0.0900117631771876,0.25758948994936676,0.0900117631771876
50889,0.5122832710372891,0.7403058224928555,0.5122832710372891
50890,0.03346796616346554,0.1737794077968744,0.03346796616346554
50891,0.12583198761311726,0.5420923282604351,0.12583198761311726
50892,0.5783718043949528,0.2209467245476509,0.5783718043949528
50893,0.05902349244243551,0.4651978777811384,0.05902349244243551
50894,0.051932081241395686,0.5716928385103968,0.051932081241395686
50895,0.08951457543011074,0.4348301229442085,0.08951457543011074
50896,0.10264188363107236,0.31595429168301603,0.10264188363107236
50897,0.2260673665812256,0.06427498629725957,0.2260673665812256
50898,0.16239079433231277,0.8886202517610358,0.16239079433231277
50899,0.04017496332923185,0.25553052342650073,0.04017496332923185
50900,0.12024107490990942,0.4753346005082689,0.12024107490990942
50901,0.1956937160024833,0.13211581360019725,0.1956937160024833
50902,0.8310535459898714,0.6528855331584706,0.8310535459898714
50903,0.025497023134430453,0.13933770367820528,0.025497023134430453
50904,0.6772466537358348,0.6629930230864982,0.6772466537358348
50905,0.19486574367838116,0.19691437567812625,0.19486574367838116
50906,0.07007094393883495,0.36936794445172455,0.07007094393883495
50907,0.17123418118095649,0.42020005686465073,0.17123418118095649
50908,0.13384665156340303,0.08666636240524007,0.13384665156340303
50909,0.22847578139564653,0.4926854357740646,0.22847578139564653
50910,0.10075538852050772,0.19548576551417962,0.10075538852050772
50911,0.05213755707321968,0.3165344003203701,0.05213755707321968
50912,0.5448501174892579,0.7604972063142323,0.5448501174892579
50913,0.04881611607361429,0.5135765806119362,0.04881611607361429
50914,0.06787212527237169,0.31445361920018017,0.06787212527237169
50915,0.019947640637281102,0.037990834407149635,0.019947640637281102
50916,0.05138799703656374,0.27991276009325466,0.05138799703656374
50917,0.061123040837123256,0.2616923306732082,0.061123040837123256
50918,0.022621516122658943,0.4521032690263784,0.022621516122658943
50919,0.07654281972321483,0.09275506563114282,0.07654281972321483
50920,0.03962777080396518,0.4944279500315086,0.03962777080396518
50921,0.017514488480800557,0.017381220943326857,0.017514488480800557
50922,0.7398254107175707,0.7152390442026337,0.7398254107175707
50923,0.18153692367178362,0.5252933400613125,0.18153692367178362
50924,0.10787258492701586,0.5651030671280245,0.10787258492701586
50925,0.0403181335659484,0.7316396010549576,0.0403181335659484
50926,0.7772686358539292,0.9685429204211693,0.7772686358539292
50927,0.11990406612196773,0.12742792732268812,0.11990406612196773
50928,0.09098158361405483,0.22309470991124275,0.09098158361405483
50929,0.04651043199325991,0.8526620212247867,0.04651043199325991
50930,0.03531633951579009,0.05660387250563357,0.03531633951579009
50931,0.07240966896344482,0.3313991148126162,0.07240966896344482
50932,0.18495188305884241,0.4873423522785997,0.18495188305884241
50933,0.04396025175306511,0.022376238980986906,0.04396025175306511
50934,0.2024871973039994,0.12343779708402296,0.2024871973039994
50935,0.021181112291910116,0.1666952033251252,0.021181112291910116
50936,0.030699434630296632,0.03514269988988838,0.030699434630296632
50937,0.0505307289440074,0.4610701884133775,0.0505307289440074
50938,0.3253364173556659,0.8784730800482018,0.3253364173556659
50939,0.4255135237183392,0.21543489958919912,0.4255135237183392
50940,0.01413595978168046,0.15838898199175316,0.01413595978168046
50941,0.09514962828307866,0.4983425097065254,0.09514962828307866
50942,0.043712078118053777,0.20917862243537202,0.043712078118053777
50943,0.7488778096070565,0.8035928273335275,0.7488778096070565
50944,0.03858956343987338,0.22725326945311225,0.03858956343987338
50945,0.0594451146161716,0.22644111058654723,0.0594451146161716
50946,0.2739807296828138,0.42338157404429005,0.2739807296828138
50947,0.044542976614140375,0.392547409379422,0.044542976614140375
50948,0.09647721672851789,0.5775253383114503,0.09647721672851789
50949,0.6383120275941776,0.6600773776739399,0.6383120275941776
50950,0.5209711465107947,0.14019352494494614,0.5209711465107947
50951,0.016395578623157346,0.0513020684833535,0.016395578623157346
50952,0.003394653319857578,0.012130800835861844,0.003394653319857578
50953,0.19427621243147586,0.14856000888687246,0.19427621243147586
50954,0.20584130786589308,0.5759562943742708,0.20584130786589308
50955,0.12044798030887971,0.41909099281329015,0.12044798030887971
50956,0.006895486841046137,0.03571360130509691,0.006895486841046137
50957,0.4792087614650817,0.8714304446991713,0.4792087614650817
50958,0.31853923802148937,0.8647994393435187,0.31853923802148937
50959,0.09967699174420086,0.17581533255489679,0.09967699174420086
50960,0.1251181951420983,0.1671941561444028,0.1251181951420983
50961,0.07752553927600425,0.1330679866176003,0.07752553927600425
50962,0.25903751846810874,0.4875222015966626,0.25903751846810874
50963,0.07527714030274277,0.7758402887075417,0.07527714030274277
50964,0.01806863106463723,0.7180770025040618,0.01806863106463723
50965,0.12226703250599404,0.30534074011587453,0.12226703250599404
50966,0.046878474103411276,0.10133862734151147,0.046878474103411276
50967,0.6446066733256787,0.6978308216080519,0.6446066733256787
50968,0.06700687061008398,0.6566448646515248,0.06700687061008398
50969,0.14839612535553576,0.5455841336360581,0.14839612535553576
50970,0.6923836664691472,0.6390232412070771,0.6923836664691472
50971,0.060592204637150475,0.1340816191466454,0.060592204637150475
50972,0.2613528684264331,0.5373988142390251,0.2613528684264331
50973,0.0741261496671076,0.2545418474509963,0.0741261496671076
50974,0.3025662964522723,0.6499530104070042,0.3025662964522723
50975,0.0627684489826217,0.18881537611661864,0.0627684489826217
50976,0.1954802261060982,0.9471002873859128,0.1954802261060982
50977,0.04457395165958513,0.6748177070284188,0.04457395165958513
50978,0.05622396556649797,0.4620783634459141,0.05622396556649797
50979,0.5516732161137277,0.4693608412142604,0.5516732161137277
50980,0.07645946034737232,0.33406261039609053,0.07645946034737232
50981,0.14862392256294554,0.39806636149704155,0.14862392256294554
50982,0.05957695325315743,0.3054593401394832,0.05957695325315743
50983,0.03900199161463858,0.9160316402882158,0.03900199161463858
50984,0.21165137558285627,0.7643137072520019,0.21165137558285627
50985,0.07748735819757527,0.20754812884735796,0.07748735819757527
50986,0.537608642433187,0.4137435988649275,0.537608642433187
50987,0.05134704203513851,0.7153099274323315,0.05134704203513851
50988,0.20794471016082164,0.5009609856572945,0.20794471016082164
50989,0.10149470511735675,0.5796247747779599,0.10149470511735675
50990,0.18761467894410347,0.5363370042335335,0.18761467894410347
50991,0.05103299583342469,0.34917047130207046,0.05103299583342469
50992,0.018131966986531127,0.36269078520322234,0.018131966986531127
50993,0.02637146738267342,0.0513761252221675,0.02637146738267342
50994,0.12356328378295409,0.44082523107602467,0.12356328378295409
50995,0.020074472922934163,0.20936805631007843,0.020074472922934163
50996,0.10419488228207587,0.12727666101919227,0.10419488228207587
50997,0.07949543409504006,0.15767620930913953,0.07949543409504006
50998,0.15714423815153966,0.6936249642983817,0.15714423815153966
50999,0.35469292412869513,0.3609091689466835,0.35469292412869513
51000,0.08944667031439013,0.25216202321653314,0.08944667031439013
51001,0.0563687383049987,0.3199241709732675,0.0563687383049987
51002,0.08508702468895897,0.3721978883232003,0.08508702468895897
51003,0.16987500136690778,0.1674699614976713,0.16987500136690778
51004,0.05436926650289593,0.28916016728896315,0.05436926650289593
51005,0.004902189141520763,0.12311026087778772,0.004902189141520763
51006,0.016675570269628702,0.04099709561049763,0.016675570269628702
51007,0.10846212492045912,0.3887038579634608,0.10846212492045912
51008,0.03383305972754541,0.07752896412750504,0.03383305972754541
51009,0.6154844488851235,0.6124932911019555,0.6154844488851235
51010,0.12034779348881404,0.4309739831707951,0.12034779348881404
51011,0.21477549387395312,0.658023915049439,0.21477549387395312
51012,0.05640035556432397,0.34718845641206847,0.05640035556432397
51013,0.8103119487348673,0.47228203279265746,0.8103119487348673
51014,0.06335333879615623,0.589978064591937,0.06335333879615623
51015,0.41341898502016133,0.7333707493978558,0.41341898502016133
51016,0.0731432861228915,0.2896394295285441,0.0731432861228915
51017,0.05466114201843292,0.5311181612621924,0.05466114201843292
51018,0.06564221136794453,0.7064229331387946,0.06564221136794453
51019,0.3424308131377298,0.20610359967311934,0.3424308131377298
51020,0.07074893664785736,0.28533436097425413,0.07074893664785736
51021,0.0575660840635298,0.16402823562398053,0.0575660840635298
51022,0.0160057946105935,0.10841753183355307,0.0160057946105935
51023,0.13864438519159553,0.38959381991438263,0.13864438519159553
51024,0.1156765007588295,0.15241757008780105,0.1156765007588295
51025,0.027682602041977776,0.08255203740594562,0.027682602041977776
51026,0.024344641986778666,0.09528700047936295,0.024344641986778666
51027,0.04604595428852074,0.5532461942785102,0.04604595428852074
51028,0.012159995177532142,0.036913262133088334,0.012159995177532142
51029,0.097643926773713,0.27336079415163994,0.097643926773713
51030,0.29548371084557074,0.5181636690798371,0.29548371084557074
51031,0.12722413361982599,0.05532331905201596,0.12722413361982599
51032,0.11624155965466584,0.5869221111078335,0.11624155965466584
51033,0.05758532586597873,0.44654840017582975,0.05758532586597873
51034,0.026351610758256493,0.08905899714680893,0.026351610758256493
51035,0.11817302403283325,0.2033473982516793,0.11817302403283325
51036,0.12441567437466872,0.7486394748433569,0.12441567437466872
51037,0.04883864803130871,0.2032712467780992,0.04883864803130871
51038,0.061601222786695636,0.30849166259404753,0.061601222786695636
51039,0.027754537993236683,0.39420376381328887,0.027754537993236683
51040,0.045352447192877156,0.21276745867721542,0.045352447192877156
51041,0.07957446746776373,0.5969361588320833,0.07957446746776373
51042,0.29780647222281637,0.6816179915095946,0.29780647222281637
51043,0.05745395207368926,0.47905920832812626,0.05745395207368926
51044,0.28450995248912986,0.47861457810010244,0.28450995248912986
51045,0.09475037201207569,0.24279026886918767,0.09475037201207569
51046,0.07304457315142678,0.18804906836008095,0.07304457315142678
51047,0.07017326868929509,0.8330409913943337,0.07017326868929509
51048,0.6360576089378809,0.6319416537468763,0.6360576089378809
51049,0.09930459048510402,0.28454697116705113,0.09930459048510402
51050,0.05248560457633811,0.3043585165758817,0.05248560457633811
51051,0.048581433187920825,0.04016733576989367,0.048581433187920825
51052,0.9410929367492508,0.9223903867197233,0.9410929367492508
51053,0.023279328286135253,0.24187298102588461,0.023279328286135253
51054,0.08527461783801688,0.29701935688941483,0.08527461783801688
51055,0.4718539492072999,0.43091795982995884,0.4718539492072999
51056,0.06194221279852722,0.22741736568135829,0.06194221279852722
51057,0.07808305355596361,0.6802507072493499,0.07808305355596361
51058,0.6442057599973716,0.5585074544791666,0.6442057599973716
51059,0.20013742779946708,0.30960300104143745,0.20013742779946708
51060,0.18025652911982132,0.4526123119757686,0.18025652911982132
51061,0.3933814700442875,0.35390922311838907,0.3933814700442875
51062,0.05687199824734103,0.031015172267445573,0.05687199824734103
51063,0.033497284288079125,0.11299827672069598,0.033497284288079125
51064,0.18462831332878837,0.6899054286076381,0.18462831332878837
51065,0.03999584723133887,0.24860349435270868,0.03999584723133887
51066,0.43858164729061644,0.8310304733725757,0.43858164729061644
51067,0.10072555649210915,0.3566758299714308,0.10072555649210915
51068,0.019049460994499483,0.13486182620454573,0.019049460994499483
51069,0.036081207215917045,0.06538673166800037,0.036081207215917045
51070,0.5806842114377291,0.8614740184230436,0.5806842114377291
51071,0.6854537104172,0.8443577329082521,0.6854537104172
51072,0.022282340026688087,0.022640751722128982,0.022282340026688087
51073,0.03285742606114615,0.11419819909454267,0.03285742606114615
51074,0.08159799663393834,0.30862978288944465,0.08159799663393834
51075,0.015723573303328454,0.020830613109448722,0.015723573303328454
51076,0.03434454725834395,0.11717255768742518,0.03434454725834395
51077,0.07429789944589553,0.7107319788218798,0.07429789944589553
51078,0.06927247931579984,0.34332474206908337,0.06927247931579984
51079,0.1534522029825641,0.2717748091396573,0.1534522029825641
51080,0.20154316675001954,0.1644666409801484,0.20154316675001954
51081,0.2031040626441732,0.2359992041855111,0.2031040626441732
51082,0.0538049937568227,0.11623436349291606,0.0538049937568227
51083,0.5505426239437331,0.9393221389301507,0.5505426239437331
51084,0.059885745250916014,0.14995695753389898,0.059885745250916014
51085,0.020291531711446535,0.03411475582604684,0.020291531711446535
51086,0.07209521942421099,0.3872812440070737,0.07209521942421099
51087,0.07873055233517091,0.38744460556837684,0.07873055233517091
51088,0.05489805094074479,0.10798681146143138,0.05489805094074479
51089,0.5854018744474764,0.4404453190617487,0.5854018744474764
51090,0.01493052381254838,0.04033644341796019,0.01493052381254838
51091,0.6954304045869821,0.7645255242721063,0.6954304045869821
51092,0.039400137381645405,0.2911946128072583,0.039400137381645405
51093,0.22008732483824517,0.7324249533008843,0.22008732483824517
51094,0.18737671135579587,0.0606518348011259,0.18737671135579587
51095,0.06738232725629417,0.07472002076173753,0.06738232725629417
51096,0.1179761878786027,0.2774783741490619,0.1179761878786027
51097,0.17611892271920956,0.9015707333382045,0.17611892271920956
51098,0.14975638387028975,0.31055174187276524,0.14975638387028975
51099,0.020748011622326586,0.17943841307576552,0.020748011622326586
51100,0.049574159906899264,0.10592949981322237,0.049574159906899264
51101,0.061247337728545216,0.6289250997035633,0.061247337728545216
51102,0.0644646662603922,0.1407672975092676,0.0644646662603922
51103,0.442511880365268,0.5574644584578251,0.442511880365268
51104,0.12084892640600328,0.5877986024116573,0.12084892640600328
51105,0.03207828626772928,0.22773426220880935,0.03207828626772928
51106,0.47316407057552673,0.662269790762319,0.47316407057552673
51107,0.050956290976353034,0.20179624818140054,0.050956290976353034
51108,0.018822426183554924,0.4620970551953184,0.018822426183554924
51109,0.2111464214398618,0.12732410703701655,0.2111464214398618
51110,0.1667900022445618,0.7694276711564635,0.1667900022445618
51111,0.2649776900130806,0.4231498851879575,0.2649776900130806
51112,0.7804376902157065,0.8957614068221824,0.7804376902157065
51113,0.4078275106168086,0.728146679426564,0.4078275106168086
51114,0.07481861155400828,0.3452182017007363,0.07481861155400828
51115,0.7233880756929286,0.8773794980189213,0.7233880756929286
51116,0.08264378828657654,0.5250567780369855,0.08264378828657654
51117,0.1555572988273356,0.7535203755793289,0.1555572988273356
51118,0.008769387906123407,0.007992237196955014,0.008769387906123407
51119,0.6976943020807718,0.8777533143156149,0.6976943020807718
51120,0.27651949200109305,0.29644577165498204,0.27651949200109305
51121,0.026624985113159434,0.3717688834577172,0.026624985113159434
51122,0.08773774136418312,0.4942773925815799,0.08773774136418312
51123,0.11629516652016492,0.6493322854175168,0.11629516652016492
51124,0.04573734247646134,0.7260069465593253,0.04573734247646134
51125,0.2878507243425986,0.24013211168900436,0.2878507243425986
51126,0.045575090866037046,0.32560583271446586,0.045575090866037046
51127,0.09995174105722096,0.16141039357041892,0.09995174105722096
51128,0.03387260889572832,0.10080758236509955,0.03387260889572832
51129,0.017519488181585517,0.07403968320112711,0.017519488181585517
51130,0.013384000429697862,0.08535405546977143,0.013384000429697862
51131,0.2502643356220663,0.5735988083934443,0.2502643356220663
51132,0.07105145764211786,0.21836566392262313,0.07105145764211786
51133,0.09739928673694573,0.8273632033367714,0.09739928673694573
51134,0.2155155612783792,0.30956877320341897,0.2155155612783792
51135,0.02439216881002662,0.09524895861775728,0.02439216881002662
51136,0.21324470364123216,0.85578267474436,0.21324470364123216
51137,0.04628554250042074,0.19568959590135798,0.04628554250042074
51138,0.6413131061327617,0.6143529553853333,0.6413131061327617
51139,0.09076789986778148,0.15425418612202435,0.09076789986778148
51140,0.07022433242561978,0.150803392494996,0.07022433242561978
51141,0.1490415009401649,0.6793079730413925,0.1490415009401649
51142,0.39740277612909897,0.12509838702682163,0.39740277612909897
51143,0.3487228383232153,0.4191491742130077,0.3487228383232153
51144,0.035427586585801626,0.1750291287162692,0.035427586585801626
51145,0.07269326282296636,0.35375577839076233,0.07269326282296636
51146,0.2617135841580458,0.4228921939589382,0.2617135841580458
51147,0.18929553075533104,0.48281614044416366,0.18929553075533104
51148,0.0911419334123063,0.7914961768103395,0.0911419334123063
51149,0.04902123843003358,0.26486003489191434,0.04902123843003358
51150,0.4143441482626274,0.4681785064943662,0.4143441482626274
51151,0.03805430959978579,0.11514431553035935,0.03805430959978579
51152,0.4232633643843914,0.8232797407996038,0.4232633643843914
51153,0.05060323386474381,0.030422456843374118,0.05060323386474381
51154,0.021557470125774823,0.02386394028177087,0.021557470125774823
51155,0.10965282005303503,0.34996389402288325,0.10965282005303503
51156,0.2933194282781653,0.7941871386404052,0.2933194282781653
51157,0.058315804506396784,0.09840780856453954,0.058315804506396784
51158,0.22815253017072956,0.0639551841121549,0.22815253017072956
51159,0.08142932464129134,0.07670858786992975,0.08142932464129134
51160,0.6397399495918369,0.6503021528963832,0.6397399495918369
51161,0.14556416978782016,0.42675085550247527,0.14556416978782016
51162,0.12642626075662972,0.16560757495757106,0.12642626075662972
51163,0.01873148515586803,0.2648536855831489,0.01873148515586803
51164,0.11620782424253848,0.35532770255761903,0.11620782424253848
51165,0.11142265560199635,0.46997964594063696,0.11142265560199635
51166,0.1484570505313231,0.33392622268796746,0.1484570505313231
51167,0.4280002225204864,0.41720453894983267,0.4280002225204864
51168,0.04158090925925542,0.16257224751300217,0.04158090925925542
51169,0.06609198754241691,0.43365721197300555,0.06609198754241691
51170,0.09534929855740797,0.16546553959807958,0.09534929855740797
51171,0.02616192038524822,0.28043487134983835,0.02616192038524822
51172,0.017650513782906597,0.30152122208720666,0.017650513782906597
51173,0.10509637482711544,0.3494661127298618,0.10509637482711544
51174,0.10466083927728612,0.38147644500085637,0.10466083927728612
51175,0.09289985901301781,0.5194038278784244,0.09289985901301781
51176,0.05869787785160759,0.1378937546353013,0.05869787785160759
51177,0.13783613656402832,0.5836308726906584,0.13783613656402832
51178,0.4006275610966532,0.39584236558261143,0.4006275610966532
51179,0.1527981969314285,0.25349491303089,0.1527981969314285
51180,0.009898566002532317,0.12205037246761202,0.009898566002532317
51181,0.24099234757542648,0.5069358376253145,0.24099234757542648
51182,0.2177683896237844,0.3801096691389335,0.2177683896237844
51183,0.033347346865805434,0.07503059463424136,0.033347346865805434
51184,0.05610757138402005,0.03786141016191022,0.05610757138402005
51185,0.00944076451757233,0.028138056043848413,0.00944076451757233
51186,0.18133211127165846,0.34898532942436267,0.18133211127165846
51187,0.17037394212329432,0.38765562705148104,0.17037394212329432
51188,0.3668616469693208,0.3779245407370051,0.3668616469693208
51189,0.596875866699264,0.5918276960912012,0.596875866699264
51190,0.0182605922442954,0.07150657415311805,0.0182605922442954
51191,0.09153924199737831,0.9225018162675109,0.09153924199737831
51192,0.35881934770662566,0.6760114332883872,0.35881934770662566
51193,0.27966175186936754,0.3486619344227149,0.27966175186936754
51194,0.04086967368816066,0.12294884270892784,0.04086967368816066
51195,0.30325529159852477,0.10845846966355688,0.30325529159852477
51196,0.058430075041776344,0.3509144721584548,0.058430075041776344
51197,0.08619127946642431,0.741016363642495,0.08619127946642431
51198,0.2153096700837046,0.11719050180955522,0.2153096700837046
51199,0.019549250877425983,0.1224451024475394,0.019549250877425983
51200,0.010466443412993758,0.009548579445269064,0.010466443412993758
51201,0.04469196768151435,0.6860756475283594,0.04469196768151435
51202,0.15732964070868855,0.0974192680611455,0.15732964070868855
51203,0.27155416419469597,0.3465399013240704,0.27155416419469597
51204,0.0361154000573525,0.49527795106493194,0.0361154000573525
51205,0.07301932998252594,0.32294018876476815,0.07301932998252594
51206,0.14709991837371847,0.09178214397657646,0.14709991837371847
51207,0.1821842840077569,0.809900748166478,0.1821842840077569
51208,0.08151309532632102,0.22307791335465796,0.08151309532632102
51209,0.02995397879536789,0.07524962644418286,0.02995397879536789
51210,0.29673803257012366,0.44401053697525705,0.29673803257012366
51211,0.10320817078847616,0.069498160718452,0.10320817078847616
51212,0.1570725577279721,0.27100458756171675,0.1570725577279721
51213,0.03585054144504914,0.1534958203718271,0.03585054144504914
51214,0.02195548297592717,0.1933453779251674,0.02195548297592717
51215,0.7070405269716747,0.1610207110580196,0.7070405269716747
51216,0.24358930271994805,0.7351567674997266,0.24358930271994805
51217,0.5621784391172313,0.7095126610085807,0.5621784391172313
51218,0.25029421912134575,0.7508464591530967,0.25029421912134575
51219,0.06257760095165583,0.4656804788668343,0.06257760095165583
51220,0.08048754501340952,0.45666346156713367,0.08048754501340952
51221,0.08271943607300118,0.12805877955177933,0.08271943607300118
51222,0.32644500133437443,0.08569657044639677,0.32644500133437443
51223,0.07269177918224784,0.5475406653904035,0.07269177918224784
51224,0.25051727186112666,0.5756537102540298,0.25051727186112666
51225,0.09566262816483713,0.17872107060606376,0.09566262816483713
51226,0.4879749423924207,0.7789206396756574,0.4879749423924207
51227,0.3629229162315234,0.6218837468687336,0.3629229162315234
51228,0.03205134283351696,0.10230025559568978,0.03205134283351696
51229,0.35320494994098406,0.9007234370187068,0.35320494994098406
51230,0.03972299178414335,0.14188130796775772,0.03972299178414335
51231,0.13590400849027298,0.1591094963740865,0.13590400849027298
51232,0.08482104512210362,0.037724985948144704,0.08482104512210362
51233,0.03956093196610566,0.0176771342290781,0.03956093196610566
51234,0.07704807526909409,0.14581151779182494,0.07704807526909409
51235,0.14915367739345622,0.4565696355447448,0.14915367739345622
51236,0.0982087936839681,0.2535969617073849,0.0982087936839681
51237,0.08673661460094584,0.3674284412486579,0.08673661460094584
51238,0.20650488242946025,0.37810559370631636,0.20650488242946025
51239,0.12257973107610703,0.041439769125007075,0.12257973107610703
51240,0.32983986973190244,0.3530891984045258,0.32983986973190244
51241,0.02726201062768549,0.045092741357417664,0.02726201062768549
51242,0.06276567602426336,0.10910012172568043,0.06276567602426336
51243,0.08852413994967559,0.3768036261639118,0.08852413994967559
51244,0.1757509135773212,0.7742605028430279,0.1757509135773212
51245,0.0463943014617636,0.11419156848824392,0.0463943014617636
51246,0.04218019735791742,0.7775952852876213,0.04218019735791742
51247,0.07299812467033737,0.23626432816530288,0.07299812467033737
51248,0.07348138164420197,0.05243358721188565,0.07348138164420197
51249,0.6168731605573453,0.6286883633872384,0.6168731605573453
51250,0.07397449774701823,0.06490699193472453,0.07397449774701823
51251,0.05283687212712399,0.11268947686984779,0.05283687212712399
51252,0.053904101728259685,0.2725783186426705,0.053904101728259685
51253,0.02373338281928802,0.22767012119187613,0.02373338281928802
51254,0.21609662106421734,0.4477393824738191,0.21609662106421734
51255,0.03456913372390839,0.18767531215518593,0.03456913372390839
51256,0.2681616044922785,0.04697670458608279,0.2681616044922785
51257,0.6520920435246729,0.9051266340563068,0.6520920435246729
51258,0.03992703677086275,0.08539029239252117,0.03992703677086275
51259,0.03110459340837214,0.04883208674230986,0.03110459340837214
51260,0.06417057728235412,0.5550313403225976,0.06417057728235412
51261,0.09514413868879878,0.3969037827045348,0.09514413868879878
51262,0.03911919190980825,0.3534099607985726,0.03911919190980825
51263,0.04937757405373142,0.0711472145044001,0.04937757405373142
51264,0.05161803372717274,0.09903440770367482,0.05161803372717274
51265,0.4604792414931951,0.5036938105915839,0.4604792414931951
51266,0.0517568237625908,0.1754588908268082,0.0517568237625908
51267,0.11129254985754546,0.7485324658672384,0.11129254985754546
51268,0.03668901148374085,0.5373213234501505,0.03668901148374085
51269,0.09330731381878789,0.5533033090416415,0.09330731381878789
51270,0.055385796744133464,0.1068652851882828,0.055385796744133464
51271,0.06549716493292405,0.16160460222545667,0.06549716493292405
51272,0.11029022035862172,0.38799117043523884,0.11029022035862172
51273,0.5590878914079466,0.13999452013485456,0.5590878914079466
51274,0.04469838321912223,0.08355297896795495,0.04469838321912223
51275,0.10129093242937541,0.28532773507090076,0.10129093242937541
51276,0.18861746970224685,0.3007023283339893,0.18861746970224685
51277,0.20264290867435777,0.16465511474297367,0.20264290867435777
51278,0.014369122165914234,0.09946612682287928,0.014369122165914234
51279,0.04522270833161407,0.3126651861672979,0.04522270833161407
51280,0.17101285673441946,0.5156235681999143,0.17101285673441946
51281,0.24655000290976217,0.3312995330251701,0.24655000290976217
51282,0.3157415194538682,0.49071019719862163,0.3157415194538682
51283,0.03901785093313389,0.4634372547611663,0.03901785093313389
51284,0.45529946237395924,0.8235966169367519,0.45529946237395924
51285,0.10122394364648647,0.1643675642202269,0.10122394364648647
51286,0.06930940326662625,0.08593805663896276,0.06930940326662625
51287,0.029664418110873784,0.10427284147493243,0.029664418110873784
51288,0.09246697889768422,0.21327656295008932,0.09246697889768422
51289,0.2254778734230167,0.6892297006567076,0.2254778734230167
51290,0.036361076967616465,0.022338335695434013,0.036361076967616465
51291,0.43927580083851075,0.40979935484668395,0.43927580083851075
51292,0.13227160671833438,0.42966342083359715,0.13227160671833438
51293,0.039478690292995694,0.7697523873437498,0.039478690292995694
51294,0.010603347577521904,0.010400891893444359,0.010603347577521904
51295,0.0729368810311084,0.3937704045087883,0.0729368810311084
51296,0.11963411889043693,0.9182889907615377,0.11963411889043693
51297,0.6008366772069647,0.762671028271203,0.6008366772069647
51298,0.3172631210246092,0.34257540678678433,0.3172631210246092
51299,0.0456215925563254,0.6478510533974731,0.0456215925563254
51300,0.24293037737736323,0.4415273726715854,0.24293037737736323
51301,0.0836923259263203,0.21106277749776156,0.0836923259263203
51302,0.0737422441107248,0.6011640487297533,0.0737422441107248
51303,0.06787864208179824,0.36280275607823065,0.06787864208179824
51304,0.06306182187384216,0.7943142101805302,0.06306182187384216
51305,0.40310930342102624,0.6277074502708134,0.40310930342102624
51306,0.5094343257651777,0.6247286954599868,0.5094343257651777
51307,0.4248352015363714,0.7398923706900851,0.4248352015363714
51308,0.1730564285878636,0.07922704155359901,0.1730564285878636
51309,0.06978915194528933,0.13061319635651716,0.06978915194528933
51310,0.2413979370588714,0.933327690104566,0.2413979370588714
51311,0.017702319547687775,0.586644820524163,0.017702319547687775
51312,0.2757767941561256,0.6805380857537813,0.2757767941561256
51313,0.07745838873543236,0.1985711147150056,0.07745838873543236
51314,0.016128953761227686,0.5326934049613048,0.016128953761227686
51315,0.25822360881982487,0.3432729033914847,0.25822360881982487
51316,0.04112524680929566,0.47144164194786686,0.04112524680929566
51317,0.35409853522968193,0.198392166759623,0.35409853522968193
51318,0.18389198151605837,0.36598030217309796,0.18389198151605837
51319,0.22594938427068748,0.8437211059820913,0.22594938427068748
51320,0.055499311945262246,0.29318266857275277,0.055499311945262246
51321,0.13910095772733685,0.24240912673322668,0.13910095772733685
51322,0.047474029269009274,0.1310808972062707,0.047474029269009274
51323,0.814143365736888,0.8013934436325912,0.814143365736888
51324,0.08236019990429079,0.20015359467351834,0.08236019990429079
51325,0.03765898494094846,0.56049551400444,0.03765898494094846
51326,0.3157272417740434,0.5456876651918925,0.3157272417740434
51327,0.2087325255875903,0.045536201259617166,0.2087325255875903
51328,0.018423351575592904,0.20373826999605835,0.018423351575592904
51329,0.10166286926045584,0.20430659068299414,0.10166286926045584
51330,0.14392909287729563,0.23779309650395009,0.14392909287729563
51331,0.02197409322180778,0.1339382546670587,0.02197409322180778
51332,0.15050937337056075,0.8163985321422437,0.15050937337056075
51333,0.11632290066458163,0.8701056492563645,0.11632290066458163
51334,0.06243562446359674,0.09145724785979045,0.06243562446359674
51335,0.16702697749021148,0.5167208175079498,0.16702697749021148
51336,0.0859955869960459,0.45116809759141413,0.0859955869960459
51337,0.6932189351514316,0.6143641339239878,0.6932189351514316
51338,0.08699630170093449,0.24807172700256255,0.08699630170093449
51339,0.028078718531332123,0.4555338027396417,0.028078718531332123
51340,0.13773520846339227,0.45221928961594515,0.13773520846339227
51341,0.03713647505370266,0.27323805920157845,0.03713647505370266
51342,0.2084247385744916,0.3709510776647714,0.2084247385744916
51343,0.9050337943085487,0.8526599500561636,0.9050337943085487
51344,0.05857790781344949,0.23420113666354686,0.05857790781344949
51345,0.021879314876130443,0.6702793611231254,0.021879314876130443
51346,0.08968472540121791,0.1946787258612204,0.08968472540121791
51347,0.15920481967354078,0.7044396489655332,0.15920481967354078
51348,0.05250836567884755,0.7041695564885521,0.05250836567884755
51349,0.061869973801276824,0.5117449695741743,0.061869973801276824
51350,0.036309454039520184,0.06533443028409874,0.036309454039520184
51351,0.2110945704372437,0.7131782610881409,0.2110945704372437
51352,0.10887858212492368,0.09447275668550542,0.10887858212492368
51353,0.009400086210308255,0.027192547744637655,0.009400086210308255
51354,0.031421637678162966,0.01967174754577164,0.031421637678162966
51355,0.07581090040716217,0.19428990786717798,0.07581090040716217
51356,0.40410624332992395,0.3281067765768448,0.40410624332992395
51357,0.1684723991203634,0.37721250232792747,0.1684723991203634
51358,0.06451215046904589,0.7024834119902459,0.06451215046904589
51359,0.030707161341177288,0.17830585834938717,0.030707161341177288
51360,0.01982079552462738,0.10429051941707192,0.01982079552462738
51361,0.04147218030137586,0.22992402919374483,0.04147218030137586
51362,0.0470434509772682,0.13026038964577924,0.0470434509772682
51363,0.11775283802293646,0.1560553164898695,0.11775283802293646
51364,0.01705661294608186,0.13417981491638506,0.01705661294608186
51365,0.051247042089504556,0.21390103110539976,0.051247042089504556
51366,0.02112256157958044,0.029289095754761345,0.02112256157958044
51367,0.040599931435277625,0.18808773830189526,0.040599931435277625
51368,0.09181815269812724,0.7277027594471155,0.09181815269812724
51369,0.07110794166616048,0.14212666540024696,0.07110794166616048
51370,0.03657550858547401,0.12190342013680307,0.03657550858547401
51371,0.7994979247423804,0.9360596548089213,0.7994979247423804
51372,0.015514960602708652,0.03168664671781227,0.015514960602708652
51373,0.1009576017520348,0.729171723570093,0.1009576017520348
51374,0.052108596779594354,0.3595922985515388,0.052108596779594354
51375,0.497076849033074,0.7482577505630431,0.497076849033074
51376,0.06642871665860409,0.812530378611007,0.06642871665860409
51377,0.07480942363487353,0.0921964863098132,0.07480942363487353
51378,0.5042178598590513,0.2275128193979398,0.5042178598590513
51379,0.07471876690514426,0.4419867824433425,0.07471876690514426
51380,0.08614306238063787,0.7322653492314978,0.08614306238063787
51381,0.21767473661155537,0.7814718581426175,0.21767473661155537
51382,0.13725021488876243,0.41125892012896287,0.13725021488876243
51383,0.09987719260870735,0.19172039714742573,0.09987719260870735
51384,0.11663716309922403,0.14481122924960887,0.11663716309922403
51385,0.12920751006332068,0.5135170410590297,0.12920751006332068
51386,0.0233241363094121,0.03629553818043395,0.0233241363094121
51387,0.09220979379056941,0.9148213568180427,0.09220979379056941
51388,0.15431527808481435,0.7720592864465549,0.15431527808481435
51389,0.04288836795355037,0.4285614585729045,0.04288836795355037
51390,0.15019376224267103,0.8417819289106495,0.15019376224267103
51391,0.061772955722869866,0.2753568921045012,0.061772955722869866
51392,0.12029494020724499,0.3854308018027162,0.12029494020724499
51393,0.06416650815179457,0.19832091684359143,0.06416650815179457
51394,0.5283745612535895,0.6509020171999733,0.5283745612535895
51395,0.2090263993459209,0.41877812981917006,0.2090263993459209
51396,0.12410623276676176,0.34787512612113314,0.12410623276676176
51397,0.21063486298193085,0.4783289172453143,0.21063486298193085
51398,0.10524557557828092,0.2606498593658176,0.10524557557828092
51399,0.3312825904997863,0.8206435285324061,0.3312825904997863
51400,0.5406423159444486,0.7346879644502453,0.5406423159444486
51401,0.0598906520871349,0.20627341322746245,0.0598906520871349
51402,0.2403318222990796,0.23008746345026998,0.2403318222990796
51403,0.07784895135416037,0.4586466305239046,0.07784895135416037
51404,0.03524984693257701,0.36112312767827087,0.03524984693257701
51405,0.03128975807395979,0.2236359141060407,0.03128975807395979
51406,0.15621807651183042,0.19218419184253524,0.15621807651183042
51407,0.13910289238936602,0.606037205918935,0.13910289238936602
51408,0.775524207634161,0.9492175685958685,0.775524207634161
51409,0.024525061254083345,0.12036327494000089,0.024525061254083345
51410,0.07648325061215697,0.8060785925684156,0.07648325061215697
51411,0.011599383667298225,0.012510560059112857,0.011599383667298225
51412,0.031535493080824664,0.30337530042503985,0.031535493080824664
51413,0.056175249502902425,0.2619102712909468,0.056175249502902425
51414,0.13304095773366836,0.6082741938834441,0.13304095773366836
51415,0.11422331278026375,0.22464446036722444,0.11422331278026375
51416,0.26048496937641563,0.3896714538622367,0.26048496937641563
51417,0.05695729525924562,0.03595932384532878,0.05695729525924562
51418,0.056725644711716004,0.404065275042981,0.056725644711716004
51419,0.09660645269017959,0.3425709426039211,0.09660645269017959
51420,0.07676638514523067,0.24153823701837684,0.07676638514523067
51421,0.017089061783714776,0.07115325157255815,0.017089061783714776
51422,0.29262929977693314,0.07634945155735791,0.29262929977693314
51423,0.009714955702001024,0.01666286433743825,0.009714955702001024
51424,0.31426097149095333,0.452192869445471,0.31426097149095333
51425,0.04351563437412069,0.13675604226204782,0.04351563437412069
51426,0.0657793531638006,0.2067498067792938,0.0657793531638006
51427,0.11272122822262437,0.6342763952698279,0.11272122822262437
51428,0.03251905102509567,0.18825300896235891,0.03251905102509567
51429,0.2204771697603445,0.11450718397242066,0.2204771697603445
51430,0.14309108064490467,0.5873825718686282,0.14309108064490467
51431,0.056116601496553814,0.12394375621811955,0.056116601496553814
51432,0.14589052312009,0.3277240571680587,0.14589052312009
51433,0.02327847276339281,0.7582780596245304,0.02327847276339281
51434,0.13374977176886838,0.6148306166885161,0.13374977176886838
51435,0.07352413147923044,0.18098822682114588,0.07352413147923044
51436,0.030399149071706055,0.7205808228344857,0.030399149071706055
51437,0.2517957115161892,0.3671011639371777,0.2517957115161892
51438,0.15442371767251312,0.4236079495731682,0.15442371767251312
51439,0.05553991278464036,0.3834180105288508,0.05553991278464036
51440,0.07996596444198698,0.8310341338595204,0.07996596444198698
51441,0.6185256932049897,0.598012298516987,0.6185256932049897
51442,0.018898404536177926,0.42564688682745305,0.018898404536177926
51443,0.034950507395260406,0.3229594518545142,0.034950507395260406
51444,0.03827310775332736,0.03106088698768985,0.03827310775332736
51445,0.09475997221321936,0.07211304347702174,0.09475997221321936
51446,0.04954713406617479,0.598405383691584,0.04954713406617479
51447,0.11179873381608231,0.22240359617545094,0.11179873381608231
51448,0.41948996469487365,0.2685769149059209,0.41948996469487365
51449,0.08379819873623356,0.16370188862713297,0.08379819873623356
51450,0.0316321611390012,0.32675568493068397,0.0316321611390012
51451,0.13241509734060591,0.6769481203577253,0.13241509734060591
51452,0.20365212450970288,0.5432878874102434,0.20365212450970288
51453,0.017593542034160428,0.022739578922143257,0.017593542034160428
51454,0.06391978443411754,0.23675774789829782,0.06391978443411754
51455,0.28747184367193523,0.23433178434749968,0.28747184367193523
51456,0.1582985175447776,0.4708289457475784,0.1582985175447776
51457,0.03508898590386241,0.6442049315014029,0.03508898590386241
51458,0.06321100127961296,0.5651446285501716,0.06321100127961296
51459,0.11434413695570188,0.3907101069735004,0.11434413695570188
51460,0.17229877239891192,0.7554447724093994,0.17229877239891192
51461,0.13051632766982238,0.30369158434528953,0.13051632766982238
51462,0.5094313407957152,0.8010204859384011,0.5094313407957152
51463,0.4225149580241195,0.6213825584348801,0.4225149580241195
51464,0.7986082157438918,0.8747359242372955,0.7986082157438918
51465,0.14878798046268527,0.27987908324119093,0.14878798046268527
51466,0.08994890232718863,0.08197525452838048,0.08994890232718863
51467,0.7060181159740272,0.9130128952172731,0.7060181159740272
51468,0.13129968894646418,0.30955309024900934,0.13129968894646418
51469,0.021356222487194265,0.11347860112069053,0.021356222487194265
51470,0.04230470194374029,0.6118059794072922,0.04230470194374029
51471,0.08043897259580221,0.8330894569097719,0.08043897259580221
51472,0.03964406458271278,0.017153248574356378,0.03964406458271278
51473,0.6749507987302659,0.7001503705155938,0.6749507987302659
51474,0.15681970842667808,0.07109787470005366,0.15681970842667808
51475,0.027918078863507924,0.5199259062504039,0.027918078863507924
51476,0.11655696393098428,0.17788724381077378,0.11655696393098428
51477,0.2101775558182822,0.7177211860301704,0.2101775558182822
51478,0.0728489152245733,0.3824201954624335,0.0728489152245733
51479,0.3895881291302912,0.8082059178209001,0.3895881291302912
51480,0.42150148415187616,0.8370082550885309,0.42150148415187616
51481,0.0635654209867958,0.1839603004824939,0.0635654209867958
51482,0.036269754129781916,0.07517579275987926,0.036269754129781916
51483,0.01855462051158478,0.46568890613914865,0.01855462051158478
51484,0.1971422128022532,0.255254154754324,0.1971422128022532
51485,0.06180868573728215,0.06701039992093663,0.06180868573728215
51486,0.044383823132031965,0.19254856880572668,0.044383823132031965
51487,0.052786268702359654,0.12001345457863913,0.052786268702359654
51488,0.007504693735232068,0.03970526047008061,0.007504693735232068
51489,0.13785616182467061,0.1774174060838588,0.13785616182467061
51490,0.027160805001484472,0.12554054076122917,0.027160805001484472
51491,0.1278409088361999,0.33113272910988284,0.1278409088361999
51492,0.18249583041691947,0.47891383395273374,0.18249583041691947
51493,0.04366444472487925,0.07607150007746943,0.04366444472487925
51494,0.17081899979949694,0.5229272221218637,0.17081899979949694
51495,0.05603565205308066,0.23577805655561743,0.05603565205308066
51496,0.22252209261724828,0.22268085496024054,0.22252209261724828
51497,0.29422125286155654,0.5318279557335217,0.29422125286155654
51498,0.22570735587083665,0.3994872533204039,0.22570735587083665
51499,0.023794889665625724,0.05402497568240452,0.023794889665625724
51500,0.16031603798778726,0.2601449396158361,0.16031603798778726
51501,0.1279168296789235,0.226918227127307,0.1279168296789235
51502,0.22718206523141715,0.1442972444770715,0.22718206523141715
51503,0.04112267731827896,0.18084143093933536,0.04112267731827896
51504,0.030234824400842124,0.19532900661248387,0.030234824400842124
51505,0.03354482210792859,0.3577741182888162,0.03354482210792859
51506,0.03601992965759635,0.739155315431629,0.03601992965759635
51507,0.05833022382789095,0.05353218889296717,0.05833022382789095
51508,0.049861079642740606,0.19844374140498297,0.049861079642740606
51509,0.01648086059107464,0.11875262741190153,0.01648086059107464
51510,0.06621863979235151,0.29651933595572416,0.06621863979235151
51511,0.047527816958408,0.08509759745928082,0.047527816958408
51512,0.16347079701034906,0.815136395533051,0.16347079701034906
51513,0.5040706478230069,0.33738517603668783,0.5040706478230069
51514,0.05403108735063482,0.5446775264717411,0.05403108735063482
51515,0.0935075760754971,0.611819370469057,0.0935075760754971
51516,0.07540701135073552,0.2906801037678278,0.07540701135073552
51517,0.13346600825992766,0.7191913954540815,0.13346600825992766
51518,0.449785088872431,0.5389186814706467,0.449785088872431
51519,0.08242152931637547,0.3183373899399661,0.08242152931637547
51520,0.16078004296354925,0.43026170644906203,0.16078004296354925
51521,0.25568427172333175,0.34773358598247933,0.25568427172333175
51522,0.11255113934068305,0.7938499858265264,0.11255113934068305
51523,0.28256160702311994,0.6434933440119965,0.28256160702311994
51524,0.028960055249719622,0.01332807187013477,0.028960055249719622
51525,0.05283187392705562,0.3291608960285126,0.05283187392705562
51526,0.6580578490951285,0.7847893554165802,0.6580578490951285
51527,0.5624464331540326,0.4405877919106587,0.5624464331540326
51528,0.14352757161546018,0.11910272499591619,0.14352757161546018
51529,0.017598971255699394,0.09202430954173595,0.017598971255699394
51530,0.030759013590631497,0.2592880601291968,0.030759013590631497
51531,0.057135653660061334,0.9038211605569145,0.057135653660061334
51532,0.21683388592193775,0.483565219751012,0.21683388592193775
51533,0.023925392725049784,0.10623083442477646,0.023925392725049784
51534,0.5337464336219762,0.6278726632822862,0.5337464336219762
51535,0.11999943474944483,0.7685388543547125,0.11999943474944483
51536,0.38131320729745044,0.4421976946435703,0.38131320729745044
51537,0.15755910364290115,0.8873205562654946,0.15755910364290115
51538,0.14017245867059497,0.37215766904788794,0.14017245867059497
51539,0.06289637610679356,0.8094467493774259,0.06289637610679356
51540,0.02003638782250828,0.39856142684341356,0.02003638782250828
51541,0.02705795979162349,0.33588927195431717,0.02705795979162349
51542,0.03237249520848931,0.17416342796760448,0.03237249520848931
51543,0.056219002017422685,0.11724882229343707,0.056219002017422685
51544,0.04343802135683255,0.8552852442283891,0.04343802135683255
51545,0.037771437769010215,0.8373462975339148,0.037771437769010215
51546,0.06821195939124365,0.062431825649893205,0.06821195939124365
51547,0.3433904555113587,0.5440333367046415,0.3433904555113587
51548,0.015357332565812891,0.1981759107287327,0.015357332565812891
51549,0.12688011257409304,0.16971973475454366,0.12688011257409304
51550,0.08273878578835973,0.14716845935534784,0.08273878578835973
51551,0.5869993191517762,0.430596688454202,0.5869993191517762
51552,0.02542229725673766,0.057893915505626725,0.02542229725673766
51553,0.03908851260099378,0.021056970280198994,0.03908851260099378
51554,0.19153452639835608,0.06613589968649958,0.19153452639835608
51555,0.05683815338450516,0.06512277991776436,0.05683815338450516
51556,0.12713140160239395,0.4585675158566438,0.12713140160239395
51557,0.032758771885312045,0.09194805591753206,0.032758771885312045
51558,0.1016268651494509,0.47728243807724524,0.1016268651494509
51559,0.1564650365818875,0.5266548298118072,0.1564650365818875
51560,0.05079895580056048,0.18459873121115347,0.05079895580056048
51561,0.06592880319682419,0.2413895578050323,0.06592880319682419
51562,0.13709883253999142,0.1909571121240273,0.13709883253999142
51563,0.2813672528389392,0.44286182185433154,0.2813672528389392
51564,0.018304119681169368,0.09116654136008051,0.018304119681169368
51565,0.09141953497959429,0.6374222553582543,0.09141953497959429
51566,0.03167941323483991,0.2101214087246135,0.03167941323483991
51567,0.06715624606868648,0.3594396720324753,0.06715624606868648
51568,0.5569753182660965,0.7604130515838682,0.5569753182660965
51569,0.05702694846375832,0.06427365281918831,0.05702694846375832
51570,0.7983931256915157,0.736786218447792,0.7983931256915157
51571,0.25739288038451025,0.7540528852368166,0.25739288038451025
51572,0.0787735170373303,0.4808059617716402,0.0787735170373303
51573,0.04927800031515071,0.6504496829665858,0.04927800031515071
51574,0.059857031682080133,0.1807628753767923,0.059857031682080133
51575,0.11964041526092675,0.5664890669698558,0.11964041526092675
51576,0.06197946582455881,0.9100492429027971,0.06197946582455881
51577,0.04008997658243031,0.10506161326104706,0.04008997658243031
51578,0.42233016288250536,0.4143805935144318,0.42233016288250536
51579,0.47361556321216514,0.350155897295259,0.47361556321216514
51580,0.017919548485002084,0.4239132556245517,0.017919548485002084
51581,0.03907518146276782,0.07692025118418884,0.03907518146276782
51582,0.026131900205463212,0.6061321038674862,0.026131900205463212
51583,0.06005146152315252,0.4183478300504334,0.06005146152315252
51584,0.046290125507248495,0.21087772665025298,0.046290125507248495
51585,0.0972333152968489,0.8686636974748285,0.0972333152968489
51586,0.7587937233974653,0.6036010019972053,0.7587937233974653
51587,0.07727968798564117,0.12369889565936287,0.07727968798564117
51588,0.021444107746938557,0.012442309890526403,0.021444107746938557
51589,0.1826144803604393,0.8379663189821127,0.1826144803604393
51590,0.11655388324233511,0.8905875292455455,0.11655388324233511
51591,0.11948239772174382,0.4788209329104296,0.11948239772174382
51592,0.061161749775449824,0.11672648674914024,0.061161749775449824
51593,0.1771913498421522,0.3584087515004135,0.1771913498421522
51594,0.009268324733547365,0.30046826026105306,0.009268324733547365
51595,0.3369741089002967,0.6549682317658331,0.3369741089002967
51596,0.0977704945226046,0.10897219753695572,0.0977704945226046
51597,0.4211223648574063,0.7191027383386971,0.4211223648574063
51598,0.11064091159219284,0.4244959698873357,0.11064091159219284
51599,0.16140285954872982,0.7160001169541039,0.16140285954872982
51600,0.04343415777895389,0.07475225350338009,0.04343415777895389
51601,0.10507296875777183,0.11252119916100817,0.10507296875777183
51602,0.018104457657342535,0.052233741537730076,0.018104457657342535
51603,0.06239996394276185,0.7847638347896821,0.06239996394276185
51604,0.6888709441269348,0.8135552604798469,0.6888709441269348
51605,0.14839382264323603,0.13287415532942784,0.14839382264323603
51606,0.0539624807456744,0.15129183236906096,0.0539624807456744
51607,0.9179126751433656,0.6946629825165953,0.9179126751433656
51608,0.09128507553327474,0.37303575472074274,0.09128507553327474
51609,0.188726088749851,0.4884652783373664,0.188726088749851
51610,0.011095448065880305,0.09905143903267896,0.011095448065880305
51611,0.2030752258756261,0.30255724355659763,0.2030752258756261
51612,0.5706576556013766,0.7864670089637734,0.5706576556013766
51613,0.2670962188339532,0.46541864118904946,0.2670962188339532
51614,0.009629353585558765,0.0484010676169452,0.009629353585558765
51615,0.540291335678695,0.5623142599563237,0.540291335678695
51616,0.03612467246280183,0.328704466529637,0.03612467246280183
51617,0.0643471223589924,0.437980147679195,0.0643471223589924
51618,0.08031397647349572,0.20007372524703868,0.08031397647349572
51619,0.028023535496894056,0.6367918909307029,0.028023535496894056
51620,0.07422747846287861,0.4111107301915408,0.07422747846287861
51621,0.046209013106648635,0.0201587667939767,0.046209013106648635
51622,0.6070838213744028,0.776703063903211,0.6070838213744028
51623,0.014938864644015252,0.08098645442918147,0.014938864644015252
51624,0.08140992540972743,0.5145269945484378,0.08140992540972743
51625,0.11591400958736062,0.40082754652163866,0.11591400958736062
51626,0.1644932343142637,0.9026769523883915,0.1644932343142637
51627,0.8591545947219071,0.8267782202822874,0.8591545947219071
51628,0.016382963535409533,0.03985848923170764,0.016382963535409533
51629,0.06288738612410022,0.4459281289091994,0.06288738612410022
51630,0.14609393764033116,0.17633577461039066,0.14609393764033116
51631,0.09878375381727904,0.6305146025240281,0.09878375381727904
51632,0.312499649740056,0.13523331464020222,0.312499649740056
51633,0.17265993282467415,0.7065048206134923,0.17265993282467415
51634,0.017721856262116604,0.007032582284966771,0.017721856262116604
51635,0.03077253843604861,0.22136366569295288,0.03077253843604861
51636,0.12103176554017708,0.5076747550606451,0.12103176554017708
51637,0.042155081399693824,0.2197699764171796,0.042155081399693824
51638,0.03219465765506027,0.34613932579925766,0.03219465765506027
51639,0.3090198258916463,0.4440596797821632,0.3090198258916463
51640,0.39450941435144526,0.5177648641757034,0.39450941435144526
51641,0.78154064955848,0.7126422634997237,0.78154064955848
51642,0.3156434390118494,0.290818303096067,0.3156434390118494
51643,0.044499989197245585,0.2838177662113429,0.044499989197245585
51644,0.28689428423234575,0.20183258769843127,0.28689428423234575
51645,0.45945397091727413,0.5646453168623841,0.45945397091727413
51646,0.1455991595457257,0.580427858194079,0.1455991595457257
51647,0.053220786265247136,0.07543921663882355,0.053220786265247136
51648,0.2511045177500662,0.4356698336129464,0.2511045177500662
51649,0.06482575344065858,0.3073096201136082,0.06482575344065858
51650,0.1761280863346791,0.8072111072247812,0.1761280863346791
51651,0.2471263536785994,0.5575484172742522,0.2471263536785994
51652,0.06694997211048027,0.6030766184931725,0.06694997211048027
51653,0.028066942849215588,0.201504957616482,0.028066942849215588
51654,0.5852935177580025,0.42597273559155496,0.5852935177580025
51655,0.7597791501849861,0.948559856308514,0.7597791501849861
51656,0.07988812069501146,0.46402740505528717,0.07988812069501146
51657,0.07810868699346678,0.18561951601955962,0.07810868699346678
51658,0.016571881807501278,0.017115102101414197,0.016571881807501278
51659,0.019799803632365155,0.03621118170413816,0.019799803632365155
51660,0.05106919514073464,0.03370868304201493,0.05106919514073464
51661,0.04626649291782488,0.7156687429961399,0.04626649291782488
51662,0.09551048398466831,0.7825704555132235,0.09551048398466831
51663,0.14819458842971325,0.6519919205086233,0.14819458842971325
51664,0.03867316353405774,0.8501610368557704,0.03867316353405774
51665,0.04180440639189756,0.569484852794431,0.04180440639189756
51666,0.19350655751802318,0.23348871705718746,0.19350655751802318
51667,0.6564101082187689,0.850077385230177,0.6564101082187689
51668,0.33182747585467026,0.33267485034899064,0.33182747585467026
51669,0.12229193798950536,0.4639114470069676,0.12229193798950536
51670,0.34527189012701565,0.5504128297955202,0.34527189012701565
51671,0.2385601300847236,0.31557955524636705,0.2385601300847236
51672,0.2504839024407914,0.7018942191282711,0.2504839024407914
51673,0.07226758908809906,0.25213656658505157,0.07226758908809906
51674,0.16927737156014447,0.07570563477256773,0.16927737156014447
51675,0.045860453030092174,0.43793982926280794,0.045860453030092174
51676,0.5581072188037928,0.58842063816655,0.5581072188037928
51677,0.035958196064328034,0.12043182698100868,0.035958196064328034
51678,0.7736668511761693,0.7772152918967767,0.7736668511761693
51679,0.2692121243735897,0.39477287030558994,0.2692121243735897
51680,0.07081656852996382,0.3051243177713084,0.07081656852996382
51681,0.035918773902030236,0.8759628657972806,0.035918773902030236
51682,0.009255079519224205,0.010768119360447382,0.009255079519224205
51683,0.014573712311424012,0.15339229327563475,0.014573712311424012
51684,0.251054213020312,0.4347135282809657,0.251054213020312
51685,0.08387953916265904,0.5167920873919101,0.08387953916265904
51686,0.061707846613865,0.9069416628850256,0.061707846613865
51687,0.029161768264136783,0.08735969793858998,0.029161768264136783
51688,0.3114080888458028,0.8638107292930405,0.3114080888458028
51689,0.20144233795030475,0.24919327046404796,0.20144233795030475
51690,0.033000134215859615,0.28642347995002965,0.033000134215859615
51691,0.06380634666471946,0.2638874245234775,0.06380634666471946
51692,0.03326233002894881,0.13209568674515373,0.03326233002894881
51693,0.031247244873099097,0.1178408215986793,0.031247244873099097
51694,0.022204459772439615,0.04073608820496551,0.022204459772439615
51695,0.02140314404810139,0.1962701148218693,0.02140314404810139
51696,0.005163652920906646,0.008853331402969608,0.005163652920906646
51697,0.010585608339689252,0.06824230423675588,0.010585608339689252
51698,0.12282241393915992,0.7255048919735017,0.12282241393915992
51699,0.13090009284901544,0.15342194757877334,0.13090009284901544
51700,0.26368829736601096,0.8689452577033394,0.26368829736601096
51701,0.22567430873724792,0.45810623746733437,0.22567430873724792
51702,0.039290103803243256,0.0451579395070245,0.039290103803243256
51703,0.7720360518132391,0.9016027020097213,0.7720360518132391
51704,0.05435723483552465,0.8080371871705673,0.05435723483552465
51705,0.1462999949018808,0.3514175227070254,0.1462999949018808
51706,0.07475985874041348,0.23648943932782734,0.07475985874041348
51707,0.05153022809372199,0.0146005337274617,0.05153022809372199
51708,0.03359536555807066,0.649456352952009,0.03359536555807066
51709,0.10158478051776496,0.4203880447861884,0.10158478051776496
51710,0.06340823073862112,0.18738109839095654,0.06340823073862112
51711,0.07065382698592575,0.0725434205506164,0.07065382698592575
51712,0.10960730104069981,0.550412116042701,0.10960730104069981
51713,0.020059966172870654,0.17160732158501807,0.020059966172870654
51714,0.08933942029067786,0.40884380422587724,0.08933942029067786
51715,0.04923031085254978,0.49399562722611745,0.04923031085254978
51716,0.04007876830264144,0.4931372593927268,0.04007876830264144
51717,0.5662720281390629,0.9034037509036789,0.5662720281390629
51718,0.029506978883892393,0.06469430448836111,0.029506978883892393
51719,0.034635738194133674,0.03933588458078508,0.034635738194133674
51720,0.36281810800875164,0.1676019914563583,0.36281810800875164
51721,0.09488782306423277,0.47594190733605796,0.09488782306423277
51722,0.8436826619332354,0.8982050803073959,0.8436826619332354
51723,0.650132339505697,0.6721771908471903,0.650132339505697
51724,0.31303639997071436,0.2067978731648639,0.31303639997071436
51725,0.08810772904836246,0.21098110762583855,0.08810772904836246
51726,0.024916020930586782,0.24773965948338142,0.024916020930586782
51727,0.523688486371015,0.5341119487492485,0.523688486371015
51728,0.045435952656956366,0.2904555601870815,0.045435952656956366
51729,0.8547269646357042,0.8138532817717182,0.8547269646357042
51730,0.10958220035785043,0.838725240128531,0.10958220035785043
51731,0.07848131433299699,0.11397891268742785,0.07848131433299699
51732,0.06165880571701268,0.05307682462674039,0.06165880571701268
51733,0.2758826242874899,0.5786877735074699,0.2758826242874899
51734,0.11829399259103685,0.5239336095028565,0.11829399259103685
51735,0.0837545445546381,0.2535711325949115,0.0837545445546381
51736,0.3233586655129993,0.2670391612219523,0.3233586655129993
51737,0.04657773692944937,0.3852053293190138,0.04657773692944937
51738,0.06896245088651312,0.1670153949077908,0.06896245088651312
51739,0.30139394970865124,0.8851673456647261,0.30139394970865124
51740,0.005490566057781369,0.02661961359587228,0.005490566057781369
51741,0.029745153105987795,0.1569687096599045,0.029745153105987795
51742,0.08385420825478958,0.41003235500346774,0.08385420825478958
51743,0.05136123659611096,0.3320723278757758,0.05136123659611096
51744,0.028937652727793285,0.2850608758235063,0.028937652727793285
51745,0.5860386124595449,0.6610614487542588,0.5860386124595449
51746,0.061891493423149375,0.20706975541170553,0.061891493423149375
51747,0.31100121263504055,0.20879391002187211,0.31100121263504055
51748,0.06422251291471634,0.2264996333593291,0.06422251291471634
51749,0.11399680194805784,0.23817666969649487,0.11399680194805784
51750,0.13057702563249357,0.26175698940391534,0.13057702563249357
51751,0.05686792740406228,0.23386239046880167,0.05686792740406228
51752,0.14196253609178056,0.4290625555217908,0.14196253609178056
51753,0.06421480247608607,0.8067451874013497,0.06421480247608607
51754,0.20478169997699047,0.4643127877355892,0.20478169997699047
51755,0.003381610714913229,0.005208245093124872,0.003381610714913229
51756,0.0371797450326453,0.4584185311120307,0.0371797450326453
51757,0.05240327796490935,0.08121895429806313,0.05240327796490935
51758,0.33240081650967046,0.3871201207766243,0.33240081650967046
51759,0.09008968787726909,0.2557093966012765,0.09008968787726909
51760,0.13164599426288162,0.8442293590150394,0.13164599426288162
51761,0.11171559708627166,0.6096254611294252,0.11171559708627166
51762,0.7260879661151058,0.6335854857771839,0.7260879661151058
51763,0.047313622720894476,0.3048142428258265,0.047313622720894476
51764,0.053993113741971535,0.10198674559162954,0.053993113741971535
51765,0.23515484940892814,0.46017457473456874,0.23515484940892814
51766,0.024267860007033352,0.06457665963899357,0.024267860007033352
51767,0.0849710034062764,0.5656970129075107,0.0849710034062764
51768,0.0766150805237921,0.19700432727606867,0.0766150805237921
51769,0.6260871119055722,0.5005027025549315,0.6260871119055722
51770,0.6293432962736334,0.5036632983276874,0.6293432962736334
51771,0.04970911962168566,0.266740989522938,0.04970911962168566
51772,0.7193345027111203,0.8660379128951657,0.7193345027111203
51773,0.13282209670650516,0.5573936393829934,0.13282209670650516
51774,0.16677816965179593,0.7430914282687422,0.16677816965179593
51775,0.13605064036084982,0.3040517245174841,0.13605064036084982
51776,0.03658488021939714,0.18225723464423418,0.03658488021939714
51777,0.10648347160585758,0.6992583978416297,0.10648347160585758
51778,0.45958350002389464,0.8316352507024145,0.45958350002389464
51779,0.12071510864503572,0.2361552125368453,0.12071510864503572
51780,0.0377360821553688,0.3284426633966677,0.0377360821553688
51781,0.11596657255905223,0.15181912136444797,0.11596657255905223
51782,0.15480969699436375,0.37887375888489244,0.15480969699436375
51783,0.014224313998387361,0.07871961423325506,0.014224313998387361
51784,0.08700817161081625,0.7304435339911407,0.08700817161081625
51785,0.018635514807018777,0.026211731067233412,0.018635514807018777
51786,0.054841600650923854,0.08759074131211936,0.054841600650923854
51787,0.1438365427783877,0.7970831938258112,0.1438365427783877
51788,0.15437374765758774,0.05581866595997097,0.15437374765758774
51789,0.4650661183886054,0.21024553778972255,0.4650661183886054
51790,0.30543953706556703,0.4689533604775793,0.30543953706556703
51791,0.05404779194904586,0.49355095343042577,0.05404779194904586
51792,0.06482742427763971,0.3097548200535319,0.06482742427763971
51793,0.016691291177213078,0.04354530256335704,0.016691291177213078
51794,0.37327555881127183,0.7043160759557846,0.37327555881127183
51795,0.04214259676065002,0.8104703250762918,0.04214259676065002
51796,0.15883887529015137,0.3112176868582414,0.15883887529015137
51797,0.03315996121582112,0.5790059130926457,0.03315996121582112
51798,0.30447029922415425,0.17212402280953706,0.30447029922415425
51799,0.011160051216126655,0.5068919731354318,0.011160051216126655
51800,0.11016819206035462,0.23069113307778058,0.11016819206035462
51801,0.09993506848756259,0.3501820813200182,0.09993506848756259
51802,0.06307937730734042,0.4571017003783268,0.06307937730734042
51803,0.39972055696325565,0.7933412843144103,0.39972055696325565
51804,0.5679043050465623,0.6796866217314137,0.5679043050465623
51805,0.06674809392412119,0.15597885752910257,0.06674809392412119
51806,0.021855862783653493,0.14937718452405963,0.021855862783653493
51807,0.08101237584251615,0.2715281781860786,0.08101237584251615
51808,0.053050143798036804,0.5212634661719484,0.053050143798036804
51809,0.11998830575762158,0.5477672757451835,0.11998830575762158
51810,0.056112487879087465,0.1301367582450726,0.056112487879087465
51811,0.3519164098662369,0.4755958579772128,0.3519164098662369
51812,0.03012919681998765,0.22408389321390357,0.03012919681998765
51813,0.13193244660970127,0.318983591003119,0.13193244660970127
51814,0.14288567029070198,0.8653876480366772,0.14288567029070198
51815,0.30382897814040705,0.4279440418726276,0.30382897814040705
51816,0.09696601061346587,0.04449661039788393,0.09696601061346587
51817,0.04646360354245753,0.13839081452057225,0.04646360354245753
51818,0.14311563982455966,0.274031076098977,0.14311563982455966
51819,0.13871870511250725,0.16842962416971752,0.13871870511250725
51820,0.1425647269571995,0.7198030597837694,0.1425647269571995
51821,0.013275062739386985,0.17635209312061703,0.013275062739386985
51822,0.2210422725516748,0.18491566708420465,0.2210422725516748
51823,0.04479266357490107,0.04674015527850538,0.04479266357490107
51824,0.05607694652886956,0.28015738719984395,0.05607694652886956
51825,0.026526315985821457,0.7025100341629497,0.026526315985821457
51826,0.03171625754323399,0.09504980991370789,0.03171625754323399
51827,0.04021022345216968,0.07854681039450878,0.04021022345216968
51828,0.09109865468984989,0.211564783910382,0.09109865468984989
51829,0.004733120809901022,0.6144831236143321,0.004733120809901022
51830,0.531135341896773,0.5302865825503859,0.531135341896773
51831,0.08109671322767942,0.15293349780198867,0.08109671322767942
51832,0.04113171103710895,0.2781740747543737,0.04113171103710895
51833,0.06341463305842203,0.2636646130760353,0.06341463305842203
51834,0.11527498935044979,0.5374009042073815,0.11527498935044979
51835,0.02901846415306041,0.4818450785159931,0.02901846415306041
51836,0.21182405856874043,0.29695975449985124,0.21182405856874043
51837,0.42996747514845907,0.25412505653879836,0.42996747514845907
51838,0.17754177283818956,0.0874371322014406,0.17754177283818956
51839,0.41392124697628063,0.07210270703750993,0.41392124697628063
51840,0.0629100453402676,0.10901197865151249,0.0629100453402676
51841,0.06461730846475523,0.8726565972065362,0.06461730846475523
51842,0.05755583315923576,0.1738302833575696,0.05755583315923576
51843,0.3188865111772354,0.33657454939876735,0.3188865111772354
51844,0.13971986131113812,0.33221317150872903,0.13971986131113812
51845,0.018620469183520755,0.12382751982583198,0.018620469183520755
51846,0.0382971757805945,0.06110689084405762,0.0382971757805945
51847,0.1336632090244186,0.24413394919896558,0.1336632090244186
51848,0.04112829136010321,0.6806099162035677,0.04112829136010321
51849,0.03760355600282224,0.11381095020061445,0.03760355600282224
51850,0.21221675009233235,0.6808542420958943,0.21221675009233235
51851,0.038687874551614244,0.2751544563371696,0.038687874551614244
51852,0.15988469974931405,0.8361998910931479,0.15988469974931405
51853,0.010226377259659365,0.12772101224672033,0.010226377259659365
51854,0.5196293941295286,0.7775523472762824,0.5196293941295286
51855,0.1631546159668614,0.8957842211301317,0.1631546159668614
51856,0.043174906291286314,0.3054477183430252,0.043174906291286314
51857,0.1680292108973739,0.38102331456036675,0.1680292108973739
51858,0.6100818156399184,0.5412630637700342,0.6100818156399184
51859,0.07935580005447711,0.15054854161167652,0.07935580005447711
51860,0.04172321189105884,0.3558428443214033,0.04172321189105884
51861,0.5989457039781558,0.8901308757826379,0.5989457039781558
51862,0.10169074417941275,0.1848618332860515,0.10169074417941275
51863,0.08457669476252762,0.11695948348368697,0.08457669476252762
51864,0.6904932683741661,0.5221819665984351,0.6904932683741661
51865,0.0826303761101393,0.45262731808985773,0.0826303761101393
51866,0.6323631820444964,0.8347407382307955,0.6323631820444964
51867,0.054070400611945776,0.6584345807145551,0.054070400611945776
51868,0.045878861437478005,0.08406914645728185,0.045878861437478005
51869,0.020017250641125528,0.20233221670406934,0.020017250641125528
51870,0.14719504160276187,0.8548135684839132,0.14719504160276187
51871,0.0370196750342966,0.11980429547221866,0.0370196750342966
51872,0.3663168568973876,0.549556551431782,0.3663168568973876
51873,0.08032567024888583,0.6011683699179322,0.08032567024888583
51874,0.044907218741676684,0.3666250886725433,0.044907218741676684
51875,0.04184185231522365,0.1474412763482808,0.04184185231522365
51876,0.11263175561394376,0.7636868218136288,0.11263175561394376
51877,0.24563731597391875,0.7001506357337354,0.24563731597391875
51878,0.23202557423611725,0.5642070831431863,0.23202557423611725
51879,0.08276547039635032,0.4598303260783452,0.08276547039635032
51880,0.04549218968311307,0.7386709914124443,0.04549218968311307
51881,0.011727399601470859,0.027749512738762815,0.011727399601470859
51882,0.037990515003548046,0.5960285105326342,0.037990515003548046
51883,0.15025237365608954,0.12821211426534154,0.15025237365608954
51884,0.057719136361320526,0.13115482783474167,0.057719136361320526
51885,0.06803262855733959,0.11263102081837854,0.06803262855733959
51886,0.3686800941599096,0.6099861648828944,0.3686800941599096
51887,0.026274005479337184,0.11675223548075632,0.026274005479337184
51888,0.02505206294409477,0.03435008795899906,0.02505206294409477
51889,0.11331604986323454,0.2990048578927373,0.11331604986323454
51890,0.04394371236293984,0.13534061919949805,0.04394371236293984
51891,0.5635854096199491,0.8711260986449163,0.5635854096199491
51892,0.08244249926429545,0.3020003237918302,0.08244249926429545
51893,0.5735778859494515,0.36565113677401717,0.5735778859494515
51894,0.020560813092881207,0.22165271670161676,0.020560813092881207
51895,0.05806627786851925,0.19594045374349434,0.05806627786851925
51896,0.01923266773881282,0.039417386524740354,0.01923266773881282
51897,0.1385441222460711,0.9419530273409576,0.1385441222460711
51898,0.5059741641204705,0.5455042360636349,0.5059741641204705
51899,0.06562844865722643,0.4560370275938681,0.06562844865722643
51900,0.07659332505046486,0.3041222663157502,0.07659332505046486
51901,0.3425983463429992,0.3468707685680327,0.3425983463429992
51902,0.13094042887703938,0.030144880724429293,0.13094042887703938
51903,0.27846985928222906,0.34067220680675303,0.27846985928222906
51904,0.054128350776525176,0.3784214181990964,0.054128350776525176
51905,0.06799759331282089,0.3883593629752401,0.06799759331282089
51906,0.1376093814622796,0.33705396541009636,0.1376093814622796
51907,0.05609357608042857,0.3348408624347257,0.05609357608042857
51908,0.07559112812417099,0.15331297558496626,0.07559112812417099
51909,0.4559809899135797,0.508931386687685,0.4559809899135797
51910,0.04007902315302794,0.1607742108929071,0.04007902315302794
51911,0.076570181114183,0.7754070179483266,0.076570181114183
51912,0.33262991215330234,0.3290485011085248,0.33262991215330234
51913,0.06814588612035538,0.6291678749446878,0.06814588612035538
51914,0.04974411858421141,0.2709243568043667,0.04974411858421141
51915,0.03671511914338441,0.17188781857095276,0.03671511914338441
51916,0.5915086615137024,0.5723573287955824,0.5915086615137024
51917,0.18602438774807992,0.29290958338166795,0.18602438774807992
51918,0.19326219628378855,0.6704477595167619,0.19326219628378855
51919,0.17911100658450785,0.2947664560777128,0.17911100658450785
51920,0.01774236350696102,0.16343333165532437,0.01774236350696102
51921,0.11932651058847704,0.7640987294970608,0.11932651058847704
51922,0.1079601210877164,0.1555801710838601,0.1079601210877164
51923,0.10366142290520995,0.7210789984681815,0.10366142290520995
51924,0.05124064897490006,0.3802046161786081,0.05124064897490006
51925,0.05894470989678351,0.7223255778484706,0.05894470989678351
51926,0.02361858615409212,0.18400731058757477,0.02361858615409212
51927,0.03182204003764413,0.14141076605378544,0.03182204003764413
51928,0.17466588867422797,0.3647704805930397,0.17466588867422797
51929,0.021447376309522575,0.12251877650830846,0.021447376309522575
51930,0.04854665001495833,0.4059383369087184,0.04854665001495833
51931,0.09553916823415455,0.13566148878325826,0.09553916823415455
51932,0.07478567685245058,0.7781070013617256,0.07478567685245058
51933,0.40982629948450866,0.7317497087087882,0.40982629948450866
51934,0.5695872307358458,0.6457562480605249,0.5695872307358458
51935,0.040294596563033615,0.25066631703936093,0.040294596563033615
51936,0.10129711851449703,0.6716704789403001,0.10129711851449703
51937,0.43654676745880905,0.8650082586202826,0.43654676745880905
51938,0.047028875092564364,0.3251354935141842,0.047028875092564364
51939,0.07693803188376853,0.23211121562313006,0.07693803188376853
51940,0.35133263833214795,0.4974104726847102,0.35133263833214795
51941,0.16487246281576542,0.7040120063525676,0.16487246281576542
51942,0.042821841741561326,0.04855921782089011,0.042821841741561326
51943,0.2637895976415768,0.7068631507518889,0.2637895976415768
51944,0.08429491312123177,0.09215872485665244,0.08429491312123177
51945,0.10852995637054857,0.4257347396778519,0.10852995637054857
51946,0.010141132416326165,0.09266870982019892,0.010141132416326165
51947,0.09580408886499617,0.7798276596824064,0.09580408886499617
51948,0.05084462327063137,0.09071625769156522,0.05084462327063137
51949,0.08594839038776311,0.7511244909110723,0.08594839038776311
51950,0.051728098443473015,0.2121247088545731,0.051728098443473015
51951,0.025228814382395406,0.45398200666534333,0.025228814382395406
51952,0.06025287512088906,0.09154687307799411,0.06025287512088906
51953,0.08665032807936975,0.4072912783426645,0.08665032807936975
51954,0.8464174302868098,0.7824140032375015,0.8464174302868098
51955,0.24659395228255232,0.13001760882619454,0.24659395228255232
51956,0.04390355918011122,0.08418144507093793,0.04390355918011122
51957,0.025559219111672367,0.41345805911298555,0.025559219111672367
51958,0.07425407784409198,0.2034976240266775,0.07425407784409198
51959,0.7396337036491455,0.4465443725291145,0.7396337036491455
51960,0.024724059683610064,0.00778112382553477,0.024724059683610064
51961,0.03802673413799109,0.16727818803459538,0.03802673413799109
51962,0.02449817448416599,0.036240476970277595,0.02449817448416599
51963,0.08346428206188347,0.2829795448952707,0.08346428206188347
51964,0.040951441573202046,0.8522637051839507,0.040951441573202046
51965,0.11072259353056912,0.4803661890084251,0.11072259353056912
51966,0.013486481370746723,0.071280161988399,0.013486481370746723
51967,0.019401952080534236,0.059682522029645316,0.019401952080534236
51968,0.5078855062751336,0.5237690610623023,0.5078855062751336
51969,0.05720334341494417,0.6868354437643601,0.05720334341494417
51970,0.5861678181691143,0.7138697872419336,0.5861678181691143
51971,0.07571888541659134,0.328840978483252,0.07571888541659134
51972,0.18501888523057755,0.29681720045692833,0.18501888523057755
51973,0.1542551987618938,0.07299094189609277,0.1542551987618938
51974,0.5381763565835836,0.8019084242596826,0.5381763565835836
51975,0.03905040209810904,0.04990805655425145,0.03905040209810904
51976,0.1446921427781129,0.36112725306718063,0.1446921427781129
51977,0.5216606921329193,0.7798043997175768,0.5216606921329193
51978,0.4377494074275361,0.7425753682113166,0.4377494074275361
51979,0.07976109048606689,0.34979197124293687,0.07976109048606689
51980,0.16949896401564266,0.3133881931540008,0.16949896401564266
51981,0.04553112388566913,0.22652956887363046,0.04553112388566913
51982,0.7226559726138602,0.7850688647867632,0.7226559726138602
51983,0.11200937211417045,0.24643539042337845,0.11200937211417045
51984,0.08945985703336913,0.32894740272546347,0.08945985703336913
51985,0.021389951201206358,0.05781525314510907,0.021389951201206358
51986,0.033044761556599876,0.019215499874557583,0.033044761556599876
51987,0.05133459128363259,0.17429185099059558,0.05133459128363259
51988,0.04348094243344031,0.41286858624240097,0.04348094243344031
51989,0.008541086764916802,0.09817746362602683,0.008541086764916802
51990,0.08356113298943806,0.1186846050786097,0.08356113298943806
51991,0.0783922946680436,0.7201715842117272,0.0783922946680436
51992,0.165993346473772,0.506041185228742,0.165993346473772
51993,0.17999681937107978,0.745757283577632,0.17999681937107978
51994,0.04045539749467222,0.3201361699853937,0.04045539749467222
51995,0.013959673862518401,0.12267531515782676,0.013959673862518401
51996,0.04754600792913728,0.10327619556219293,0.04754600792913728
51997,0.04626405894457423,0.01567839976800251,0.04626405894457423
51998,0.13392730766909441,0.5657223435111773,0.13392730766909441
51999,0.03585092760981084,0.5128053103414885,0.03585092760981084
52000,0.06075937842316134,0.09142232223480398,0.06075937842316134
52001,0.06505501388270897,0.1279326027055238,0.06505501388270897
52002,0.23369653470887053,0.3499755521006908,0.23369653470887053
52003,0.7346964033324758,0.6113578814698779,0.7346964033324758
52004,0.03920604189660173,0.3251736099815485,0.03920604189660173
52005,0.029220237394501053,0.1682241614085897,0.029220237394501053
52006,0.10831855655233416,0.26340107723721845,0.10831855655233416
52007,0.0852419307014966,0.050764149255877175,0.0852419307014966
52008,0.1048282694325125,0.3766974823021017,0.1048282694325125
52009,0.0883727885163644,0.35748446046931603,0.0883727885163644
52010,0.4575556563402095,0.1504913930076356,0.4575556563402095
52011,0.08368562147318004,0.20512815444355645,0.08368562147318004
52012,0.07105396921548501,0.10333229258829085,0.07105396921548501
52013,0.06261931822684294,0.4614197399873356,0.06261931822684294
52014,0.23790652712113267,0.5174602581260713,0.23790652712113267
52015,0.03683828487198258,0.2053034842801748,0.03683828487198258
52016,0.06509563571293689,0.4607794667812591,0.06509563571293689
52017,0.05980746099006101,0.2967558472327971,0.05980746099006101
52018,0.1372253313198518,0.1878045223810036,0.1372253313198518
52019,0.38277856954812584,0.687165394411819,0.38277856954812584
52020,0.06736342133962255,0.2322268936794991,0.06736342133962255
52021,0.058120451199710675,0.2357918780573461,0.058120451199710675
52022,0.07573309028822563,0.7864893882324511,0.07573309028822563
52023,0.10075096029985746,0.5129444965871496,0.10075096029985746
52024,0.13091339456347764,0.2597066660239485,0.13091339456347764
52025,0.38605028526447177,0.6423472504224219,0.38605028526447177
52026,0.023823437773853522,0.16562780226721252,0.023823437773853522
52027,0.13441197416373635,0.1718576921257892,0.13441197416373635
52028,0.07440981252744909,0.9032811813787799,0.07440981252744909
52029,0.020502153064622174,0.6924966681713568,0.020502153064622174
52030,0.1507378911346737,0.7457088435086787,0.1507378911346737
52031,0.07743232861219039,0.4063082328344464,0.07743232861219039
52032,0.29201194230858407,0.47570757489861043,0.29201194230858407
52033,0.0912959266058433,0.12730934492449603,0.0912959266058433
52034,0.21230127061679857,0.500616533645304,0.21230127061679857
52035,0.11934481827059558,0.55506563828164,0.11934481827059558
52036,0.10800271648132978,0.17003300720435985,0.10800271648132978
52037,0.022193061971805723,0.4906243015335311,0.022193061971805723
52038,0.0656261323572539,0.06283442936219258,0.0656261323572539
52039,0.07156906364862195,0.4316401318933559,0.07156906364862195
52040,0.3848875495414903,0.7932876646492302,0.3848875495414903
52041,0.05081182370884277,0.05899673444342376,0.05081182370884277
52042,0.33172609801804304,0.6359108675220587,0.33172609801804304
52043,0.010129666124922328,0.01002880567565245,0.010129666124922328
52044,0.04630386231044019,0.7363090193429089,0.04630386231044019
52045,0.06144382872025563,0.5294092575981385,0.06144382872025563
52046,0.28871080521950493,0.25692924327045014,0.28871080521950493
52047,0.23307689069001725,0.16058203957154563,0.23307689069001725
52048,0.16232579557297738,0.08276229072880927,0.16232579557297738
52049,0.21988179659930898,0.12405352507444703,0.21988179659930898
52050,0.14589165373510185,0.7549929295101668,0.14589165373510185
52051,0.06643202780282624,0.081154379850405,0.06643202780282624
52052,0.021888638316388688,0.09359148455081259,0.021888638316388688
52053,0.036895483293500064,0.14217609297207526,0.036895483293500064
52054,0.7674290646748084,0.8877156428949242,0.7674290646748084
52055,0.08595388170459382,0.8199601383493712,0.08595388170459382
52056,0.05916444317823179,0.18054780439820972,0.05916444317823179
52057,0.03619328895954428,0.40080147322779697,0.03619328895954428
52058,0.3872970929322673,0.13065933581180453,0.3872970929322673
52059,0.1122776470330753,0.20500708940902304,0.1122776470330753
52060,0.04804677692931993,0.626811040529847,0.04804677692931993
52061,0.04724663171803412,0.18765317639154805,0.04724663171803412
52062,0.10086756499949141,0.627814955512633,0.10086756499949141
52063,0.04325140280270889,0.9371669948433401,0.04325140280270889
52064,0.17543288680118313,0.20071038227411386,0.17543288680118313
52065,0.05562543501718315,0.03737668552741721,0.05562543501718315
52066,0.08967014556015859,0.14224825240896444,0.08967014556015859
52067,0.018022756329295963,0.21297511768865293,0.018022756329295963
52068,0.5969823371711913,0.4197494258114163,0.5969823371711913
52069,0.07256004417252257,0.2913756411084288,0.07256004417252257
52070,0.8157370687265402,0.7842033069389273,0.8157370687265402
52071,0.05852363063968787,0.15029387433808905,0.05852363063968787
52072,0.8515511479345328,0.8106339020480251,0.8515511479345328
52073,0.030236261050626687,0.8176572985464299,0.030236261050626687
52074,0.12221815230983564,0.7862757743855927,0.12221815230983564
52075,0.08958302302675546,0.22641359322286045,0.08958302302675546
52076,0.04873135146168965,0.2098857003896237,0.04873135146168965
52077,0.05539859413582438,0.09859548564599381,0.05539859413582438
52078,0.04646189816020125,0.08370913370530329,0.04646189816020125
52079,0.03413902462242508,0.11197367432557791,0.03413902462242508
52080,0.06480159180863726,0.5225720819720666,0.06480159180863726
52081,0.05099188203247128,0.9183667260911259,0.05099188203247128
52082,0.39910931872845806,0.8444026168354348,0.39910931872845806
52083,0.16329553730880736,0.19752564359013183,0.16329553730880736
52084,0.7833873546835117,0.8668563917653189,0.7833873546835117
52085,0.03433865841542454,0.7484563697989045,0.03433865841542454
52086,0.2604092425483136,0.837877811389153,0.2604092425483136
52087,0.03212468373320356,0.11140817853656886,0.03212468373320356
52088,0.03975967071149267,0.07031757645033612,0.03975967071149267
52089,0.3261539350642153,0.4653725520264617,0.3261539350642153
52090,0.07305503458813027,0.13268926594762837,0.07305503458813027
52091,0.10417666563863576,0.4483070986875266,0.10417666563863576
52092,0.03678775777786213,0.20194681753372604,0.03678775777786213
52093,0.009809941163656152,0.3544802719483398,0.009809941163656152
52094,0.5865114462164432,0.48711545874759676,0.5865114462164432
52095,0.017763538936197282,0.07149111048733207,0.017763538936197282
52096,0.05787191215504663,0.6976662320008938,0.05787191215504663
52097,0.2938088428002711,0.6078328780966543,0.2938088428002711
52098,0.1017492436924478,0.10163331794469867,0.1017492436924478
52099,0.481867837411083,0.8154607730636624,0.481867837411083
52100,0.108918834042863,0.3756252697648493,0.108918834042863
52101,0.5587499578483638,0.7161821262275787,0.5587499578483638
52102,0.09864745429466035,0.15630192828835449,0.09864745429466035
52103,0.06647976632358238,0.1804129254723357,0.06647976632358238
52104,0.11780751883643915,0.13035432100798638,0.11780751883643915
52105,0.025303284492302923,0.63750756424718,0.025303284492302923
52106,0.07482091597635429,0.8198411104523965,0.07482091597635429
52107,0.26937988145011615,0.6037790877202224,0.26937988145011615
52108,0.047547204953476196,0.33194366147316134,0.047547204953476196
52109,0.035893402788553574,0.6448718302317759,0.035893402788553574
52110,0.4263224048937955,0.37414742171762766,0.4263224048937955
52111,0.04545656714852256,0.18611697373263422,0.04545656714852256
52112,0.14559592800140742,0.3227390842958197,0.14559592800140742
52113,0.04305689397602424,0.07988413452275742,0.04305689397602424
52114,0.02994765747625586,0.20820471982618144,0.02994765747625586
52115,0.029403021845451075,0.22400196073503345,0.029403021845451075
52116,0.06541043764204776,0.06002030541067744,0.06541043764204776
52117,0.021430790784502603,0.28161519655704037,0.021430790784502603
52118,0.033178532728634746,0.14242883656069583,0.033178532728634746
52119,0.030885199795546797,0.12682098561869332,0.030885199795546797
52120,0.09129976124331643,0.463984942250782,0.09129976124331643
52121,0.008203809548521965,0.1550873297082849,0.008203809548521965
52122,0.07034146564227382,0.141914312534567,0.07034146564227382
52123,0.2947406363433856,0.13767306430978624,0.2947406363433856
52124,0.08168551006177352,0.8094143040066252,0.08168551006177352
52125,0.3335149459301867,0.2482088618085881,0.3335149459301867
52126,0.048958247897376767,0.48569832748238817,0.048958247897376767
52127,0.2625420059431256,0.6725128758942802,0.2625420059431256
52128,0.019912996955756934,0.009859243178941627,0.019912996955756934
52129,0.43103311591917653,0.7179191920055465,0.43103311591917653
52130,0.04318448835699316,0.3705423510457906,0.04318448835699316
52131,0.12331705948207676,0.6355756407314574,0.12331705948207676
52132,0.09461761449695662,0.2976913323924334,0.09461761449695662
52133,0.03014962826533865,0.2750295535238438,0.03014962826533865
52134,0.11155087762174123,0.6021704612265476,0.11155087762174123
52135,0.09311218635009272,0.7859988536744185,0.09311218635009272
52136,0.033124778543540366,0.061530368259380734,0.033124778543540366
52137,0.05173958274225537,0.8263756607101055,0.05173958274225537
52138,0.6764845927720627,0.8228526608531487,0.6764845927720627
52139,0.06027765673165957,0.15957983942379314,0.06027765673165957
52140,0.061313785680851704,0.2824991293340327,0.061313785680851704
52141,0.03932315052351036,0.21159311141913806,0.03932315052351036
52142,0.5450200741779261,0.17983757406356232,0.5450200741779261
52143,0.0837536028066588,0.4736084836205332,0.0837536028066588
52144,0.07499140211998853,0.7760587798120292,0.07499140211998853
52145,0.45009347958412216,0.6936082751417468,0.45009347958412216
52146,0.13548945311962093,0.4491671975958695,0.13548945311962093
52147,0.38310260648952466,0.6992543325140291,0.38310260648952466
52148,0.07984535723236852,0.19738398510458158,0.07984535723236852
52149,0.04111611932502424,0.1873767636381685,0.04111611932502424
52150,0.2348195282073691,0.4242520849866228,0.2348195282073691
52151,0.06066839127017155,0.8434723052098626,0.06066839127017155
52152,0.025339824914906512,0.42320635680506763,0.025339824914906512
52153,0.23010462214859564,0.2464851585775619,0.23010462214859564
52154,0.05782174871954042,0.27039814858855954,0.05782174871954042
52155,0.0687775053145443,0.4843893699232971,0.0687775053145443
52156,0.05773091185466278,0.86718672462356,0.05773091185466278
52157,0.20961156175187576,0.3590388546009218,0.20961156175187576
52158,0.440508180440052,0.34204560744983137,0.440508180440052
52159,0.481598686788284,0.10307905129974992,0.481598686788284
52160,0.12748428328817563,0.2971213741669963,0.12748428328817563
52161,0.1019154722813759,0.19453405875831806,0.1019154722813759
52162,0.0961870259988066,0.5366075290474088,0.0961870259988066
52163,0.1030823413308285,0.5364483449351598,0.1030823413308285
52164,0.36674517099596354,0.5800118533158062,0.36674517099596354
52165,0.031150658616150365,0.7505447453893291,0.031150658616150365
52166,0.3559116854149211,0.2038424626879439,0.3559116854149211
52167,0.21204296147506818,0.09843420155736803,0.21204296147506818
52168,0.05427747130966796,0.5764841224801717,0.05427747130966796
52169,0.03818731437119486,0.09240400909867501,0.03818731437119486
52170,0.06198095486581342,0.1396282115193708,0.06198095486581342
52171,0.13185074557918156,0.8769219800414372,0.13185074557918156
52172,0.14586543386000714,0.3353895305761224,0.14586543386000714
52173,0.08979999479920622,0.40042283901785763,0.08979999479920622
52174,0.5323924120435387,0.5337743115533958,0.5323924120435387
52175,0.04025113259664473,0.09421974635972248,0.04025113259664473
52176,0.5001207859509036,0.17884827815462576,0.5001207859509036
52177,0.28800317870876785,0.7442987613186196,0.28800317870876785
52178,0.7164280473909457,0.8050695838515026,0.7164280473909457
52179,0.3363532816514609,0.2841570759590825,0.3363532816514609
52180,0.11762000908753038,0.34665086656465743,0.11762000908753038
52181,0.028416323521786094,0.7331832419084245,0.028416323521786094
52182,0.011250331742791872,0.14873710712019134,0.011250331742791872
52183,0.4420064672736207,0.7907812116422901,0.4420064672736207
52184,0.290856947930011,0.45537719216349537,0.290856947930011
52185,0.033536878517923946,0.040195980609127234,0.033536878517923946
52186,0.34373945787374643,0.3100003496570983,0.34373945787374643
52187,0.02237591129993125,0.3471089328708867,0.02237591129993125
52188,0.02537261986879266,0.12217465291659677,0.02537261986879266
52189,0.04142428267805977,0.19729463117326562,0.04142428267805977
52190,0.04803601727766676,0.18802053955744277,0.04803601727766676
52191,0.050882002482931774,0.9028046582197508,0.050882002482931774
52192,0.1976822582823159,0.253045042372816,0.1976822582823159
52193,0.13607302286712636,0.4931848081457809,0.13607302286712636
52194,0.23460618435776304,0.36492773688522834,0.23460618435776304
52195,0.19324088283035223,0.23482545136959707,0.19324088283035223
52196,0.1462857355622334,0.18922092223514436,0.1462857355622334
52197,0.3955153067455841,0.3285189496728086,0.3955153067455841
52198,0.02790292109337083,0.043079880689141974,0.02790292109337083
52199,0.05019582651857759,0.1570463012940244,0.05019582651857759
52200,0.052335127758776724,0.6791050743801064,0.052335127758776724
52201,0.13945440962799807,0.7013180466797827,0.13945440962799807
52202,0.039598139578209963,0.3121084399602144,0.039598139578209963
52203,0.07632532666516116,0.1077349651118545,0.07632532666516116
52204,0.019379538479600028,0.07985121079009629,0.019379538479600028
52205,0.015519205767157736,0.31505541224678696,0.015519205767157736
52206,0.03931282028102666,0.2395965978693545,0.03931282028102666
52207,0.0727213894984239,0.6607454423678447,0.0727213894984239
52208,0.025633514642507804,0.03713542861610531,0.025633514642507804
52209,0.12458559383216537,0.4453782029993499,0.12458559383216537
52210,0.08111295767095911,0.21881532128628717,0.08111295767095911
52211,0.42531595112021736,0.7804180131240533,0.42531595112021736
52212,0.03146622041940811,0.07148333080872808,0.03146622041940811
52213,0.005978540977136212,0.041963499524431375,0.005978540977136212
52214,0.7042040158339931,0.8494401169949757,0.7042040158339931
52215,0.0873974266482604,0.24558783814366764,0.0873974266482604
52216,0.02014602998086663,0.02300738485417735,0.02014602998086663
52217,0.021516420244951418,0.3375106633646738,0.021516420244951418
52218,0.04515425211800509,0.11122045123936329,0.04515425211800509
52219,0.03877973027594239,0.5799907017823447,0.03877973027594239
52220,0.013044958496070763,0.19060586849497071,0.013044958496070763
52221,0.01865808640201309,0.16413297377250435,0.01865808640201309
52222,0.06954870164469643,0.34239837798340456,0.06954870164469643
52223,0.15518260566420092,0.027013361268804294,0.15518260566420092
52224,0.5408504175852845,0.7205833743692571,0.5408504175852845
52225,0.10765685264055064,0.7166970029429792,0.10765685264055064
52226,0.10508528878180559,0.13893565556528986,0.10508528878180559
52227,0.21802862241852258,0.34576177258882596,0.21802862241852258
52228,0.024593039975629075,0.10186681242251036,0.024593039975629075
52229,0.13452835603154492,0.16565234729572412,0.13452835603154492
52230,0.09312445732882352,0.48459707881894254,0.09312445732882352
52231,0.04962026928783451,0.05849249683532687,0.04962026928783451
52232,0.026946324787258658,0.18413668505976102,0.026946324787258658
52233,0.2502538724462553,0.6660088035396892,0.2502538724462553
52234,0.036235593076073075,0.054481703852662496,0.036235593076073075
52235,0.2218153732410883,0.2439996664726412,0.2218153732410883
52236,0.12721286304690804,0.513290283049487,0.12721286304690804
52237,0.0697742916219699,0.8912155918507453,0.0697742916219699
52238,0.33032584133199877,0.4103993335806747,0.33032584133199877
52239,0.7166891415132652,0.7869097774486414,0.7166891415132652
52240,0.05192392808478082,0.15574260778213223,0.05192392808478082
52241,0.06936910260934434,0.8787681519706085,0.06936910260934434
52242,0.13503082255239057,0.7469165293259294,0.13503082255239057
52243,0.0765588068441859,0.2719147270465713,0.0765588068441859
52244,0.43468292413775345,0.5838213802590182,0.43468292413775345
52245,0.12809072420212625,0.4482240415605959,0.12809072420212625
52246,0.31798427101429644,0.764884151019552,0.31798427101429644
52247,0.5835818341391897,0.9110963339350937,0.5835818341391897
52248,0.5758164214761042,0.8476901210347154,0.5758164214761042
52249,0.07274104538507757,0.2844176940292644,0.07274104538507757
52250,0.755085103074171,0.38035888012280017,0.755085103074171
52251,0.17518006303270753,0.8063935424706112,0.17518006303270753
52252,0.13878777786487503,0.46184414142565644,0.13878777786487503
52253,0.06227381079453968,0.13355603668720545,0.06227381079453968
52254,0.05568470400099591,0.32863368702317747,0.05568470400099591
52255,0.034568994074997306,0.2997139463932117,0.034568994074997306
52256,0.10788763737082249,0.4294160917830544,0.10788763737082249
52257,0.1036284149249339,0.6756178050221248,0.1036284149249339
52258,0.08746943382010115,0.8051790022936638,0.08746943382010115
52259,0.028570064472989508,0.10497058331353372,0.028570064472989508
52260,0.03968794361910514,0.10672756597072641,0.03968794361910514
52261,0.14528610070939052,0.26651143501426927,0.14528610070939052
52262,0.042486455015358526,0.35640441361431824,0.042486455015358526
52263,0.1618393545568523,0.7714355416438787,0.1618393545568523
52264,0.08007354923471732,0.35501956859939027,0.08007354923471732
52265,0.0495194360933767,0.08857521037221357,0.0495194360933767
52266,0.5161215962793322,0.2801785171380584,0.5161215962793322
52267,0.009875269742907622,0.036835866403388824,0.009875269742907622
52268,0.05685220926759209,0.32072117400139855,0.05685220926759209
52269,0.02122454394110034,0.8342523146282299,0.02122454394110034
52270,0.03148932759834611,0.11807261105766952,0.03148932759834611
52271,0.2355165558326044,0.5775909446378198,0.2355165558326044
52272,0.12136558582382544,0.3278061325739876,0.12136558582382544
52273,0.41101941646241313,0.4019829403032496,0.41101941646241313
52274,0.01124235803267452,0.07017820740992484,0.01124235803267452
52275,0.03788001512138132,0.19555609820697598,0.03788001512138132
52276,0.04825724916961379,0.28666931693785747,0.04825724916961379
52277,0.1337891053206113,0.7685714708490982,0.1337891053206113
52278,0.06261733704676169,0.18249615359752433,0.06261733704676169
52279,0.040291461115348336,0.38654859883412684,0.040291461115348336
52280,0.6353515409848853,0.3930903407345939,0.6353515409848853
52281,0.06715464092693202,0.15746189756229242,0.06715464092693202
52282,0.621480459107629,0.7500049401108422,0.621480459107629
52283,0.16994253711813295,0.17486015278455525,0.16994253711813295
52284,0.05181650949802211,0.37028105512120496,0.05181650949802211
52285,0.06273623792111602,0.16139856407998504,0.06273623792111602
52286,0.15848280740587314,0.3258781362999012,0.15848280740587314
52287,0.059272079989614465,0.28974962931168213,0.059272079989614465
52288,0.41141878743828675,0.8568707942900512,0.41141878743828675
52289,0.02140852455303683,0.02407136116972059,0.02140852455303683
52290,0.4067330786970058,0.2548145259672795,0.4067330786970058
52291,0.041733030580682076,0.1663264167897998,0.041733030580682076
52292,0.15244352963184254,0.6648016568164764,0.15244352963184254
52293,0.05289553068170653,0.4101352131645297,0.05289553068170653
52294,0.040048319078996836,0.08932037448130564,0.040048319078996836
52295,0.28395138041549184,0.8380751707565129,0.28395138041549184
52296,0.0746117813965713,0.701608710701133,0.0746117813965713
52297,0.09253846145460053,0.230668201175674,0.09253846145460053
52298,0.06425297925925233,0.8833904308209815,0.06425297925925233
52299,0.06250065388822515,0.11237051266608067,0.06250065388822515
52300,0.15000054197346446,0.6730530214879794,0.15000054197346446
52301,0.21025909035659773,0.22410911153613794,0.21025909035659773
52302,0.06377894497787005,0.6455752288036732,0.06377894497787005
52303,0.039298582080428954,0.13882096545692688,0.039298582080428954
52304,0.022154689459464118,0.3148122482934841,0.022154689459464118
52305,0.04753043840228135,0.4380905938467654,0.04753043840228135
52306,0.12882735297342396,0.47044452777910856,0.12882735297342396
52307,0.10724526105448894,0.351636388356861,0.10724526105448894
52308,0.14398759480951293,0.24435763085828127,0.14398759480951293
52309,0.4644657393189613,0.5258003241240724,0.4644657393189613
52310,0.4440502917093226,0.5684902666155257,0.4440502917093226
52311,0.05542586099260884,0.07355149997644438,0.05542586099260884
52312,0.13151818586405833,0.43616284100198216,0.13151818586405833
52313,0.06977360016247917,0.48942082017006955,0.06977360016247917
52314,0.024908995437016516,0.054435440476108765,0.024908995437016516
52315,0.19288665264838514,0.4980371655645394,0.19288665264838514
52316,0.10944380895175221,0.6146038127386093,0.10944380895175221
52317,0.036669650879392335,0.8040505703964661,0.036669650879392335
52318,0.034599666551316355,0.0731830789127393,0.034599666551316355
52319,0.09322037293115838,0.5778846033116434,0.09322037293115838
52320,0.12860835192066433,0.3681377272271237,0.12860835192066433
52321,0.04720178862272723,0.05177736099729871,0.04720178862272723
52322,0.02318891637142986,0.12345821295399428,0.02318891637142986
52323,0.12699447156166108,0.6653140770847552,0.12699447156166108
52324,0.05524610188617666,0.22944776621886884,0.05524610188617666
52325,0.7902012067942964,0.6965663802090762,0.7902012067942964
52326,0.19916114074141497,0.3694925009604008,0.19916114074141497
52327,0.018231699422270972,0.10301964322704459,0.018231699422270972
52328,0.005786560376752326,0.3004623910834497,0.005786560376752326
52329,0.1705477449328823,0.33799597176767715,0.1705477449328823
52330,0.11466725501233331,0.566404455566863,0.11466725501233331
52331,0.18387525915402356,0.5200446522990141,0.18387525915402356
52332,0.1537220851814258,0.4783780903194633,0.1537220851814258
52333,0.06369000615063311,0.15913237410474437,0.06369000615063311
52334,0.11689275425193267,0.5363321357313235,0.11689275425193267
52335,0.07743309942248211,0.1368606206592708,0.07743309942248211
52336,0.06978594760658038,0.18925106052332602,0.06978594760658038
52337,0.2763650113924398,0.1315792698868412,0.2763650113924398
52338,0.012691340460429286,0.023007857150514524,0.012691340460429286
52339,0.32240368313996404,0.5913110329779521,0.32240368313996404
52340,0.07494919736327961,0.25383256485058886,0.07494919736327961
52341,0.03896035847369346,0.18481261998692547,0.03896035847369346
52342,0.035063012196423826,0.04179993013046206,0.035063012196423826
52343,0.02045127543496235,0.06795273957810878,0.02045127543496235
52344,0.49995515607588903,0.6963563649215171,0.49995515607588903
52345,0.17042880730633975,0.05873206238091916,0.17042880730633975
52346,0.652984344463181,0.9315685538173828,0.652984344463181
52347,0.06743619608696319,0.17983861746977686,0.06743619608696319
52348,0.04509915742659196,0.46408133329114576,0.04509915742659196
52349,0.032105403820899533,0.3105076048180631,0.032105403820899533
52350,0.14801996342118945,0.34010141383282555,0.14801996342118945
52351,0.02646703917519563,0.15229109800026946,0.02646703917519563
52352,0.038424393266305604,0.4931091046182571,0.038424393266305604
52353,0.1837421779854916,0.7409762760186631,0.1837421779854916
52354,0.14092733652313408,0.39944712496301255,0.14092733652313408
52355,0.0799902914272263,0.19518495554074858,0.0799902914272263
52356,0.14613091393888855,0.8394689552685298,0.14613091393888855
52357,0.012636075197103162,0.13692381680034174,0.012636075197103162
52358,0.04235305966072904,0.09928200886615507,0.04235305966072904
52359,0.0479891369781632,0.14467758797211783,0.0479891369781632
52360,0.11919089160925324,0.4124888500099587,0.11919089160925324
52361,0.19703278774583516,0.8660144087091471,0.19703278774583516
52362,0.026411391041136472,0.14156803148801855,0.026411391041136472
52363,0.06597450498911868,0.16357378901336955,0.06597450498911868
52364,0.0592863601543879,0.09541734375326628,0.0592863601543879
52365,0.11738353777951635,0.3330808709095573,0.11738353777951635
52366,0.010770100477090594,0.09754673848646113,0.010770100477090594
52367,0.05338056246722897,0.14181319341351525,0.05338056246722897
52368,0.3582459220177022,0.5120998388649236,0.3582459220177022
52369,0.18810051330979058,0.7677970068421026,0.18810051330979058
52370,0.13559369810709843,0.22257842684605572,0.13559369810709843
52371,0.6933805316696121,0.2792889617835098,0.6933805316696121
52372,0.03593987688824402,0.3078641527936949,0.03593987688824402
52373,0.11807632707693823,0.3767891955208236,0.11807632707693823
52374,0.10384481877063648,0.33230358946147465,0.10384481877063648
52375,0.034573964235986736,0.330764297130447,0.034573964235986736
52376,0.10544914091098048,0.5020047861357038,0.10544914091098048
52377,0.06961529623198522,0.10426482676489876,0.06961529623198522
52378,0.005406365515897537,0.04891778365629978,0.005406365515897537
52379,0.07905551798744367,0.30749053576940233,0.07905551798744367
52380,0.04078356263486532,0.7845779396491699,0.04078356263486532
52381,0.04537426211582716,0.12804691220337122,0.04537426211582716
52382,0.7011184684401046,0.7529356601131808,0.7011184684401046
52383,0.03466428870056853,0.06753954920291959,0.03466428870056853
52384,0.5296324522477137,0.8405419340654846,0.5296324522477137
52385,0.2108986002450532,0.04014105886037525,0.2108986002450532
52386,0.03227989799371446,0.14276007629785697,0.03227989799371446
52387,0.17747032855571324,0.08874991263416684,0.17747032855571324
52388,0.17300380326065323,0.35938986296305964,0.17300380326065323
52389,0.11293562220764425,0.6770365629448261,0.11293562220764425
52390,0.07911365949360774,0.5433560826073934,0.07911365949360774
52391,0.08440922089041047,0.4986689822844118,0.08440922089041047
52392,0.25655893986261563,0.3742877976774692,0.25655893986261563
52393,0.22398295168316648,0.6548829591578917,0.22398295168316648
52394,0.29499020340583404,0.3544857086235161,0.29499020340583404
52395,0.032194435805253496,0.27293817130092624,0.032194435805253496
52396,0.10152250578147523,0.42831494202616316,0.10152250578147523
52397,0.5631982675780485,0.9031911442287444,0.5631982675780485
52398,0.04480905632543682,0.16905027503415346,0.04480905632543682
52399,0.057495794954156826,0.21336777149468295,0.057495794954156826
52400,0.08353310733635143,0.579242576560745,0.08353310733635143
52401,0.0257884834567551,0.12226606013243817,0.0257884834567551
52402,0.12338626141495279,0.05401840972924389,0.12338626141495279
52403,0.2232906138293781,0.27609047726733027,0.2232906138293781
52404,0.08350096287539505,0.45865882067110675,0.08350096287539505
52405,0.265700798146138,0.3728416766406191,0.265700798146138
52406,0.04899135796480728,0.38847339818233534,0.04899135796480728
52407,0.19927789326462084,0.10096462870124626,0.19927789326462084
52408,0.0417078267003904,0.34720464696677267,0.0417078267003904
52409,0.0796775440723263,0.9091561127038996,0.0796775440723263
52410,0.08573210201137998,0.4257055524189928,0.08573210201137998
52411,0.08129144149818944,0.18065204390189438,0.08129144149818944
52412,0.0920963342967264,0.2313227274946892,0.0920963342967264
52413,0.06294359288354276,0.051276486691784556,0.06294359288354276
52414,0.07216109871486864,0.10643361520619408,0.07216109871486864
52415,0.04306689815977631,0.3911621122799363,0.04306689815977631
52416,0.05307942940457002,0.7596796624096958,0.05307942940457002
52417,0.04365391579431613,0.22787043562459836,0.04365391579431613
52418,0.3131924687724461,0.8291122307087906,0.3131924687724461
52419,0.08037655640225035,0.5779457668825466,0.08037655640225035
52420,0.05621567658891854,0.05039271934981123,0.05621567658891854
52421,0.06451253130690214,0.2602136238075985,0.06451253130690214
52422,0.050888551996883594,0.1377212263460066,0.050888551996883594
52423,0.04770453007162175,0.06823598624346529,0.04770453007162175
52424,0.11884699620723817,0.6272916486344196,0.11884699620723817
52425,0.03299854822568192,0.7987182438226981,0.03299854822568192
52426,0.11677658359189408,0.15915309804742792,0.11677658359189408
52427,0.3391423892668073,0.44975413830360256,0.3391423892668073
52428,0.11499967067851487,0.13818416870363198,0.11499967067851487
52429,0.346717924917914,0.26167394796847804,0.346717924917914
52430,0.0558527502782334,0.13628032732056966,0.0558527502782334
52431,0.1689880032597022,0.12926703617652247,0.1689880032597022
52432,0.10960595566822139,0.1129035750035834,0.10960595566822139
52433,0.06425303549143221,0.6539465577943054,0.06425303549143221
52434,0.5971109188883833,0.17875712244825667,0.5971109188883833
52435,0.6155959740337196,0.4515928674751733,0.6155959740337196
52436,0.029610392254161608,0.036353432472002574,0.029610392254161608
52437,0.10298402824502534,0.2873284581816952,0.10298402824502534
52438,0.10783248514390757,0.06861149103443659,0.10783248514390757
52439,0.0427690515216054,0.3588453520466551,0.0427690515216054
52440,0.012761627802905023,0.22299370066909624,0.012761627802905023
52441,0.037154195006756034,0.040386901112754316,0.037154195006756034
52442,0.1102696731184279,0.7412270156451858,0.1102696731184279
52443,0.033314470107349024,0.09632145719160026,0.033314470107349024
52444,0.2135704918679324,0.7392757948012517,0.2135704918679324
52445,0.03255398164974079,0.3602955975819624,0.03255398164974079
52446,0.1206172353222726,0.40714829375960215,0.1206172353222726
52447,0.08337973942848692,0.22530454680657658,0.08337973942848692
52448,0.2901816702997694,0.4659145588223069,0.2901816702997694
52449,0.20170373230960548,0.5829509761130273,0.20170373230960548
52450,0.04973364315023692,0.6379258276529599,0.04973364315023692
52451,0.21555223396993736,0.38811553646877195,0.21555223396993736
52452,0.24632308361130348,0.17609554633690455,0.24632308361130348
52453,0.06213388243825658,0.6099220691842442,0.06213388243825658
52454,0.42536522245215624,0.11634381747566079,0.42536522245215624
52455,0.5886994221845774,0.32329128533378787,0.5886994221845774
52456,0.31132205906237626,0.5794260465453136,0.31132205906237626
52457,0.02406780487588192,0.33615751331337806,0.02406780487588192
52458,0.0901296969651486,0.10056963639585031,0.0901296969651486
52459,0.03621688412502523,0.6034482627889287,0.03621688412502523
52460,0.04026247784072558,0.14308914938644204,0.04026247784072558
52461,0.2783497600931123,0.14664250593133407,0.2783497600931123
52462,0.04843116378302475,0.16014441334489896,0.04843116378302475
52463,0.029522559334430758,0.08548423880488486,0.029522559334430758
52464,0.06331013371026015,0.03335711868573914,0.06331013371026015
52465,0.4561256539854659,0.8032052288892504,0.4561256539854659
52466,0.044979207309579,0.5723549250247539,0.044979207309579
52467,0.04367901599454683,0.2102486748114759,0.04367901599454683
52468,0.22085475810694732,0.18894800335184028,0.22085475810694732
52469,0.07521982899762654,0.22452071417093789,0.07521982899762654
52470,0.09616283281742465,0.6497505208452893,0.09616283281742465
52471,0.30958789973596695,0.05549732450786869,0.30958789973596695
52472,0.04389243581589901,0.10030879679232572,0.04389243581589901
52473,0.1946499196452785,0.7868713602980474,0.1946499196452785
52474,0.15268420661950968,0.11441595346272483,0.15268420661950968
52475,0.7528486579018442,0.8538655473507858,0.7528486579018442
52476,0.18976988402143824,0.3774505830634408,0.18976988402143824
52477,0.04458476349096574,0.25684828693448114,0.04458476349096574
52478,0.048219459582818,0.19551992640684368,0.048219459582818
52479,0.01689338434889213,0.04456211219703782,0.01689338434889213
52480,0.08460596495407209,0.12725881706762757,0.08460596495407209
52481,0.4603571405257544,0.4560340346834868,0.4603571405257544
52482,0.09000153635070449,0.47877087022745174,0.09000153635070449
52483,0.22814750561625993,0.6585258990809001,0.22814750561625993
52484,0.23990126315387378,0.738499387351315,0.23990126315387378
52485,0.1446018512177525,0.5519498261342425,0.1446018512177525
52486,0.05351372384181824,0.15379035689465023,0.05351372384181824
52487,0.06368929053191931,0.3560620868364344,0.06368929053191931
52488,0.2669798818271031,0.18357285866931927,0.2669798818271031
52489,0.1861172936453488,0.5975975051050172,0.1861172936453488
52490,0.12536966949448938,0.45874053063264786,0.12536966949448938
52491,0.7428765022623811,0.9104001858522116,0.7428765022623811
52492,0.06450208177331991,0.2405621259403983,0.06450208177331991
52493,0.07239376231106588,0.6614160060655552,0.07239376231106588
52494,0.3452167975672054,0.613846376546881,0.3452167975672054
52495,0.09349504690398729,0.45966117494527114,0.09349504690398729
52496,0.5168137424126884,0.6496982503499278,0.5168137424126884
52497,0.44089603257882887,0.26755028564122935,0.44089603257882887
52498,0.048884502134404983,0.8906950246706687,0.048884502134404983
52499,0.14348421639860234,0.2533004654433557,0.14348421639860234
52500,0.14267565524307368,0.7222686074513628,0.14267565524307368
52501,0.06562692366881537,0.33668843224204315,0.06562692366881537
52502,0.11508837593990816,0.14427757998435756,0.11508837593990816
52503,0.07015542447826041,0.3417776898449072,0.07015542447826041
52504,0.04086364968841654,0.10189906744834676,0.04086364968841654
52505,0.04009042384469954,0.20360827539338705,0.04009042384469954
52506,0.06431950046937294,0.061963912865872744,0.06431950046937294
52507,0.03758212356142292,0.12788653139452003,0.03758212356142292
52508,0.744916254300946,0.9542101600103584,0.744916254300946
52509,0.042667335140614604,0.141739801858877,0.042667335140614604
52510,0.017719233395378262,0.0517606804427704,0.017719233395378262
52511,0.23326167773151948,0.08264549136951464,0.23326167773151948
52512,0.07636303017674226,0.027733141285418924,0.07636303017674226
52513,0.09035018138123985,0.551909989172768,0.09035018138123985
52514,0.5814991467681289,0.29710008074171895,0.5814991467681289
52515,0.01596998227257374,0.17753004035421463,0.01596998227257374
52516,0.0336676678224346,0.037358722374767735,0.0336676678224346
52517,0.10629117173764965,0.9240497359684742,0.10629117173764965
52518,0.5125717324507224,0.3046178921461497,0.5125717324507224
52519,0.24211402968823897,0.6758504510281937,0.24211402968823897
52520,0.1704425472559871,0.3233913605943343,0.1704425472559871
52521,0.023632933869131272,0.0454779558506207,0.023632933869131272
52522,0.04185102416844524,0.0648880819692355,0.04185102416844524
52523,0.1311923233795097,0.6638803367109142,0.1311923233795097
52524,0.15589531044691954,0.5354141750195737,0.15589531044691954
52525,0.24239184481653994,0.1899304266589794,0.24239184481653994
52526,0.1335595058683214,0.08284165474930434,0.1335595058683214
52527,0.354194254540188,0.8553847776488724,0.354194254540188
52528,0.07005929885145504,0.5393928003583721,0.07005929885145504
52529,0.2361869725291004,0.448579791361793,0.2361869725291004
52530,0.008789431096099726,0.034769809898571695,0.008789431096099726
52531,0.45411718670893797,0.7221824347492795,0.45411718670893797
52532,0.1923017290693925,0.7094614834317943,0.1923017290693925
52533,0.016160180875792726,0.03578453838761197,0.016160180875792726
52534,0.023492118268991412,0.4064199727317573,0.023492118268991412
52535,0.27888926904094913,0.05834540511899321,0.27888926904094913
52536,0.15815523430224113,0.23687941131152027,0.15815523430224113
52537,0.10594653992198015,0.6056745324314937,0.10594653992198015
52538,0.027301016530580313,0.046924084993425,0.027301016530580313
52539,0.016141143243592778,0.8850203635109514,0.016141143243592778
52540,0.05053932484008485,0.741803418671997,0.05053932484008485
52541,0.14724365157591918,0.27554684414732433,0.14724365157591918
52542,0.05310937971975875,0.13225192679350004,0.05310937971975875
52543,0.05875714526169177,0.14238938947349938,0.05875714526169177
52544,0.10299658043855751,0.055353305298759745,0.10299658043855751
52545,0.01977081742187825,0.2554987256148721,0.01977081742187825
52546,0.5938293470284123,0.45839488635880465,0.5938293470284123
52547,0.055128831305785345,0.31467142742098647,0.055128831305785345
52548,0.0710401061095751,0.2372982806994106,0.0710401061095751
52549,0.2670032652578365,0.8139135896802119,0.2670032652578365
52550,0.05319021843491904,0.3064333790834474,0.05319021843491904
52551,0.11934129486885742,0.24618640459087426,0.11934129486885742
52552,0.0404109605374224,0.35977167027925117,0.0404109605374224
52553,0.0987837903175882,0.61017022687368,0.0987837903175882
52554,0.5803648656206628,0.3054429439863163,0.5803648656206628
52555,0.00501459231827865,0.18391813221924624,0.00501459231827865
52556,0.20848946407301974,0.8812107602945777,0.20848946407301974
52557,0.048971963066237766,0.04366857684526318,0.048971963066237766
52558,0.05604579710139848,0.24468931614109413,0.05604579710139848
52559,0.08851554234836334,0.22657454248934797,0.08851554234836334
52560,0.03712193374434717,0.08960788454024232,0.03712193374434717
52561,0.05723194426860581,0.19427166640391924,0.05723194426860581
52562,0.00780466233306467,0.029922938460954365,0.00780466233306467
52563,0.42892339040218863,0.5664682811856642,0.42892339040218863
52564,0.03672424628920756,0.3011509930649545,0.03672424628920756
52565,0.01236269584220115,0.018006466658506068,0.01236269584220115
52566,0.06154370606146771,0.7715737641612795,0.06154370606146771
52567,0.05611405086323532,0.15729707449656277,0.05611405086323532
52568,0.02958705154956015,0.33581220718090465,0.02958705154956015
52569,0.39067301338003013,0.3120464981578048,0.39067301338003013
52570,0.047066128637528445,0.04908696146923558,0.047066128637528445
52571,0.2956231459203507,0.4315438587940511,0.2956231459203507
52572,0.03555435444802953,0.11885147195143293,0.03555435444802953
52573,0.02552002405538155,0.22079307281111854,0.02552002405538155
52574,0.07954751661743609,0.318842408779372,0.07954751661743609
52575,0.5215140621816683,0.4654480337246168,0.5215140621816683
52576,0.06357407114763976,0.8251434825493992,0.06357407114763976
52577,0.11422473972406971,0.13990481395398746,0.11422473972406971
52578,0.2599435452787704,0.3549137979421847,0.2599435452787704
52579,0.610887933388829,0.45701922165679687,0.610887933388829
52580,0.11155424316768296,0.5304999164906864,0.11155424316768296
52581,0.5190948400032814,0.7645351483376169,0.5190948400032814
52582,0.10091889603487411,0.14909483254745104,0.10091889603487411
52583,0.09651535654855098,0.44614300508493265,0.09651535654855098
52584,0.11052449312042702,0.29522599073967326,0.11052449312042702
52585,0.045934779712223296,0.3954419334716949,0.045934779712223296
52586,0.3555695613635013,0.49391009046478557,0.3555695613635013
52587,0.1860331088136406,0.09937533199612876,0.1860331088136406
52588,0.06886397794234363,0.30332626010409847,0.06886397794234363
52589,0.03035586279361685,0.22873005696381823,0.03035586279361685
52590,0.07226805429849807,0.2072425991166405,0.07226805429849807
52591,0.05624980715593751,0.07289766688561573,0.05624980715593751
52592,0.3561685036455761,0.41340873628459784,0.3561685036455761
52593,0.04044082649509077,0.08661911579163324,0.04044082649509077
52594,0.02962355476655446,0.06657696657936613,0.02962355476655446
52595,0.056556035078036984,0.16364301847489648,0.056556035078036984
52596,0.014053561256022331,0.10089512754385645,0.014053561256022331
52597,0.24166304256617194,0.38019732556425223,0.24166304256617194
52598,0.5569864209776358,0.6167069492209327,0.5569864209776358
52599,0.06731215380226031,0.22816180358349455,0.06731215380226031
52600,0.11096165574413665,0.36040128560896,0.11096165574413665
52601,0.22508024984413663,0.26145474300997307,0.22508024984413663
52602,0.04453308730976019,0.02940578945248396,0.04453308730976019
52603,0.047251846034762915,0.5115469924686976,0.047251846034762915
52604,0.09935995490194341,0.13540963595298908,0.09935995490194341
52605,0.014877051696216883,0.3477838533929464,0.014877051696216883
52606,0.2636218523220208,0.46058312219611186,0.2636218523220208
52607,0.04557660554964342,0.7139746466276696,0.04557660554964342
52608,0.04977903488379256,0.34251966677380247,0.04977903488379256
52609,0.03330503792924761,0.2391737746256978,0.03330503792924761
52610,0.514223559158928,0.39795250792682696,0.514223559158928
52611,0.06317556142597006,0.5565337677934143,0.06317556142597006
52612,0.0804855856350178,0.20229808110493494,0.0804855856350178
52613,0.20400560025244738,0.304026295905466,0.20400560025244738
52614,0.17652070341312026,0.7402805654360679,0.17652070341312026
52615,0.05434801289174356,0.34732178159859517,0.05434801289174356
52616,0.29091641807516744,0.3787901380782628,0.29091641807516744
52617,0.06637669192414751,0.09580848830111917,0.06637669192414751
52618,0.09361904013280781,0.12754287187456437,0.09361904013280781
52619,0.0774249079739048,0.23207321647348078,0.0774249079739048
52620,0.11667388956858993,0.38532815050247676,0.11667388956858993
52621,0.1703123230594561,0.3688402992329049,0.1703123230594561
52622,0.021130103054640473,0.027907806208961838,0.021130103054640473
52623,0.24770017097959082,0.4205172637820787,0.24770017097959082
52624,0.0895865138053394,0.14862708127208835,0.0895865138053394
52625,0.09199959160998152,0.12188669956764454,0.09199959160998152
52626,0.39986045708933554,0.7432770845817223,0.39986045708933554
52627,0.03012427788616103,0.3917644600178564,0.03012427788616103
52628,0.02945617519253903,0.3071012956281145,0.02945617519253903
52629,0.013035203073498272,0.12707659516940212,0.013035203073498272
52630,0.6420892470340227,0.5322458233785443,0.6420892470340227
52631,0.6293943480103119,0.7378259501640966,0.6293943480103119
52632,0.03740815661663224,0.7668479060042656,0.03740815661663224
52633,0.10352485973242119,0.05711311775204476,0.10352485973242119
52634,0.02843942205168027,0.11197616496559994,0.02843942205168027
52635,0.006860742726854279,0.009986720519234738,0.006860742726854279
52636,0.08164643504110584,0.36241285608271273,0.08164643504110584
52637,0.09675951753670327,0.6022969703918104,0.09675951753670327
52638,0.07732695084023607,0.7216049135429987,0.07732695084023607
52639,0.13734135258374017,0.474858139561187,0.13734135258374017
52640,0.15474949989734207,0.476944216448652,0.15474949989734207
52641,0.14063184516230395,0.8639285726794339,0.14063184516230395
52642,0.4803200529748388,0.13059957665575528,0.4803200529748388
52643,0.18212817379141927,0.0266631827547071,0.18212817379141927
52644,0.023336646786194633,0.04330105553472229,0.023336646786194633
52645,0.11249819612513738,0.2834695726257279,0.11249819612513738
52646,0.06433849548337194,0.07108914749007067,0.06433849548337194
52647,0.44424063310700584,0.943772481196956,0.44424063310700584
52648,0.0766097992051596,0.2182912072619096,0.0766097992051596
52649,0.17869310896837554,0.4524721211140628,0.17869310896837554
52650,0.06383093463382998,0.07787518693303758,0.06383093463382998
52651,0.1502379457819031,0.4543785588771523,0.1502379457819031
52652,0.019806603314526317,0.49434876965163566,0.019806603314526317
52653,0.12003221844262799,0.8038305619391065,0.12003221844262799
52654,0.25801301837304136,0.5193942990705327,0.25801301837304136
52655,0.5861781480997709,0.12476069694634646,0.5861781480997709
52656,0.08222128505425991,0.15686488367883966,0.08222128505425991
52657,0.12289329068694126,0.5864747219867952,0.12289329068694126
52658,0.31547195822591295,0.6042841733825022,0.31547195822591295
52659,0.07579643593297573,0.4750888793082274,0.07579643593297573
52660,0.7377881127699546,0.7291122342778885,0.7377881127699546
52661,0.06675458216530292,0.24946224053336608,0.06675458216530292
52662,0.052203938801147466,0.20563760479784707,0.052203938801147466
52663,0.061853798585447095,0.16489915735683233,0.061853798585447095
52664,0.05292032745574466,0.07723179424439502,0.05292032745574466
52665,0.5720300462738295,0.47517841474236866,0.5720300462738295
52666,0.1685124654850658,0.21614396276674205,0.1685124654850658
52667,0.04546295348776638,0.5243132265298148,0.04546295348776638
52668,0.07598354584515198,0.5472181657457212,0.07598354584515198
52669,0.027772173699727135,0.06977006435371062,0.027772173699727135
52670,0.14279026773985426,0.6437024439860748,0.14279026773985426
52671,0.13098627657984654,0.5401135832245011,0.13098627657984654
52672,0.04300679682586946,0.03180237204503644,0.04300679682586946
52673,0.02917274425236627,0.0454561197170423,0.02917274425236627
52674,0.14036845454137756,0.37593470554794034,0.14036845454137756
52675,0.04366830512749908,0.2428484239151656,0.04366830512749908
52676,0.09331876744740332,0.16786742093071183,0.09331876744740332
52677,0.21327852698260952,0.3149908829418914,0.21327852698260952
52678,0.4897085202602013,0.8353308459988609,0.4897085202602013
52679,0.03691256359033486,0.08464980869340731,0.03691256359033486
52680,0.022460785154472484,0.11769498982834312,0.022460785154472484
52681,0.17647378832825372,0.8060862318091168,0.17647378832825372
52682,0.09431496175412643,0.05227611822078632,0.09431496175412643
52683,0.028560201501463538,0.07904904904283487,0.028560201501463538
52684,0.04386948752812138,0.24833528751627781,0.04386948752812138
52685,0.03728123453823178,0.4913061378124917,0.03728123453823178
52686,0.06157368247653714,0.18402649799513718,0.06157368247653714
52687,0.08054515002880737,0.13763408752219913,0.08054515002880737
52688,0.011563488958980649,0.059955317297595484,0.011563488958980649
52689,0.08891327020734585,0.16200960345147739,0.08891327020734585
52690,0.4967467261291334,0.49183669070940617,0.4967467261291334
52691,0.3600243802449354,0.6058202365648366,0.3600243802449354
52692,0.07499073642466011,0.3403726452307166,0.07499073642466011
52693,0.11884632715360226,0.6821960955108229,0.11884632715360226
52694,0.09826403308419446,0.37760023329250825,0.09826403308419446
52695,0.45213434033520356,0.8532668628614891,0.45213434033520356
52696,0.36132851076609945,0.09281223005230149,0.36132851076609945
52697,0.08510826629473973,0.734163639970579,0.08510826629473973
52698,0.10040613929085504,0.12737686175718396,0.10040613929085504
52699,0.030891249487320322,0.1176219882173614,0.030891249487320322
52700,0.32417413241510473,0.45032464811380124,0.32417413241510473
52701,0.08192568823641456,0.035850001825246246,0.08192568823641456
52702,0.31118408075057147,0.13896203756838044,0.31118408075057147
52703,0.2976992240287949,0.4531109543702971,0.2976992240287949
52704,0.18788861178797867,0.21216053432317317,0.18788861178797867
52705,0.11105998386326182,0.21634369440081974,0.11105998386326182
52706,0.06632501916428428,0.4339444278601653,0.06632501916428428
52707,0.6140897286512489,0.5682314913559952,0.6140897286512489
52708,0.1760762799980132,0.4643051700544027,0.1760762799980132
52709,0.02370292356945794,0.13995782538947116,0.02370292356945794
52710,0.020680440728642703,0.14271611198552864,0.020680440728642703
52711,0.029332932518370745,0.05766552457663644,0.029332932518370745
52712,0.01312640329955094,0.06028321078431344,0.01312640329955094
52713,0.08924084208898957,0.19062582385699017,0.08924084208898957
52714,0.0664188763273805,0.24624164804982518,0.0664188763273805
52715,0.05849899443704133,0.05150777297630012,0.05849899443704133
52716,0.5303182923097387,0.834190552087085,0.5303182923097387
52717,0.029240211768421412,0.5058819219198762,0.029240211768421412
52718,0.19805883423470627,0.01264248994726615,0.19805883423470627
52719,0.08351408515024612,0.6396710773980394,0.08351408515024612
52720,0.2908269504063494,0.3410112435686141,0.2908269504063494
52721,0.19859658987075277,0.8926998496375459,0.19859658987075277
52722,0.03496201976853434,0.17329889583946081,0.03496201976853434
52723,0.06216770061349285,0.23519607971381923,0.06216770061349285
52724,0.09296969872838137,0.0623037962540264,0.09296969872838137
52725,0.0075511979939610115,0.052998747918928224,0.0075511979939610115
52726,0.2459888613777913,0.44349088262282865,0.2459888613777913
52727,0.487073797475842,0.7751981248483333,0.487073797475842
52728,0.13568936607510382,0.3823139916422399,0.13568936607510382
52729,0.12137741665322316,0.2022815114436196,0.12137741665322316
52730,0.07114507200320051,0.17694984672617098,0.07114507200320051
52731,0.07071564319935868,0.44751233069764895,0.07071564319935868
52732,0.2771358701139103,0.5759660511660118,0.2771358701139103
52733,0.046746443549672265,0.555356056189559,0.046746443549672265
52734,0.06399708724501581,0.47528279646811034,0.06399708724501581
52735,0.12568939454505193,0.4370507915165205,0.12568939454505193
52736,0.35423190734981275,0.5630379795658359,0.35423190734981275
52737,0.21360956661802302,0.5279474278232785,0.21360956661802302
52738,0.392612463221405,0.5035702987646313,0.392612463221405
52739,0.10317717295580395,0.3498584731469854,0.10317717295580395
52740,0.06665615260560583,0.2325931838215685,0.06665615260560583
52741,0.011732466799791483,0.012363933498348734,0.011732466799791483
52742,0.1389460343368741,0.09080327454003374,0.1389460343368741
52743,0.03935324732178063,0.23523757309951301,0.03935324732178063
52744,0.09405594032695376,0.1495902971878351,0.09405594032695376
52745,0.50312925691344,0.6676635022617029,0.50312925691344
52746,0.0874864712729664,0.2769145629294366,0.0874864712729664
52747,0.026070569807879744,0.7723225788114308,0.026070569807879744
52748,0.08423586840279414,0.17069982500423728,0.08423586840279414
52749,0.5097938119400941,0.5397623052544059,0.5097938119400941
52750,0.30777167875717465,0.5342017576150527,0.30777167875717465
52751,0.023665623587031323,0.596688546608039,0.023665623587031323
52752,0.028938354145321532,0.155883277338186,0.028938354145321532
52753,0.6271468128244404,0.8463206588661581,0.6271468128244404
52754,0.06802538970171731,0.24753970442817355,0.06802538970171731
52755,0.20919673410551057,0.5717148191394457,0.20919673410551057
52756,0.06595297737527239,0.5633392474246712,0.06595297737527239
52757,0.13034907553621414,0.7764921992575304,0.13034907553621414
52758,0.46918434934824865,0.7681839808074782,0.46918434934824865
52759,0.06490899007480104,0.03680843131624569,0.06490899007480104
52760,0.1979265876437002,0.5116409429661947,0.1979265876437002
52761,0.14467183331495387,0.15166001881231883,0.14467183331495387
52762,0.16770858106697956,0.8199806478600213,0.16770858106697956
52763,0.05141882529830039,0.07310204717287737,0.05141882529830039
52764,0.07422711955537817,0.24358256036795958,0.07422711955537817
52765,0.06065248567384845,0.6874045357908032,0.06065248567384845
52766,0.6004673256793294,0.28504454874813284,0.6004673256793294
52767,0.2610394191824663,0.28284959135669446,0.2610394191824663
52768,0.2278210209069454,0.0327249287144414,0.2278210209069454
52769,0.08114449885000731,0.3396084603993548,0.08114449885000731
52770,0.02863237122364616,0.1433858358459842,0.02863237122364616
52771,0.06747790196709991,0.3949062235644161,0.06747790196709991
52772,0.06786496480414408,0.7905117776499121,0.06786496480414408
52773,0.03729657002282743,0.13309257430241364,0.03729657002282743
52774,0.7368213385176962,0.8943395189014759,0.7368213385176962
52775,0.07690220160267078,0.6452322008887452,0.07690220160267078
52776,0.11569565493577791,0.6634636646985682,0.11569565493577791
52777,0.02913416212162107,0.682586434787242,0.02913416212162107
52778,0.035253590712458885,0.19876606725746923,0.035253590712458885
52779,0.7339048624044948,0.535920288107144,0.7339048624044948
52780,0.044035377709916945,0.14807125086778186,0.044035377709916945
52781,0.12652710027389283,0.31685988733438875,0.12652710027389283
52782,0.26043158555827634,0.2379190747378499,0.26043158555827634
52783,0.2703386966447952,0.8542162182782707,0.2703386966447952
52784,0.7332035437193922,0.9020999251837719,0.7332035437193922
52785,0.8880829271081165,0.854407159584495,0.8880829271081165
52786,0.043972035319506095,0.23531586958387637,0.043972035319506095
52787,0.06554093382763358,0.8503538858837079,0.06554093382763358
52788,0.05565140557690287,0.3727077351423316,0.05565140557690287
52789,0.7994552166140363,0.8194416010258803,0.7994552166140363
52790,0.5003710436760708,0.7160993087004152,0.5003710436760708
52791,0.019106289223192508,0.7588242526812072,0.019106289223192508
52792,0.1810164230970671,0.2881684193528771,0.1810164230970671
52793,0.10041350442789176,0.6158762733484286,0.10041350442789176
52794,0.09505554050763904,0.6793613988965786,0.09505554050763904
52795,0.10827421770502785,0.10904983575891111,0.10827421770502785
52796,0.42864756635359086,0.837562924187569,0.42864756635359086
52797,0.07094112879106326,0.3476741406323546,0.07094112879106326
52798,0.02101058845893708,0.06744800196448793,0.02101058845893708
52799,0.03727498713848712,0.22544346392458278,0.03727498713848712
52800,0.34275575698532385,0.33550932334408334,0.34275575698532385
52801,0.4356747746309968,0.36852062518549983,0.4356747746309968
52802,0.008492240402434894,0.04294474928732974,0.008492240402434894
52803,0.15689012420360657,0.08153316258703591,0.15689012420360657
52804,0.061652524675395004,0.33419427968528204,0.061652524675395004
52805,0.058641407555897085,0.07681015832206825,0.058641407555897085
52806,0.05329230247221832,0.4249707476426607,0.05329230247221832
52807,0.05118981090455036,0.1779594652923731,0.05118981090455036
52808,0.049923448444288636,0.024011947006319277,0.049923448444288636
52809,0.03776815143399352,0.0990354556357518,0.03776815143399352
52810,0.05897214064793261,0.16915386472113114,0.05897214064793261
52811,0.014107711589351599,0.04487057910566022,0.014107711589351599
52812,0.04197850691017306,0.05046255621430715,0.04197850691017306
52813,0.05287546654239942,0.2919260331652413,0.05287546654239942
52814,0.02319624025327317,0.4468523791219001,0.02319624025327317
52815,0.44186002538272706,0.5226668315521457,0.44186002538272706
52816,0.5501464897517091,0.6800488554505529,0.5501464897517091
52817,0.6806424564940223,0.6882534830928915,0.6806424564940223
52818,0.07230274054254988,0.16309353975053067,0.07230274054254988
52819,0.04038005297128813,0.5475874573646582,0.04038005297128813
52820,0.01422808417537009,0.1857364392031106,0.01422808417537009
52821,0.036268993130984556,0.1317688140441809,0.036268993130984556
52822,0.15013614503063702,0.1438470332552378,0.15013614503063702
52823,0.02891641619514618,0.17429279578572485,0.02891641619514618
52824,0.009545619994899335,0.01857283785867147,0.009545619994899335
52825,0.6734432518413526,0.2500247581457597,0.6734432518413526
52826,0.038528037343242075,0.30900087001539556,0.038528037343242075
52827,0.047590286706989275,0.15539758662770134,0.047590286706989275
52828,0.03265997746154825,0.2824497681300677,0.03265997746154825
52829,0.21247339409082283,0.5439206999106372,0.21247339409082283
52830,0.7118396248403183,0.587536630245495,0.7118396248403183
52831,0.6740224061563607,0.7311695269285652,0.6740224061563607
52832,0.17900978717769114,0.2517355755541251,0.17900978717769114
52833,0.5200259007652842,0.6699760780296024,0.5200259007652842
52834,0.01586820347902703,0.6843051478471043,0.01586820347902703
52835,0.8312976003671237,0.9506006035865208,0.8312976003671237
52836,0.08267990435399061,0.2757712362681373,0.08267990435399061
52837,0.7775439601521461,0.7906284962188485,0.7775439601521461
52838,0.11730569456195149,0.7946099946902155,0.11730569456195149
52839,0.12326655492202823,0.5740808672362778,0.12326655492202823
52840,0.0571226284332311,0.24500292899506312,0.0571226284332311
52841,0.008574451729240614,0.027429964457805475,0.008574451729240614
52842,0.045922519520425385,0.12106686502782232,0.045922519520425385
52843,0.10354307473873486,0.8806471116164545,0.10354307473873486
52844,0.29972429425768704,0.5672876321560077,0.29972429425768704
52845,0.0774529123011056,0.19000990346731306,0.0774529123011056
52846,0.06795279354787624,0.19382250211654367,0.06795279354787624
52847,0.02290388073547679,0.7894689411301115,0.02290388073547679
52848,0.03203698377634133,0.5896227865271665,0.03203698377634133
52849,0.2277462595105795,0.47893534540178506,0.2277462595105795
52850,0.02745196333322943,0.027084654955227046,0.02745196333322943
52851,0.03899147263938052,0.0593545801086713,0.03899147263938052
52852,0.11169275012984434,0.46633184396793814,0.11169275012984434
52853,0.16606612678743957,0.883141010342428,0.16606612678743957
52854,0.18787551910493758,0.4987633103589622,0.18787551910493758
52855,0.07074313309108633,0.6908337221335074,0.07074313309108633
52856,0.213926395527307,0.3869129118253677,0.213926395527307
52857,0.014419911139009162,0.026600681536067424,0.014419911139009162
52858,0.05965734004296467,0.26368097221288106,0.05965734004296467
52859,0.05933281822016597,0.5317552477199576,0.05933281822016597
52860,0.09595199708375085,0.790303288969138,0.09595199708375085
52861,0.020200937384062194,0.0337347778557133,0.020200937384062194
52862,0.02636994734398476,0.19387518969118556,0.02636994734398476
52863,0.06343205188912271,0.1809907769641398,0.06343205188912271
52864,0.11802695032613995,0.12535133111463595,0.11802695032613995
52865,0.11612700411119889,0.5109645977572527,0.11612700411119889
52866,0.46000334553035016,0.45883918384956446,0.46000334553035016
52867,0.08171735677130594,0.09284591682054968,0.08171735677130594
52868,0.2448605637872938,0.4198725926037084,0.2448605637872938
52869,0.0847102675224669,0.0915152098671242,0.0847102675224669
52870,0.5354070602290076,0.3997104171770369,0.5354070602290076
52871,0.01596040691087526,0.31884695726659673,0.01596040691087526
52872,0.035628865973612554,0.06373440863405437,0.035628865973612554
52873,0.11289753007674294,0.08409744211572269,0.11289753007674294
52874,0.12030558066270934,0.35526824276813523,0.12030558066270934
52875,0.35883373359412063,0.7560718820361776,0.35883373359412063
52876,0.05970063340643287,0.06285232038788531,0.05970063340643287
52877,0.07997555235873373,0.2953823408401412,0.07997555235873373
52878,0.38224539947150493,0.5135081541621671,0.38224539947150493
52879,0.09276218905258711,0.20041628197733835,0.09276218905258711
52880,0.06205335814695517,0.5806784340617296,0.06205335814695517
52881,0.12201134195703069,0.24356780859765687,0.12201134195703069
52882,0.152618179556829,0.11189571022761241,0.152618179556829
52883,0.0431223227723159,0.03639001253266059,0.0431223227723159
52884,0.06636258378098371,0.028121585319266205,0.06636258378098371
52885,0.0410439294735312,0.601732712540713,0.0410439294735312
52886,0.05115220306455313,0.3758072051682843,0.05115220306455313
52887,0.06802738482668293,0.7632989962478806,0.06802738482668293
52888,0.03454878231187137,0.16918287585939182,0.03454878231187137
52889,0.36059625834386866,0.5850150047702679,0.36059625834386866
52890,0.29652701326495523,0.21998693864070645,0.29652701326495523
52891,0.012580643523363232,0.006130814254087313,0.012580643523363232
52892,0.11450138366421908,0.07231420238174228,0.11450138366421908
52893,0.68639665529668,0.5489226255181374,0.68639665529668
52894,0.5114907881416543,0.3579082505779795,0.5114907881416543
52895,0.057983577135430966,0.03616275227286251,0.057983577135430966
52896,0.04813233691414956,0.6540296482955045,0.04813233691414956
52897,0.040499465545649614,0.1627619156369122,0.040499465545649614
52898,0.17278261522561356,0.20571115700850434,0.17278261522561356
52899,0.18633384490205113,0.6185501133905315,0.18633384490205113
52900,0.07298884401611588,0.6767661342719583,0.07298884401611588
52901,0.7942646798525522,0.7379893165869386,0.7942646798525522
52902,0.3308458667532843,0.6877554077730571,0.3308458667532843
52903,0.2199264374129827,0.6558370754811003,0.2199264374129827
52904,0.04647497646451388,0.2003450453520686,0.04647497646451388
52905,0.03782829848212577,0.5701521112050549,0.03782829848212577
52906,0.13513395014439758,0.5187696988922385,0.13513395014439758
52907,0.2416064542504871,0.2808680516994982,0.2416064542504871
52908,0.04130618512113432,0.5105865807959127,0.04130618512113432
52909,0.6798853171146235,0.794412646148182,0.6798853171146235
52910,0.03806760158680189,0.11164245539067037,0.03806760158680189
52911,0.08047354271086095,0.7600224225846253,0.08047354271086095
52912,0.06599833083816001,0.10967388455663836,0.06599833083816001
52913,0.21632949254283107,0.21456558827684996,0.21632949254283107
52914,0.1646467561651211,0.26831654296552304,0.1646467561651211
52915,0.1661628332298776,0.17516411610600116,0.1661628332298776
52916,0.03360101895268319,0.20341512747125867,0.03360101895268319
52917,0.05262575482419156,0.5148299445684015,0.05262575482419156
52918,0.04894246941846044,0.06375983352410766,0.04894246941846044
52919,0.1823379442642064,0.7788051286195073,0.1823379442642064
52920,0.2045863087883685,0.5510424998577267,0.2045863087883685
52921,0.17235711573300827,0.4045290013450659,0.17235711573300827
52922,0.106207453482437,0.22753538191921063,0.106207453482437
52923,0.10124885406412376,0.23436866071874207,0.10124885406412376
52924,0.6244539459337966,0.7820830037340765,0.6244539459337966
52925,0.05267579718901638,0.1933089042784024,0.05267579718901638
52926,0.2904205194467082,0.0744038239108823,0.2904205194467082
52927,0.03464945942916685,0.2111875365236694,0.03464945942916685
52928,0.07388189580474346,0.236830417083257,0.07388189580474346
52929,0.5865822754971878,0.7814389483012707,0.5865822754971878
52930,0.20711941662096314,0.8090110401452181,0.20711941662096314
52931,0.049064547480996645,0.26622558404244556,0.049064547480996645
52932,0.04535956790748066,0.17192209316707335,0.04535956790748066
52933,0.04481148109223222,0.3707210598612223,0.04481148109223222
52934,0.3044507992809336,0.16536971544432594,0.3044507992809336
52935,0.5452429124618164,0.16855243795367034,0.5452429124618164
52936,0.3058080912805979,0.47696853589612365,0.3058080912805979
52937,0.10235938930265878,0.06790419317234081,0.10235938930265878
52938,0.06279321368361981,0.765887448015284,0.06279321368361981
52939,0.03997221570896989,0.17031920201207787,0.03997221570896989
52940,0.10154441313407085,0.8219504029557484,0.10154441313407085
52941,0.06981960139474822,0.22187751974856754,0.06981960139474822
52942,0.07960092244494033,0.051824264395482204,0.07960092244494033
52943,0.7966757367916898,0.4607752879542924,0.7966757367916898
52944,0.06800217587490781,0.5065201774408279,0.06800217587490781
52945,0.03814153543307973,0.07048342867332129,0.03814153543307973
52946,0.43160525425819246,0.3010710029865719,0.43160525425819246
52947,0.0568499962073897,0.34578906208963894,0.0568499962073897
52948,0.15345963802153695,0.7210149370024752,0.15345963802153695
52949,0.008472867553925654,0.8299669473945842,0.008472867553925654
52950,0.3083564323052592,0.819102729033481,0.3083564323052592
52951,0.07596908791520947,0.21893591061723344,0.07596908791520947
52952,0.08271553715482738,0.30896153053823455,0.08271553715482738
52953,0.16401659136741772,0.910311156989699,0.16401659136741772
52954,0.0672794980419273,0.07903369646673583,0.0672794980419273
52955,0.019592929672690402,0.4946859642699056,0.019592929672690402
52956,0.0470705047110246,0.44238380760208373,0.0470705047110246
52957,0.13976090999304214,0.1773351427216495,0.13976090999304214
52958,0.06635190715356275,0.1341418300907688,0.06635190715356275
52959,0.09358717886473679,0.4379331044554594,0.09358717886473679
52960,0.04506941840725148,0.012216082414903509,0.04506941840725148
52961,0.32906352330556843,0.2581596427658148,0.32906352330556843
52962,0.5355874331689964,0.41185061732055456,0.5355874331689964
52963,0.08130306181448682,0.11184822310318597,0.08130306181448682
52964,0.3165925998166643,0.7804599915216653,0.3165925998166643
52965,0.034849215826383895,0.23576990385780028,0.034849215826383895
52966,0.043670383477903744,0.06631222485759226,0.043670383477903744
52967,0.12334116514953981,0.22323022591834304,0.12334116514953981
52968,0.039288079639854034,0.41987159919800904,0.039288079639854034
52969,0.10417043454765758,0.10301952100496833,0.10417043454765758
52970,0.044197104390854634,0.40430330569166006,0.044197104390854634
52971,0.0702521043059701,0.2826842249591359,0.0702521043059701
52972,0.052277938606458,0.24209342882493817,0.052277938606458
52973,0.051114975614548315,0.2945870317946535,0.051114975614548315
52974,0.49708303584827157,0.8553918492988237,0.49708303584827157
52975,0.11689134158849379,0.3200383697265856,0.11689134158849379
52976,0.029826399344921255,0.16245724766738479,0.029826399344921255
52977,0.1661491371036809,0.6880066530813445,0.1661491371036809
52978,0.05318692729574397,0.5573140131178038,0.05318692729574397
52979,0.05524127374393248,0.2612906097957955,0.05524127374393248
52980,0.0486053040884474,0.18645738818753452,0.0486053040884474
52981,0.3327784595087471,0.9323743096448226,0.3327784595087471
52982,0.046586262961810704,0.08499798921111222,0.046586262961810704
52983,0.22465156061423447,0.34657082495695496,0.22465156061423447
52984,0.09099285725435792,0.022046871071166874,0.09099285725435792
52985,0.20472204209753966,0.40906949870276643,0.20472204209753966
52986,0.6453833909778252,0.834061938796628,0.6453833909778252
52987,0.5482417579537311,0.8564934808003786,0.5482417579537311
52988,0.34618875846435754,0.28620777471568387,0.34618875846435754
52989,0.06673768498813759,0.14809531086957542,0.06673768498813759
52990,0.0487747492518669,0.25871226607708925,0.0487747492518669
52991,0.02250581277981238,0.09141065574779975,0.02250581277981238
52992,0.060843264196929814,0.4224769488859478,0.060843264196929814
52993,0.07589919185421408,0.44210598246434907,0.07589919185421408
52994,0.10313448476626855,0.672578506601608,0.10313448476626855
52995,0.06303228950774918,0.18814405755284744,0.06303228950774918
52996,0.017048665223373984,0.29484114810793655,0.017048665223373984
52997,0.07354776691943929,0.25532237577533984,0.07354776691943929
52998,0.07567635231938147,0.6437773580655595,0.07567635231938147
52999,0.45296090132906675,0.15643014069631275,0.45296090132906675
53000,0.17610375617749327,0.08609146855285246,0.17610375617749327
53001,0.041788254829968036,0.0835700164062724,0.041788254829968036
53002,0.09324228901991793,0.5005908014231202,0.09324228901991793
53003,0.08746575875135279,0.33164087871983544,0.08746575875135279
53004,0.06327543120661044,0.1612576231258767,0.06327543120661044
53005,0.023400184855171254,0.27573501662397004,0.023400184855171254
53006,0.04050401932556691,0.32288626137261367,0.04050401932556691
53007,0.1991048773988503,0.42469273017313963,0.1991048773988503
53008,0.0786789867045465,0.21179448073105195,0.0786789867045465
53009,0.058052142498552985,0.08928375495963986,0.058052142498552985
53010,0.12534691764135425,0.33539939482750025,0.12534691764135425
53011,0.029924160781380094,0.7102681138018441,0.029924160781380094
53012,0.1347727863906628,0.32010122328161167,0.1347727863906628
53013,0.12957151975796605,0.7342713720586588,0.12957151975796605
53014,0.031467145124914025,0.2221065926156709,0.031467145124914025
53015,0.06861342059668925,0.554301633145717,0.06861342059668925
53016,0.0487195057401692,0.1497790693710971,0.0487195057401692
53017,0.10609245647289194,0.5022582602643513,0.10609245647289194
53018,0.13746522525888555,0.07298387055367804,0.13746522525888555
53019,0.3457108875090822,0.7104973644596555,0.3457108875090822
53020,0.18553324717592548,0.704640123426647,0.18553324717592548
53021,0.5707953205790445,0.261100148595532,0.5707953205790445
53022,0.05601569618976623,0.32033854376699156,0.05601569618976623
53023,0.03535742050627466,0.5386243904448751,0.03535742050627466
53024,0.6387743400510983,0.8155357491358104,0.6387743400510983
53025,0.05618125765230576,0.9146402341848366,0.05618125765230576
53026,0.04145994312287048,0.11933732946920034,0.04145994312287048
53027,0.005070651009815902,0.033916703986136124,0.005070651009815902
53028,0.06690961961302433,0.4171343613633564,0.06690961961302433
53029,0.05265057339894372,0.2108348750883014,0.05265057339894372
53030,0.23725257716014797,0.1852989093562002,0.23725257716014797
53031,0.07066164890403144,0.2630673571530182,0.07066164890403144
53032,0.03974000532147003,0.5422828400263974,0.03974000532147003
53033,0.020708654186886534,0.10920110724490685,0.020708654186886534
53034,0.05236962658348464,0.048801782546191275,0.05236962658348464
53035,0.03689538864945303,0.2687411721828683,0.03689538864945303
53036,0.20092471089972952,0.07586724635777982,0.20092471089972952
53037,0.13295743637768231,0.31557725984777446,0.13295743637768231
53038,0.10745961262889406,0.466293553680344,0.10745961262889406
53039,0.05737285413763677,0.3835327281710746,0.05737285413763677
53040,0.0499312329316023,0.1576228803942037,0.0499312329316023
53041,0.17733189008506406,0.3008641399512962,0.17733189008506406
53042,0.0683450399292406,0.31776865223154294,0.0683450399292406
53043,0.05312028189317609,0.1219540276822729,0.05312028189317609
53044,0.10322158950334681,0.6393569590216849,0.10322158950334681
53045,0.09273864695740854,0.24321026654436834,0.09273864695740854
53046,0.057103677201195496,0.16853290163051765,0.057103677201195496
53047,0.12378188046411022,0.2100160782196815,0.12378188046411022
53048,0.06699748118204552,0.2018964858381964,0.06699748118204552
53049,0.14683532306245142,0.030378616346262072,0.14683532306245142
53050,0.7575801745744242,0.8051266883103174,0.7575801745744242
53051,0.024188302353644896,0.18819821981173843,0.024188302353644896
53052,0.30643301083863755,0.5331416491709143,0.30643301083863755
53053,0.29192867356708285,0.18215828840592016,0.29192867356708285
53054,0.2970480758757851,0.3147821300770093,0.2970480758757851
53055,0.035499010476454165,0.32605564995098657,0.035499010476454165
53056,0.06589663912093785,0.04311606252518613,0.06589663912093785
53057,0.07410853784650395,0.4167997775963932,0.07410853784650395
53058,0.01093727737089014,0.12738562094865963,0.01093727737089014
53059,0.4418755746945138,0.3363964617978026,0.4418755746945138
53060,0.03780307470531554,0.3461736493547365,0.03780307470531554
53061,0.9162980900509234,0.9719051785726162,0.9162980900509234
53062,0.16257624655963684,0.7735316941745166,0.16257624655963684
53063,0.1775492893008863,0.1814548293960151,0.1775492893008863
53064,0.036417029564011515,0.38162388522451934,0.036417029564011515
53065,0.7333500224636572,0.9278837831016549,0.7333500224636572
53066,0.01536251479108563,0.05694650072058063,0.01536251479108563
53067,0.15996184191996948,0.18175721712444873,0.15996184191996948
53068,0.013714600820217075,0.1524569224844157,0.013714600820217075
53069,0.1632411496952415,0.3340663443728089,0.1632411496952415
53070,0.06854434616702254,0.0831872939788062,0.06854434616702254
53071,0.049253393435776255,0.5999342077960456,0.049253393435776255
53072,0.053057317100651355,0.766967949257233,0.053057317100651355
53073,0.026845705533550007,0.04052859564695786,0.026845705533550007
53074,0.040625092718532894,0.28477480801559024,0.040625092718532894
53075,0.06225875924715725,0.13018942775169423,0.06225875924715725
53076,0.017623385167612908,0.010697529274883317,0.017623385167612908
53077,0.158900297855352,0.7081119100200081,0.158900297855352
53078,0.05515220640584196,0.02413047736757351,0.05515220640584196
53079,0.09290571285685682,0.2865703022636998,0.09290571285685682
53080,0.06663375776605172,0.4263814064854106,0.06663375776605172
53081,0.08963936545034937,0.16025128401767483,0.08963936545034937
53082,0.053353549548431405,0.031993042601413335,0.053353549548431405
53083,0.550612201724006,0.3146094650012862,0.550612201724006
53084,0.0894041898851619,0.7873303841029284,0.0894041898851619
53085,0.810857985285131,0.7670135010075677,0.810857985285131
53086,0.04040547906047643,0.6106891497161541,0.04040547906047643
53087,0.16642578139679504,0.31847498522530315,0.16642578139679504
53088,0.12450861056645225,0.49784673084490916,0.12450861056645225
53089,0.14033578419866194,0.10754287972711056,0.14033578419866194
53090,0.03158490860020182,0.12768059461281667,0.03158490860020182
53091,0.6031707501544009,0.3708425509360911,0.6031707501544009
53092,0.04037376714330464,0.054497099508311775,0.04037376714330464
53093,0.31263573843992903,0.15672429594132098,0.31263573843992903
53094,0.6896627554334626,0.9354820350844469,0.6896627554334626
53095,0.04799202507008504,0.8192425124928785,0.04799202507008504
53096,0.2674429320000144,0.8261200932405484,0.2674429320000144
53097,0.4109010626665768,0.7654371586017246,0.4109010626665768
53098,0.07773433910122876,0.060993025924153545,0.07773433910122876
53099,0.13107927230981042,0.0306521869898494,0.13107927230981042
53100,0.16387406682031375,0.5977914486888471,0.16387406682031375
53101,0.3380728223449592,0.5220131309792733,0.3380728223449592
53102,0.497125068927841,0.7594319099997154,0.497125068927841
53103,0.180581036342144,0.3549667062359228,0.180581036342144
53104,0.2512109764856556,0.09270628684874842,0.2512109764856556
53105,0.06245635168110795,0.24045367094884165,0.06245635168110795
53106,0.028271955806888467,0.09612127951487906,0.028271955806888467
53107,0.06479314985019523,0.08647010610578565,0.06479314985019523
53108,0.016890058274602233,0.008858547858741262,0.016890058274602233
53109,0.03909752594884581,0.08006570832371285,0.03909752594884581
53110,0.43736964865630973,0.7060654870997178,0.43736964865630973
53111,0.4759691919817361,0.3975081021164492,0.4759691919817361
53112,0.03874889873629485,0.11217076174576802,0.03874889873629485
53113,0.05820404846658458,0.5891589449537222,0.05820404846658458
53114,0.031794507216110074,0.37357248438801466,0.031794507216110074
53115,0.005568879275133705,0.009579195214111812,0.005568879275133705
53116,0.08114105433845806,0.13011587900937918,0.08114105433845806
53117,0.12319675653244293,0.3609406037479945,0.12319675653244293
53118,0.07243697959887749,0.49356570672645267,0.07243697959887749
53119,0.142620502891846,0.1992961325403371,0.142620502891846
53120,0.08736130785756945,0.6805934649184782,0.08736130785756945
53121,0.1634545726185198,0.11205131935586253,0.1634545726185198
53122,0.026419801692934435,0.19673195899646773,0.026419801692934435
53123,0.3052446537979445,0.11413732021966609,0.3052446537979445
53124,0.10754518341725695,0.053156169271400315,0.10754518341725695
53125,0.4001983685110023,0.596477763544839,0.4001983685110023
53126,0.017530485384309947,0.011018124697565804,0.017530485384309947
53127,0.04113036239208828,0.21351887238652742,0.04113036239208828
53128,0.23509741686018504,0.3899238695884238,0.23509741686018504
53129,0.10886813152283759,0.12601941310200152,0.10886813152283759
53130,0.08112976987474835,0.09680560316278673,0.08112976987474835
53131,0.28600806262340583,0.35958686074049667,0.28600806262340583
53132,0.007136857457406455,0.028417750063521402,0.007136857457406455
53133,0.13258569517219676,0.532931600495677,0.13258569517219676
53134,0.33790506520353497,0.8014123143749192,0.33790506520353497
53135,0.36674794925047904,0.27304384777599483,0.36674794925047904
53136,0.05603425166319226,0.19966083459043096,0.05603425166319226
53137,0.025463743586661685,0.6631777009236737,0.025463743586661685
53138,0.24118568362131618,0.3421662453108092,0.24118568362131618
53139,0.07453329723288342,0.36746780192784045,0.07453329723288342
53140,0.08931766583977026,0.19017643530764128,0.08931766583977026
53141,0.04272374098307274,0.08223289607318106,0.04272374098307274
53142,0.02125453967329096,0.04307757164519482,0.02125453967329096
53143,0.025807502383622095,0.1395420540768376,0.025807502383622095
53144,0.6812540911461755,0.594344380776752,0.6812540911461755
53145,0.07317916677812726,0.22776527269532676,0.07317916677812726
53146,0.4834832194204377,0.6269840888093949,0.4834832194204377
53147,0.05117366367942936,0.07215529735503996,0.05117366367942936
53148,0.08464401765706583,0.719219946640768,0.08464401765706583
53149,0.08343502488959553,0.1407559879818962,0.08343502488959553
53150,0.05480801353661294,0.5209597263755493,0.05480801353661294
53151,0.2513341550872664,0.6466103921197053,0.2513341550872664
53152,0.04527876377783963,0.5557829077207043,0.04527876377783963
53153,0.06951703511878038,0.1676328705277323,0.06951703511878038
53154,0.09615424439689761,0.20729025176785437,0.09615424439689761
53155,0.0691523276145366,0.17378078414625706,0.0691523276145366
53156,0.4236780053331532,0.2859431715471355,0.4236780053331532
53157,0.26906901052007415,0.10972363008585931,0.26906901052007415
53158,0.08361796412896484,0.1798291553693143,0.08361796412896484
53159,0.10284833413778822,0.5321666657094841,0.10284833413778822
53160,0.05136796887416015,0.25787254572394464,0.05136796887416015
53161,0.07386082243820392,0.725312884891901,0.07386082243820392
53162,0.1036579085721629,0.2058467141845337,0.1036579085721629
53163,0.2324025282007754,0.6556550953270646,0.2324025282007754
53164,0.08876250584541047,0.18067413559471662,0.08876250584541047
53165,0.015830853519328718,0.33593062582295796,0.015830853519328718
53166,0.07558867495096235,0.24752385240029143,0.07558867495096235
53167,0.10930526817932956,0.1653449485929171,0.10930526817932956
53168,0.46878497213745024,0.8151013539060925,0.46878497213745024
53169,0.03778082358705489,0.06686107191751837,0.03778082358705489
53170,0.04022739665583152,0.5279444385593662,0.04022739665583152
53171,0.16276300652876827,0.2970338720558648,0.16276300652876827
53172,0.21267006397512128,0.788325049510466,0.21267006397512128
53173,0.10215866597310674,0.19940894315019592,0.10215866597310674
53174,0.04768139299678238,0.7456509764953242,0.04768139299678238
53175,0.3454105033490906,0.5120216201079669,0.3454105033490906
53176,0.12446200664163758,0.2985607358788248,0.12446200664163758
53177,0.0551247229071136,0.8215930578278868,0.0551247229071136
53178,0.10160324627075148,0.20874590877102758,0.10160324627075148
53179,0.03087396694119119,0.15590645023648245,0.03087396694119119
53180,0.10765134109944345,0.24931766516706239,0.10765134109944345
53181,0.09374142927359715,0.35629205988501367,0.09374142927359715
53182,0.271284933742413,0.6426083081572184,0.271284933742413
53183,0.2982148635284575,0.6986330021314198,0.2982148635284575
53184,0.10481249187837123,0.39929065764764254,0.10481249187837123
53185,0.03325987044584363,0.03458545093246787,0.03325987044584363
53186,0.04593774291686098,0.07574977254719296,0.04593774291686098
53187,0.03818675828997525,0.3880255014612016,0.03818675828997525
53188,0.3756808693629935,0.7045440591660157,0.3756808693629935
53189,0.2243480341777517,0.030795030624144924,0.2243480341777517
53190,0.021273280023763618,0.28962089512400885,0.021273280023763618
53191,0.13681414214278556,0.810888379733415,0.13681414214278556
53192,0.1988873634833008,0.5417768501239552,0.1988873634833008
53193,0.11406436181726097,0.49308231970661354,0.11406436181726097
53194,0.006392359881627949,0.2844416215504269,0.006392359881627949
53195,0.19809088109603287,0.2860436600587619,0.19809088109603287
53196,0.04194626575135264,0.28694056331613205,0.04194626575135264
53197,0.8092432208820162,0.9229961371570126,0.8092432208820162
53198,0.1255330350106411,0.34991901602263414,0.1255330350106411
53199,0.05588120796097201,0.3479884114684278,0.05588120796097201
53200,0.5217846936435118,0.7374569037160572,0.5217846936435118
53201,0.08568547473734878,0.4069706152139128,0.08568547473734878
53202,0.07817321996422771,0.34442213119902004,0.07817321996422771
53203,0.2994126184498786,0.05150415085562488,0.2994126184498786
53204,0.005578836520359197,0.024703112963979635,0.005578836520359197
53205,0.049952670617876595,0.4488453095542989,0.049952670617876595
53206,0.07658739706371627,0.5385167664377092,0.07658739706371627
53207,0.21401511656839214,0.15147977762839698,0.21401511656839214
53208,0.2912779481007882,0.7734859342174243,0.2912779481007882
53209,0.08246647964114928,0.1437048994422036,0.08246647964114928
53210,0.5864765923265731,0.1826705605151653,0.5864765923265731
53211,0.0679623172632058,0.343590614175857,0.0679623172632058
53212,0.10151135511918973,0.43111041710276327,0.10151135511918973
53213,0.05099401381191819,0.5580850101195813,0.05099401381191819
53214,0.06092532616545624,0.1444291715472062,0.06092532616545624
53215,0.09936619240366257,0.4278670692209538,0.09936619240366257
53216,0.05560642893423293,0.2817862461093153,0.05560642893423293
53217,0.25676027081682096,0.8741446233788249,0.25676027081682096
53218,0.10800201707117217,0.7395340769690234,0.10800201707117217
53219,0.16952772319450668,0.339834130574284,0.16952772319450668
53220,0.05766646898983239,0.14765247762486708,0.05766646898983239
53221,0.0327958029867074,0.177744256191938,0.0327958029867074
53222,0.4202058616674542,0.6387433488226713,0.4202058616674542
53223,0.0471269591665438,0.20837103233421625,0.0471269591665438
53224,0.044345734798527756,0.13835917547241608,0.044345734798527756
53225,0.06164022615822667,0.05439004351970466,0.06164022615822667
53226,0.26005788285013565,0.3336960381243902,0.26005788285013565
53227,0.04994680041435631,0.276172624565323,0.04994680041435631
53228,0.07013710378098847,0.7995248490637399,0.07013710378098847
53229,0.06878820637789905,0.4218623833345776,0.06878820637789905
53230,0.11398288800617361,0.33661590444534684,0.11398288800617361
53231,0.03804789057934496,0.2984987225941783,0.03804789057934496
53232,0.08068218608720941,0.012241782178414887,0.08068218608720941
53233,0.042396561160777196,0.2163353232688008,0.042396561160777196
53234,0.04955252652612311,0.4403561603536377,0.04955252652612311
53235,0.36850401075948336,0.624335918263753,0.36850401075948336
53236,0.03440831409494177,0.6522694554962296,0.03440831409494177
53237,0.29557731326356945,0.2464864901526282,0.29557731326356945
53238,0.0646932387831182,0.19096936389239524,0.0646932387831182
53239,0.038555471825664336,0.265957005869508,0.038555471825664336
53240,0.007603468736532734,0.013309615700634157,0.007603468736532734
53241,0.4031970752231679,0.6722454968390436,0.4031970752231679
53242,0.03689991471226934,0.6253645455015385,0.03689991471226934
53243,0.08137634361069336,0.06496899788966132,0.08137634361069336
53244,0.07459696905960451,0.38785543466518646,0.07459696905960451
53245,0.013248169742635967,0.7756941956870933,0.013248169742635967
53246,0.21056238153224674,0.5253610309979679,0.21056238153224674
53247,0.6117021919278735,0.6408213528069353,0.6117021919278735
53248,0.008832864068946168,0.1251795546792882,0.008832864068946168
53249,0.1144861074260715,0.29068657622254995,0.1144861074260715
53250,0.5377938905448472,0.10453492657254436,0.5377938905448472
53251,0.07517020440401469,0.27151446164121096,0.07517020440401469
53252,0.11010820800904904,0.35099295209610853,0.11010820800904904
53253,0.04016807738097688,0.5429337465328221,0.04016807738097688
53254,0.11212515597819421,0.14906931546116656,0.11212515597819421
53255,0.048009208183503946,0.17117713091125478,0.048009208183503946
53256,0.07809166239820321,0.45195712842375074,0.07809166239820321
53257,0.10754619734316326,0.36587653506484247,0.10754619734316326
53258,0.04066174240516529,0.05563936709886739,0.04066174240516529
53259,0.05811472842387511,0.1544736754102352,0.05811472842387511
53260,0.014335099412944535,0.3069947422300741,0.014335099412944535
53261,0.03732453362623372,0.16348282912302375,0.03732453362623372
53262,0.1860355689823351,0.22059313672885852,0.1860355689823351
53263,0.08223547739636766,0.22509029458965,0.08223547739636766
53264,0.10253080399695423,0.009484283077734908,0.10253080399695423
53265,0.16011630795696574,0.07960351887862963,0.16011630795696574
53266,0.038461127749609206,0.07922601891860616,0.038461127749609206
53267,0.057647565273042586,0.3480806780578627,0.057647565273042586
53268,0.5995886906222841,0.48225769827870835,0.5995886906222841
53269,0.2245456607502172,0.670834612072118,0.2245456607502172
53270,0.06292208563691076,0.5023560943973685,0.06292208563691076
53271,0.03936934920951293,0.11264743442424151,0.03936934920951293
53272,0.05904176463848513,0.1060164432000359,0.05904176463848513
53273,0.4471805812792527,0.6355817804377917,0.4471805812792527
53274,0.053974729090109815,0.3157753262946414,0.053974729090109815
53275,0.014869058909469468,0.0658678569268192,0.014869058909469468
53276,0.05938561624125893,0.263408556160165,0.05938561624125893
53277,0.0984010653846445,0.11074975818386568,0.0984010653846445
53278,0.07224657926831812,0.021768788305084965,0.07224657926831812
53279,0.15418643798333767,0.4781853732647317,0.15418643798333767
53280,0.057121373096121586,0.5101699679294208,0.057121373096121586
53281,0.04687180817864437,0.1987059070931832,0.04687180817864437
53282,0.04037671908998925,0.27465158594871436,0.04037671908998925
53283,0.04476579643924386,0.038214519617834494,0.04476579643924386
53284,0.041870744012817304,0.27071760169002845,0.041870744012817304
53285,0.07213460508366289,0.14322643925958728,0.07213460508366289
53286,0.2621653775613467,0.15913868376080856,0.2621653775613467
53287,0.0438954777684227,0.4004957959946418,0.0438954777684227
53288,0.029205849031815636,0.14341198537145838,0.029205849031815636
53289,0.04092871091488952,0.6591378423346433,0.04092871091488952
53290,0.08324631456086085,0.703157622851748,0.08324631456086085
53291,0.06094754972539248,0.16639267032137797,0.06094754972539248
53292,0.20135049113505796,0.4137344608738442,0.20135049113505796
53293,0.23063872323070478,0.3337846060852909,0.23063872323070478
53294,0.12541887046314903,0.3397392542479122,0.12541887046314903
53295,0.13765746625168548,0.2594413054883846,0.13765746625168548
53296,0.01553036354139817,0.03817467245960783,0.01553036354139817
53297,0.04215410088068069,0.04583993409607763,0.04215410088068069
53298,0.13035904440588636,0.5379135976643248,0.13035904440588636
53299,0.043231515687734826,0.05171098500530964,0.043231515687734826
53300,0.25286037184016774,0.898996547989193,0.25286037184016774
53301,0.08270249763416948,0.22045445280645556,0.08270249763416948
53302,0.11191249805893516,0.14934840485308057,0.11191249805893516
53303,0.022946372059905726,0.17617261330308687,0.022946372059905726
53304,0.44700256059443044,0.6261467329237053,0.44700256059443044
53305,0.2464724333211689,0.09516189474692667,0.2464724333211689
53306,0.10021134991100748,0.2937090219981403,0.10021134991100748
53307,0.36754162663231643,0.6832383226661579,0.36754162663231643
53308,0.7158589387885967,0.5933838868098502,0.7158589387885967
53309,0.017452918051113098,0.008182006445703466,0.017452918051113098
53310,0.10392060855214952,0.41517347690411627,0.10392060855214952
53311,0.027873477012663423,0.04938074927982874,0.027873477012663423
53312,0.1555728347523256,0.29532932122946515,0.1555728347523256
53313,0.3313642198288473,0.5048206074647152,0.3313642198288473
53314,0.2500515969501126,0.7681873162863913,0.2500515969501126
53315,0.1305152940291348,0.02465153770696716,0.1305152940291348
53316,0.26683098857523196,0.5556002565225238,0.26683098857523196
53317,0.03390750894948706,0.2161088033825016,0.03390750894948706
53318,0.014619630520230065,0.1740149370398171,0.014619630520230065
53319,0.21288731882390471,0.22219147347121374,0.21288731882390471
53320,0.5960877778003831,0.45102412621371496,0.5960877778003831
53321,0.04958472728685804,0.1046625023179576,0.04958472728685804
53322,0.02810696634543616,0.20211990658868756,0.02810696634543616
53323,0.04191341343984036,0.08120506301617009,0.04191341343984036
53324,0.11433169188650687,0.25045030937436696,0.11433169188650687
53325,0.03736783321437122,0.08995913274139289,0.03736783321437122
53326,0.04131035257122174,0.08097885743616581,0.04131035257122174
53327,0.031354439139235364,0.21338007470711348,0.031354439139235364
53328,0.0470797255013879,0.2562159588609429,0.0470797255013879
53329,0.19808611542102736,0.22408327821431326,0.19808611542102736
53330,0.274760270639617,0.48208794084923734,0.274760270639617
53331,0.6051213371604022,0.7449460732912517,0.6051213371604022
53332,0.42042596829941253,0.11000656727516823,0.42042596829941253
53333,0.02001533306833588,0.10824914898203135,0.02001533306833588
53334,0.08905045223161585,0.26591716630211415,0.08905045223161585
53335,0.11814935302234751,0.497619705223544,0.11814935302234751
53336,0.05441000566253743,0.8871147861486116,0.05441000566253743
53337,0.009256510606253866,0.02739827009092189,0.009256510606253866
53338,0.49974495875701275,0.33450291020441375,0.49974495875701275
53339,0.3651081195286721,0.7042200428035853,0.3651081195286721
53340,0.43204599841709956,0.32494567689907516,0.43204599841709956
53341,0.1847398890670811,0.37137051140663324,0.1847398890670811
53342,0.056646994269121564,0.3596375090250614,0.056646994269121564
53343,0.016504238132107493,0.09692489285884881,0.016504238132107493
53344,0.01812255561509426,0.3025058624007183,0.01812255561509426
53345,0.09029058252452045,0.15338275648734645,0.09029058252452045
53346,0.036447917320009966,0.32247457321959744,0.036447917320009966
53347,0.07179599480687979,0.16224239932728246,0.07179599480687979
53348,0.27447647646635903,0.7161495549664201,0.27447647646635903
53349,0.05306058508449596,0.38288633772733743,0.05306058508449596
53350,0.06495241401233313,0.14998128471279268,0.06495241401233313
53351,0.046142760942506765,0.10705879039762711,0.046142760942506765
53352,0.09268770238212022,0.1937465608294567,0.09268770238212022
53353,0.07527561032701022,0.281866390719685,0.07527561032701022
53354,0.08308654154289179,0.3656086320252634,0.08308654154289179
53355,0.06743857435072498,0.13796818293231047,0.06743857435072498
53356,0.17184462721689117,0.5239660229200229,0.17184462721689117
53357,0.04368170318314448,0.05277455942680032,0.04368170318314448
53358,0.019150804519187978,0.058398504557796556,0.019150804519187978
53359,0.02948851618388655,0.19164482068340372,0.02948851618388655
53360,0.05889056681314196,0.40315636530895593,0.05889056681314196
53361,0.02246249245044265,0.04380994980386142,0.02246249245044265
53362,0.42266230479473055,0.6297716910883584,0.42266230479473055
53363,0.260743557555008,0.22077583034160847,0.260743557555008
53364,0.07886806212452341,0.7197663951364128,0.07886806212452341
53365,0.06542542691796008,0.6953254455450275,0.06542542691796008
53366,0.02752662784366506,0.07849846497414978,0.02752662784366506
53367,0.14869658964968607,0.6312317744947356,0.14869658964968607
53368,0.575866176944836,0.4573605326463452,0.575866176944836
53369,0.03199740206806542,0.5103919662891483,0.03199740206806542
53370,0.03039606456474595,0.27203048729349566,0.03039606456474595
53371,0.07367697427656984,0.16853938323023296,0.07367697427656984
53372,0.07548017252406027,0.6889904380823155,0.07548017252406027
53373,0.03729944898416529,0.17921702983258483,0.03729944898416529
53374,0.07116192555329443,0.22078543180549426,0.07116192555329443
53375,0.026749560299484568,0.24911066325708678,0.026749560299484568
53376,0.03063357284345632,0.2047135792268487,0.03063357284345632
53377,0.12879499974855738,0.3757028701624886,0.12879499974855738
53378,0.19185073905817568,0.40973222428358924,0.19185073905817568
53379,0.026898912055438113,0.06135301062287403,0.026898912055438113
53380,0.3428765185218056,0.4948914090488226,0.3428765185218056
53381,0.3288077960583484,0.9398786761935126,0.3288077960583484
53382,0.09490162302518519,0.1360329748988025,0.09490162302518519
53383,0.04506560881302671,0.5562372272337739,0.04506560881302671
53384,0.16420822083869513,0.09265145219373132,0.16420822083869513
53385,0.6077948467725748,0.8477422622908368,0.6077948467725748
53386,0.63892030922538,0.39224954484909536,0.63892030922538
53387,0.02732416595486658,0.17583742009279332,0.02732416595486658
53388,0.018343799608853482,0.09366076805330284,0.018343799608853482
53389,0.7889649370309852,0.7857866853393161,0.7889649370309852
53390,0.06765458328028964,0.4439021153845453,0.06765458328028964
53391,0.3460526324140953,0.7444450293329815,0.3460526324140953
53392,0.08857416061367654,0.34025445038427826,0.08857416061367654
53393,0.05333917552047128,0.3385440807998604,0.05333917552047128
53394,0.5458973769566582,0.45590062788500635,0.5458973769566582
53395,0.0462939897539283,0.24783821557034305,0.0462939897539283
53396,0.2789916060141188,0.24079123548377498,0.2789916060141188
53397,0.3193341532300794,0.6188925356552331,0.3193341532300794
53398,0.12922480425968821,0.5252402846795832,0.12922480425968821
53399,0.42392555353700906,0.1600930226288333,0.42392555353700906
53400,0.2907555575370138,0.321040269036806,0.2907555575370138
53401,0.11558398391095086,0.7647169333704423,0.11558398391095086
53402,0.03176998204371285,0.2856874187392377,0.03176998204371285
53403,0.07757525687078047,0.27145663162308264,0.07757525687078047
53404,0.15842559409828322,0.9150462116266758,0.15842559409828322
53405,0.13449430737484924,0.8411053525879141,0.13449430737484924
53406,0.1171380320630204,0.3846293699427763,0.1171380320630204
53407,0.05917785495885102,0.200716626791455,0.05917785495885102
53408,0.057186160678242275,0.046216850324228356,0.057186160678242275
53409,0.016741599543263683,0.07260413270552901,0.016741599543263683
53410,0.3179890821895806,0.31828746148144293,0.3179890821895806
53411,0.01651693562507359,0.10244206942759657,0.01651693562507359
53412,0.11355253849271026,0.2677454281270976,0.11355253849271026
53413,0.04621152764172874,0.38808466353282456,0.04621152764172874
53414,0.1310109036353547,0.39721597643608675,0.1310109036353547
